
0.07096785125248925,0.0472608154319166,0.2394220712433429,0.20378837507899203,0.2798324889841012,0.1587283980091581,
0.16821469329644323,0.16843627475094713,0.1659354212421941,0.16930715154222176,0.16131813814397022,0.16678832102421176,
2.2655367605239413E-4,0.054551924606448005,4.786945516173091E-5,0.9447306517453502,2.04882762165017E-4,2.3811775482322845E-4,
2.186488173556767E-9,0.10050387299861223,3.805391224686959E-9,0.899496113746066,3.1219822676719403E-9,4.141458037998759E-9,
1.0171420663819E-6,0.2486317688109465,4.152221942708264E-7,0.7513655596245766,8.014026527399073E-7,4.377975628711827E-7,
1.0880811416825746E-7,0.2846671391465908,8.017948553906972E-8,0.71533246437643,1.1501920957168163E-7,9.247016960313934E-8,
2.540991714164934E-6,0.2825775578389791,2.5101155205420565E-6,0.7174144686518467,1.8426383563061446E-6,1.0797635825721467E-6,
1.5517067089129503E-8,0.07413520866204384,8.545396249712697E-9,0.9258647532646757,7.732370283107546E-9,6.278445907637514E-9,
1.9771719763383728E-9,0.19625004829513448,5.217488952964216E-9,0.8037499408189114,1.4348334172136028E-9,2.256458259032312E-9,
1.6475416071971519E-9,0.05738808619659708,1.7591953007889E-9,0.9426119093321569,6.461278897494755E-10,4.1837988716631154E-10,
1.7556781423413522E-8,0.3333236879144837,1.9880785781780608E-8,0.6666762500020277,5.293687940570863E-9,1.9352233081474552E-8,
3.712048025124732E-8,0.1295208159212432,3.169077827698114E-8,0.8704790761306342,1.544983859156693E-8,2.368702360413333E-8,
5.5345978008632256E-11,0.15896177290878197,9.981643322933184E-11,0.841038226801173,6.260441933836625E-11,7.227691685142857E-11,
6.230369728616026E-7,0.05855712497556884,7.518044528904412E-7,0.9414401948594127,5.136924563870577E-7,7.916311374522916E-7,
3.2318649283017085E-7,0.0220170529016032,6.302129982715996E-7,0.9779812264556974,3.515432769691558E-7,4.156999324831518E-7,
7.170429390105613E-6,0.021484644703303562,2.2657797009659187E-6,0.9784945744774659,9.439734582955783E-6,1.904875555583342E-6,
1.4895242717467675E-9,0.06561746047297634,1.7871883605536273E-9,0.9343825344696979,7.938400529350184E-10,9.867707711899498E-10,
3.1349024538393755E-8,0.11628397268581835,4.289691266849183E-8,0.8837158869500049,2.4740930343378502E-8,4.1377308640804426E-8,
1.873614511944982E-9,0.3315517225598912,1.6060552092839092E-9,0.6684482690806206,2.4974388089102763E-9,2.3823798325885977E-9,
1.6691363451940804E-12,0.15875972739416294,5.192967366354608E-12,0.8412402725934511,2.8129874236350173E-12,2.7093651864087333E-12,
5.820813565758828E-9,0.032027737184951645,4.3634017409866E-9,0.9679722479295064,2.356215145871051E-9,2.3451085036726955E-9,
4.2259825705613607E-8,0.19259675453527678,1.4002293455525313E-7,0.8074028861962286,5.130863013456615E-8,1.256771046596621E-7,
3.2510978056489585E-9,0.18514117490473686,7.974923435330852E-9,0.814858808550875,2.0570876268102335E-9,3.261278352617565E-9,
1.2103578071199096E-9,0.23106960019186826,1.2044591661198385E-9,0.7689303961914238,2.8569200729310773E-10,9.16200318859847E-10,
3.413534331064824E-13,0.19514312094170727,9.799662536369887E-13,0.8048568790559493,4.816981693320409E-13,5.407864657449338E-13,
1.4986184760405468E-11,0.14252602035296785,1.3820276586870716E-11,0.8574739795824673,1.8625214520219087E-11,1.713203575713704E-11,
1.2925952496052072E-10,0.3704060756894957,8.134022997593132E-11,0.6295939239141638,1.0053752763014524E-10,8.520229067532224E-11,
1.6529508297968977E-12,0.08037322221192965,6.969543854908192E-13,0.9196267777841292,7.067697359849085E-13,8.837841520826351E-13,
3.080036910517117E-8,0.06556228942856951,7.710227549027734E-8,0.9344375056254108,1.7587658047299033E-8,7.945571794883572E-8,
4.108076685532483E-10,0.26254048214091863,3.4749612784459027E-10,0.7374595166310811,2.9306692305470623E-10,1.766295169278303E-10,
4.7016930143226465E-12,0.03556702135395951,1.2911012000358298E-11,0.9644329786099192,1.0661601773318775E-11,7.847337360216278E-12,
8.679469830399744E-12,0.04744481365863224,4.357952184120638E-12,0.9525551863216373,4.969474144946028E-12,1.7221107510176572E-12,
5.454172193205349E-16,0.05745241451894373,5.273754794379665E-16,0.9425475854810542,8.518789582104967E-17,3.368600289348654E-16,
1.1621614691474953E-13,0.35124071005575247,1.519810732236292E-13,0.648759289943766,1.0242348349476183E-13,1.1027327906489311E-13,
2.8191174642229704E-14,0.2595060014168828,1.5366688786427495E-14,0.7404939985830051,4.368916073256233E-14,2.500557234720666E-14,
5.8393473042246864E-15,0.22269816550702054,2.7495373558987383E-14,0.7773018344929051,2.275428718201121E-14,1.696431132202297E-14,
1.2590269864250712E-13,0.061905890196176566,1.0683459081790886E-12,0.938094109801528,8.227453507851426E-13,2.78287576031397E-13,
1.8130720947148047E-17,0.30310366006399553,2.363754632977472E-17,0.6968963399360032,6.336278104502404E-18,1.6552921138699818E-17,
2.467358633182257E-15,0.2663339396423572,3.3890493190265317E-15,0.7336660603576365,2.220311962716525E-15,1.3690457671685134E-15,
9.210410121286987E-11,0.23681464582541376,1.92826394629203E-10,0.7631853537240674,9.767285319657303E-11,6.79129100065159E-11,
5.572391750351009E-16,0.009384775312458737,3.660904398749271E-16,0.9906152246875376,4.138628040594385E-16,2.0195956523303694E-16,
2.7493910302231866E-15,0.023045146368013237,7.549777503353726E-15,0.9769548536319708,5.844257498313281E-15,2.4513726181184947E-15,
3.5303835988028233E-16,0.24740766285612126,3.367186192814701E-16,0.7525923371438741,4.0902626299224333E-16,1.8158441534673363E-16,
2.0322256616202513E-8,0.330729551575596,1.6428870241483577E-8,0.6692703774212577,1.7000527530753084E-8,1.7251490957453116E-8,
6.324100309920051E-10,0.17487659621801702,7.344347732571807E-10,0.8251234015716205,5.814806798886724E-10,2.620356610395083E-10,
5.524206105517603E-12,0.2517145285515196,1.052542966560405E-11,0.7482854714234058,4.881012787940843E-12,4.142182286624276E-12,
6.179816026396358E-16,0.11831910217328996,6.783788668520179E-16,0.8816808978267083,8.307912768985431E-16,4.001353990680429E-16,
9.947332435101095E-16,0.18513198232484113,3.957636183683362E-16,0.814868017675159,3.435247421602189E-16,4.625960168288018E-16,
1.2375502840113156E-8,0.11368086497236894,5.308680339731131E-9,0.8863191066142597,2.701830133274083E-9,8.027356989679331E-9,
8.894032178182397E-13,0.09479289246179261,1.5629111609446356E-12,0.9052071075348836,5.101407952567746E-13,3.621862351525175E-13,
1.2133009926277466E-17,0.025105448111890562,4.7507063043424214E-17,0.9748945518881108,2.1815667558912588E-17,5.3626148972555015E-17,
2.4108905794537376E-13,0.08944929561976875,4.423712765746102E-13,0.9105507043792936,1.568523483228264E-13,9.586509221197586E-14,
8.632630542650429E-15,0.08068948749340239,1.285743927451685E-14,0.9193105125065384,1.358828416355748E-14,2.5083029757608078E-14,
5.927279708436524E-14,0.0036186833991203155,5.75227987749179E-14,0.9963813166007156,6.4386623400656324E-15,3.905173936555806E-14,
5.553082083241745E-13,0.3142423038080003,4.019105795715425E-13,0.6857576961901403,4.1807723763945636E-13,4.832818797150059E-13,
4.2396724747036863E-16,0.20107801272593365,6.005246449996805E-16,0.7989219872740676,4.246035260133164E-16,8.133917160052451E-16,
3.8161049447403253E-16,0.08834626689442754,5.155741340814109E-16,0.9116537331055672,2.2000050735331085E-16,4.39753464830909E-16,
9.288679577522348E-18,0.33063609447769693,4.4976157505978066E-18,0.6693639055223062,1.0913507045723339E-17,8.284014831350192E-18,
5.3358237457692394E-17,0.18825247646907378,3.8954231889654785E-17,0.811747523530923,6.737449007267669E-17,4.223330960832084E-17,
5.063269680731814E-13,0.16405074747900852,1.24488963353761E-12,0.8359492525175299,1.21418326072364E-12,4.988551360745639E-13,
7.844426861477104E-16,0.3419858069046016,6.731189383217635E-16,0.6580141930953982,1.058581041987853E-15,7.389552131914074E-16,
5.275686952314598E-19,0.2967850591302852,4.365996020190845E-19,0.7032149408697138,4.217897248941352E-19,2.4839442214099164E-19,
1.3097496432651712E-10,0.17899257242431452,2.451743633586934E-10,0.8210074269063897,1.013700163299475E-10,1.9177891163175207E-10,
1.9209431134159792E-11,0.19176380734332327,2.17595162949032E-11,0.8082361925946329,9.21440925388367E-12,1.1860659835195725E-11,
9.82719105030296E-12,0.07191405001820833,3.477155470363886E-11,0.9280859499140449,1.236178586871743E-11,1.0787022311326268E-11,
1.7047206456168571E-13,0.15275895663164718,6.156270479927745E-14,0.8472410433679077,1.0568354776860639E-13,1.0796240859337774E-13,
3.0482596087547694E-14,0.02333715978446025,1.230744122875676E-13,0.9766628402152645,6.973524529702128E-14,5.182062732055942E-14,
2.197135305815663E-17,0.2736780338724527,3.682192466976254E-17,0.7263219661275455,8.494149149718687E-18,2.6215057563045847E-17,
3.9146991341758994E-14,0.13444098515075678,4.555718673544876E-14,0.8655590148490783,1.9693689522428067E-14,6.155933995584894E-14,
1.8426147098402885E-15,0.08060280039779766,7.947701034215815E-15,0.9193971996021769,4.165602518399296E-15,8.364575437966492E-15,
8.416896612628601E-16,0.2038387935290887,7.38286909982973E-16,0.7961612064709056,6.677183255466943E-16,5.687887028427632E-16,
1.2722707656682661E-18,0.03216791549224545,1.0966341185557606E-17,0.9678320845077554,2.582887115767322E-18,6.1106046851873075E-18,
9.978416582427632E-16,0.013781923903130384,7.020076479924847E-16,0.9862180760968661,1.5280608938282612E-15,1.4224619794909809E-15,
3.0906538417339533E-15,0.01593484904761053,6.112169499276952E-15,0.9840651509523797,4.839249732909581E-15,1.3673938578345808E-15,
4.2688228538837213E-16,0.17912387510099412,2.9712218761821957E-16,0.8208761248990005,3.168680495026741E-16,3.673693963114716E-16,
3.0036445220110164E-16,0.0529720726664572,9.576163817414312E-17,0.9470279273335432,2.677885448814224E-17,2.7943071604470507E-16,
1.8159606200362662E-19,0.019953211746356822,8.021110017061391E-19,0.9800467882536492,1.12616817324842E-18,1.3665720632592715E-18,
1.8850196995109802E-19,0.2522278598833712,1.7166732789058032E-19,0.7477721401166265,2.5874856551899115E-19,3.301677936118082E-19,
8.358530133938101E-19,2.0958928128126896E-4,4.327960542127717E-18,0.9997904107187229,1.511566136998819E-18,2.5098044031149157E-19,
1.4505495699161129E-15,0.007787915611123867,2.3130053046155263E-15,0.9922120843888702,3.947425525208677E-16,7.983786451645028E-17,
1.2943617458465326E-18,0.0661337011756746,2.1357284623876602E-18,0.9338662988243228,1.5539898194353595E-18,1.8249330113149754E-18,
9.995963639967036E-16,0.07005172505388603,1.260675298478849E-15,0.9299482749461121,1.98251875452855E-15,1.2019952616353208E-15,
2.09910368593001E-18,0.11783186700118511,1.9821171254318863E-18,0.8821681329988117,1.176760619889723E-18,2.5791011634325322E-18,
1.114617823289897E-12,0.010102145236820792,2.827313673715612E-12,0.98989785475232,3.057050519914289E-12,3.859930115318344E-12,
2.1696336334731575E-17,0.04738066183857848,1.4270972093237528E-17,0.9526193381614253,1.9855919666708648E-17,2.359312912642424E-17,
3.017474801304455E-15,0.26582926207519764,2.6168720115831234E-15,0.7341707379247873,3.6515853291352506E-15,2.221627572246879E-15,
1.5342578942383562E-14,0.15269439237024027,1.8088205356505674E-14,0.8473056076296925,2.201933098133063E-14,1.2258492242401165E-14,
7.780692922016936E-19,0.1430340110470441,1.1093340477647248E-18,0.8569659889529517,1.4186195562064137E-18,1.5873305923560853E-18,
2.6995987342996524E-14,7.4913367795193E-4,2.434408046181407E-14,0.9992508663219419,2.4582051546883595E-14,2.9232026688223257E-14,
3.1506009059588573E-13,0.00928007903404389,2.8218736352471065E-13,0.9907199209641766,1.0788173917225579E-12,1.052273627830345E-13,
3.63891376674739E-13,0.07378821132751871,1.4575242082578142E-13,0.9262117886710228,4.664155346947379E-13,4.807157123536037E-13,
4.313634181118742E-18,0.009465991922121521,8.166079511340745E-18,0.99053400807788,6.622150973590244E-18,6.5094571287610595E-18,
2.2149676097870935E-16,0.19859907058676754,2.766026646447348E-16,0.8014009294132267,1.1203017723281388E-16,2.0328063072855627E-16,
1.1004513448756445E-19,0.09726856870546585,2.402445801890263E-19,0.9027314312945359,2.6187259865797773E-19,1.954333072064472E-19,
1.9534191157177493E-15,0.1552139039752814,2.172321303536859E-15,0.8447860960247096,3.753377041461581E-15,1.2337976647201722E-15,
6.232458284570148E-21,0.21079162691988382,3.690651924588999E-21,0.7892083730801176,5.688393428333315E-21,9.797635676120707E-21,
7.977591021586383E-20,0.09337151405459533,5.386492841079601E-20,0.9066284859454047,1.220521184458521E-19,8.936143490185137E-20,
1.3536258165691173E-21,0.34132736561815197,1.2796295680162706E-21,0.6586726343818462,1.928797872357469E-21,1.4770397137970927E-21,
1.6893672623430063E-20,0.17265937801446307,3.6790869060480616E-20,0.8273406219855377,8.713755553113537E-20,2.255559075278441E-20,
1.824108177128994E-16,0.07687014464772195,2.0599644225717685E-16,0.9231298553522795,6.212151948957708E-17,1.267375416697352E-16,
3.9617373016446084E-19,0.0017232267290788917,5.748524620196129E-19,0.9982767732709166,5.220388630054503E-19,5.375456549434312E-19,
1.3769694656067561E-17,0.0026019031710035074,3.348786706826716E-17,0.9973980968289926,3.888171894580661E-17,1.9384737550047583E-17,
7.71266889796878E-21,0.3199765200789144,9.51829371685024E-21,0.6800234799210846,9.950215348291149E-21,7.34401481242767E-21,
3.2121831578808476E-23,0.12151878245493851,2.69085997508267E-23,0.8784812175450628,2.769833198442343E-23,8.34315766831741E-24,
2.2118700595064712E-17,0.08770907619595948,4.8927525012752845E-18,0.912290923804041,8.418763973577384E-18,2.153064871306924E-17,
7.304628739346456E-21,0.21724980349373574,5.458403057281839E-21,0.7827501965062648,6.716628576672564E-21,7.332281567866692E-21,
5.117264452711828E-18,0.02071527367655417,5.094344183625007E-18,0.9792847263234419,9.445266235745495E-19,4.600207624831228E-18,
6.628111339897803E-20,0.11476551059069134,1.2043622566156894E-19,0.8852344894093109,5.288852585406689E-20,1.0135648190361012E-19,
4.5503202087939206E-21,0.22955074107033752,7.017718734485293E-21,0.7704492589296628,5.833572769413858E-21,7.627435446648995E-21,
1.798174032505877E-11,0.19554530289401673,1.9330257943241613E-11,0.8044546970235505,2.499531761669757E-11,2.0124778807598332E-11,
4.001609726924866E-13,0.01819755727684429,2.449780734368993E-12,0.9818024427170673,2.0443346996224853E-12,1.194138594835667E-12,
1.8797765115605307E-15,0.07955887222893669,7.224439747723955E-15,0.9204411277710461,3.0807141567123007E-15,4.754686460733882E-15,
1.9998130182093273E-14,0.0030694276201302753,4.5983572626334005E-14,0.9969305723797409,3.276923171405357E-14,3.0201912800591775E-14,
4.253521988646046E-11,0.0958895053414984,6.10602748834782E-11,0.9041104943882718,1.1314093730815429E-10,5.349062793893438E-11,
2.635366922589896E-10,0.04840202370500652,2.1841881104566846E-10,0.9515979753787603,2.7890178241096964E-10,1.5537478113442563E-10,
4.15202119660346E-14,0.20084367834240524,5.621901179218816E-14,0.7991563216574193,1.6307406517496864E-14,6.11896256841499E-14,
1.6003987910631207E-14,0.02652462857888917,2.7217135808770654E-14,0.9734753714210189,3.050852338873036E-14,1.7192542744691974E-14,
3.310117382987287E-12,0.05318658773890721,4.349482794449245E-12,0.946813412250147,1.990836559773605E-12,1.2941840715456014E-12,
1.1151687839198874E-13,0.016150260803168497,8.492657503084261E-14,0.98384973919624,2.2572701990583828E-13,1.7140490331317232E-13,
5.071763713008405E-13,0.28299153337000643,7.21260311866232E-13,0.7170084666267488,1.5175391480009318E-12,5.000036345200522E-13,
4.347783337107821E-14,0.030401817292430106,4.283635818190693E-14,0.9695981827074035,4.1817655501644177E-14,3.760286229821604E-14,
2.056650594069702E-15,0.03483232586920338,1.4681780621558347E-15,0.9651676741307871,6.063157582127079E-15,6.338281630278358E-16,
4.814579115080759E-16,0.09997546464268214,4.885148788895381E-16,0.9000245353573176,6.377873740418031E-16,4.4383816993176517E-16,
2.771297255394706E-15,0.0022592422590666486,1.0558890142300442E-15,0.9977407577409295,2.8787817131625393E-15,5.788799310366416E-16,
4.537338862192693E-14,0.27459036074858845,4.225240741352824E-14,0.7254096392510717,7.531973153926006E-14,1.7927516665704802E-13,
3.6429994012645606E-16,0.14700729627612247,4.3954117486191086E-16,0.8529927037238794,7.902610980050864E-16,2.2524875929203554E-16,
2.195698986695288E-19,0.02957218934741519,4.394746913069954E-19,0.9704278106525865,5.110801561448844E-19,4.3160929871777897E-19,
9.027382782130732E-25,0.0473149696711139,1.5288761512577141E-24,0.9526850303288857,1.5576681297594602E-24,9.103924883578524E-25,
1.4484357628296486E-25,0.04902113400580846,1.6437499416404599E-25,0.9509788659941898,2.2536636806432995E-25,3.2766362149574944E-25,
2.4250323725263617E-14,0.10798258897338904,2.8153132333637325E-14,0.8920174110265014,2.7057643404174524E-14,3.019076105582713E-14,
2.1173095092700518E-16,0.07953387309962993,1.313258207062688E-16,0.9204661269003677,6.744500994069191E-16,4.0502394574032826E-16,
2.72992797108089E-11,0.2120771163732537,2.1062765829546284E-11,0.7879228835257003,3.942038541372583E-11,1.3263840164323642E-11,
2.6847979135456716E-15,0.1744877169888459,4.874492573823672E-15,0.8255122830111375,6.342625057787812E-15,4.626007554158368E-15,
3.184336380668171E-13,0.09666070216154725,3.0048476243723906E-13,0.90333929783699,4.4168352354381766E-13,4.033155320622639E-13,
3.7333334349919936E-16,0.03827909605521096,2.500128948203518E-15,0.961720903944783,9.39831655785025E-16,6.829158132777026E-16,
4.426228936091786E-16,0.05329607205001867,3.2663238138237457E-16,0.94670392794998,1.9284867229336216E-15,2.828502975362984E-16,
3.3834900528925794E-16,0.01953444591204766,7.923861653186629E-16,0.9804655540879484,1.795797610161724E-15,5.090933995624329E-16,
1.935449181504316E-22,0.004491729462532181,1.0034068308164794E-22,0.9955082705374683,2.212501300704896E-22,1.2478860565972852E-22,
1.934596005605236E-16,0.1636307780179181,2.0954065526917707E-16,0.8363692219820821,1.0338095782539252E-16,2.1607874718223766E-16,
2.852880238269322E-16,0.11185605139894027,9.040437399412047E-16,0.8881439486010517,3.590000190753229E-16,1.2249072442726386E-15,
2.7216904556500265E-17,0.0044442435093813345,4.1488275775342713E-17,0.9955557564906236,3.529036599203827E-17,3.1896583699477505E-17,
3.4681835995816154E-17,0.017486914652174012,1.028499758752704E-16,0.9825130853478231,1.5771061877095652E-16,1.686618574828852E-17,
3.986398143491792E-16,0.0016689100758654008,1.0800241739382332E-15,0.9983310899241338,1.3090588293322993E-15,3.471680229965995E-16,
2.490345750947531E-16,0.28402652948896245,1.2297835398876826E-16,0.7159734705110362,2.9160275193205273E-16,2.755532446206013E-16,
1.0232693352050899E-17,0.07891762726066573,1.296613638887137E-17,0.9210823727393349,3.4023616317501254E-17,1.0166239635807203E-17,
4.416393804996167E-17,0.001872149066299511,6.29700367233425E-17,0.9981278509336988,1.802928666892889E-16,2.59251183129071E-17,
1.9847028432394685E-20,0.19262198371870515,2.9396386662702955E-20,0.8073780162812989,6.255431686317643E-20,1.2932380819425461E-20,
1.1688926191742964E-17,0.029374180708129152,2.217385462727857E-17,0.9706258192918714,1.0672232888735186E-16,1.3770617853362782E-17,
3.172343867741988E-6,0.04557390609523118,3.882542135667208E-6,0.9544033092728446,1.3095564099013549E-5,2.634181822154105E-6,
8.682240728863361E-6,0.0010803998076037132,1.0168204378120305E-5,0.9988461147008402,5.2779790890240794E-5,1.8552555592788258E-6,
6.255822952526149E-7,0.020940887546858092,2.5115464966957224E-7,0.979055097579574,2.353232238756891E-6,7.849043835917138E-7,
3.929357539128409E-8,0.2835418434358591,7.222225276901556E-8,0.716457826037393,1.4262405570547657E-7,7.638686310124253E-8,
2.6893466327134535E-7,1.836301146636905E-4,6.565849740724428E-7,0.9998145964266355,6.016416444694731E-7,2.462974191959424E-7,
2.624700316109707E-8,0.0037675859631172716,6.646000773321822E-9,0.9962322345539525,1.4074016806376896E-7,5.849759155039528E-9,
5.046085737180289E-7,0.0010263951860716284,2.2608323686204622E-7,0.998970889255733,1.8091474593293877E-6,1.757189250033754E-7,
6.168553674800772E-11,0.0811585870805463,3.938312131339096E-10,0.9188414098040043,2.4850170181361906E-9,1.7491807276277705E-10,
1.1440531238569022E-7,0.1282051131344997,2.3755499145758817E-7,0.8717924661582787,1.9342691911256806E-6,1.3447772789106207E-7,
6.870330465881933E-11,0.18744621460902125,1.596344466990555E-11,0.8125537848630275,3.901281494375499E-10,5.3157338742658046E-11,
9.471875072991147E-9,0.13294437395347922,8.322823273431428E-9,0.8670555459059769,5.5151660850989955E-8,7.194183470016635E-9,
4.030383113448642E-11,0.09032564738140908,6.076888480677578E-11,0.9096743521241354,3.736282353452063E-10,1.9755186734935167E-11,
6.846444517278395E-14,0.16400762415280304,2.977252099252436E-14,0.8359923758465687,4.707390948386685E-13,6.069667001700879E-14,
8.611056283516623E-9,0.007304993025749048,1.3909893365470509E-9,0.9926949510375731,4.3956887928183456E-8,1.9777437687272406E-9,
1.5632266036063145E-7,0.0259452880338956,8.296952022330525E-8,0.9740538630096368,4.5189523480441055E-7,1.5776905252020753E-7,
9.229092777465451E-10,0.03219920502628562,5.401925841263419E-9,0.9678007769926315,9.64620725088623E-9,2.01004101742417E-9,
1.4014762522743785E-10,0.027812136815793267,1.4834849550400353E-10,0.9721878610197435,1.7294532915428606E-9,1.4651478577486982E-10,
2.5171275757457667E-10,0.12073229205709876,1.1021779275782034E-9,0.879267701203083,3.959091349839241E-9,1.4268363988938537E-9,
6.993742827370603E-7,0.0035995286386630073,1.0193095980295835E-6,0.9963884842125111,9.422103082752614E-6,8.463618619822407E-7,
5.398333516154848E-11,0.39907197968268604,6.070672063817726E-11,0.6009280187168299,1.4260119683049822E-9,5.978117403070845E-11,
3.2978386912688516E-10,0.012097289371452116,5.6579282785833E-10,0.9879027016431909,8.057241753627345E-9,3.253983546067988E-11,
1.3101848758664114E-8,0.17564296349900185,1.819566814622158E-8,0.824356419010745,5.709546548327221E-7,1.5238082064537714E-8,
3.2747453764623853E-9,0.04652854487562137,2.975364874736419E-9,0.9534713284532351,1.1868981824318391E-7,1.7312123944791205E-9,
1.2072092695394708E-10,0.18072993959414388,1.192885202280871E-10,0.8192700570140456,3.0015190143463665E-9,1.5028523353344256E-10,
1.1141219850471718E-8,0.18092631661292174,9.136542251114311E-9,0.8190726868066847,9.6291647775276E-7,1.3386153481956624E-8,
6.178258439050153E-10,0.11720520104308993,1.1865618546633259E-9,0.8827947367728061,5.926556316536374E-8,1.1141543835075181E-9,
1.374881478119812E-10,0.006796699206462392,1.587609272647477E-10,0.9932032867536025,1.3735785673170715E-8,7.900972960262627E-12,
3.808649462115022E-11,0.002079467061525776,1.671633358266199E-11,0.9979205286144294,4.198164924313238E-9,7.107539395221308E-11,
1.116555996686134E-10,0.015848521468613,6.627862418623107E-11,0.9841514667354495,1.1507489309204588E-8,1.10515268321969E-10,
7.923922956092062E-10,0.06236418279434483,2.0012745197163407E-9,0.9376357383248036,7.535974550233136E-8,7.274384631391506E-10,
1.8730072649267062E-8,0.010581783408134328,4.4584666490013845E-8,0.989415501980266,2.6085832106859258E-6,4.271365165060527E-8,
2.2373353712385085E-9,0.13187730457065544,1.399254617427259E-9,0.8681224514604432,2.38703142039246E-7,1.6291703674704778E-9,
3.534166689034885E-11,0.02080703213560956,5.152506998080984E-11,0.9791929659322537,1.8391283173650222E-9,6.141178831800058E-12,
1.2449087320267138E-10,0.11977026645531845,2.381140180990022E-10,0.8802296950187982,3.807205719407285E-8,9.122155137881833E-11,
1.1968331093743207E-9,0.04746859019936843,6.558047530046375E-10,0.9525312915149977,1.1575277647382725E-7,6.802224519018356E-10,
4.387279430302927E-12,0.01504895103561633,1.2286147114446803E-10,0.9849510217373447,2.707081494172212E-8,2.8973467503971142E-11,
1.0256348104198852E-11,0.013842462771016204,1.0560274488085362E-11,0.9861575363258008,8.764059083031965E-10,5.959315116628089E-12,
6.167768701024345E-13,0.1480000789117193,7.215321370400091E-13,0.8519999209279141,1.5846122700272497E-10,5.66562635783777E-13,
2.4162834731436236E-13,0.1211552579340667,1.1149237973163314E-13,0.8788447420231368,4.2228949668794486E-11,2.1631057552492695E-13,
1.500941583678087E-10,0.09910451861687057,1.2476661027952958E-10,0.900895348202804,1.3275095739847924E-7,1.5450505219954624E-10,
1.8868431944150004E-9,0.044495313573448554,1.650276152354256E-9,0.9555042199920776,4.6182423611899574E-7,1.0731187921084508E-9,
3.1265363384187653E-9,0.04860107410906529,2.6153535033581435E-9,0.9513981082705836,8.098530201749504E-7,2.0254395912117067E-9,
1.0742504174421402E-10,0.02776960201695579,9.162931170151418E-11,0.9722303375646218,6.012149803339812E-8,9.786963457968524E-11,
2.708540826490751E-11,0.16582289662148866,8.706621739318516E-12,0.8341770842793299,1.9009995057386334E-8,5.3394217235300004E-11,
7.545932194828777E-12,0.015197252354935733,1.7851117131827667E-12,0.9848027460415493,1.5836848230406527E-9,1.0497630982952016E-11,
3.683006423001561E-12,0.03380059127940508,8.887475630849116E-12,0.9661994030490542,5.6496236860056245E-9,9.344647079479952E-12,
3.681106759576553E-12,0.061090228814733125,6.230609310831116E-12,0.9389097691801948,1.9904667648498014E-9,4.694122269385104E-12,
9.403552894631523E-11,0.133796433579611,1.4339634244206857E-10,0.8662034805580824,8.551962618859244E-8,1.0525101162404104E-10,
5.927248207220752E-12,0.05189085004793573,6.929825884270521E-12,0.9481091441208024,5.811278439646896E-9,7.127551134239504E-12,
7.335291155106954E-9,0.10002676463391605,6.092304653761535E-9,0.8999664212091513,6.7931488588528896E-6,7.580477394122601E-9,
1.2574213883130721E-10,0.2053714990237162,2.808337548373895E-10,0.7946283188775433,1.814890331406475E-7,2.031312099860986E-10,
7.894437153859231E-12,0.0024549908568781997,6.070585633610699E-12,0.997545003999237,5.121633641969337E-9,8.284961929471454E-12,
1.0476629188441361E-8,0.2526957732356927,1.1702181958270637E-8,0.7472948934344055,9.306560539541492E-6,4.590550478867277E-9,
8.857943444218797E-11,0.012028232313339353,1.0303450388270995E-10,0.9879716502863503,1.1715749335588449E-7,5.120199038631817E-11,
8.425667734252118E-10,0.2089749685358833,1.7897055152697366E-9,0.7910135926014931,1.1429944984551803E-5,6.285367249455156E-9,
1.470822184219932E-10,0.05947726193295079,1.2556188399154896E-10,0.9405225936899037,1.4396888906788226E-7,1.3561423607332082E-10,
1.1730533328097404E-9,0.08453580178815735,2.2623368769568145E-9,0.9154622587728659,1.9347511845761857E-6,1.2524024356350178E-9,
2.0683649057733468E-11,0.10903907847259399,7.049536885552044E-11,0.8909609008671636,2.055033781762532E-8,1.872561146552903E-11,
4.534780361877113E-12,0.20620757494241174,6.402609063044012E-12,0.7937924155152782,9.529878582816548E-9,1.4952541971249475E-12,
3.702617171859671E-11,0.14137966299376062,1.1090455692422934E-10,0.8586200962215084,2.4051602629425694E-7,1.207753764370223E-10,
1.5024233312215344E-9,0.0196194255320877,2.201353194642136E-9,0.9803790773968725,1.4924321357040604E-6,9.351262248511417E-10,
1.4948218509175308E-9,0.13746624177282737,1.4682957171101074E-9,0.862524948601548,8.805184719299923E-6,1.4777884808105E-9,
3.2403015478454716E-11,0.006807653100652599,7.217314541259991E-11,0.9931923278317629,1.881796090781551E-8,1.45047311737605E-10,
2.8338632954368687E-9,0.014936923753955366,5.621984810471942E-9,0.9850462828246911,1.678103069937857E-5,3.934804895787371E-9,
2.3084965799997863E-10,0.054511401585608674,5.798287483268837E-10,0.9454875067663595,1.0906444190065658E-6,1.9293435842623962E-10,
4.252484042670124E-10,0.029226431858535788,2.2621209992824925E-10,0.970772087480246,1.4798363218567316E-6,1.7343316396938652E-10,
3.458184401983357E-10,0.07959056045015862,2.1806645885693537E-10,0.9204078662183833,1.572201164073517E-6,5.664069946391008E-10,
1.4811571264532894E-10,0.2842246714897805,2.1169966659061379E-10,0.7157746831135069,6.449120485816793E-7,1.2484937439333141E-10,
4.6459288087754785E-10,0.14277398174024938,8.217724646427498E-10,0.8572245417328758,1.474832547550019E-6,4.079608956683972E-10,
1.3492282875668253E-10,0.016190313872488545,1.0539586317417878E-10,0.9838095110649809,1.746874387285704E-7,1.3477598867629897E-10,
8.259881777661263E-12,0.06889316278242735,1.4217372025950522E-11,0.9311068083654706,2.881649650494276E-8,1.3128794855245456E-11,
1.7990188424381616E-10,0.0034087129728844535,8.37700145267545E-11,0.9965910369402937,2.496986367758882E-7,1.2451191538513508E-10,
2.600824301396649E-12,0.16019689785044142,3.760057680785145E-12,0.839803093350915,8.789954637861127E-9,2.3275593732845614E-12,
4.393023795418528E-12,0.10716468294570708,3.366752779073971E-12,0.8928353004732599,1.6567512628985894E-8,5.7576396874309865E-12,
4.005454364818128E-11,0.08474663336069742,8.573164278702761E-11,0.9152532743493499,9.210140854634333E-8,6.276016635560464E-11,
6.2314236223186845E-12,0.1433044231044208,4.1219310244115904E-12,0.8566954591995921,1.1767924413403683E-7,6.39221610546316E-12,
2.6715903982724624E-11,0.26106577275108445,4.293547696719164E-11,0.7389340908277778,1.3629436366772402E-7,5.7123521324371144E-11,
1.5922242397922218E-12,0.019160379281810164,2.460081973939959E-12,0.9808396138572893,6.85614528951573E-9,7.015049820129907E-13,
7.247931646233419E-10,1.7135528914553796E-4,8.066221311530366E-10,0.99982488619411,3.755562978758692E-6,1.4223509643314466E-9,
9.940115473745488E-11,0.1885486577534451,1.7540268063436846E-10,0.8114504590201702,8.828592845233812E-7,9.229613695312633E-11,
3.302645794192737E-11,0.16326406115548386,4.2733028120517844E-11,0.8367355224076951,4.163082903211338E-7,5.2771223793416164E-11,
5.498105734633698E-10,0.0823584107835118,8.851912438441621E-10,0.9176349802785069,6.607299011696279E-6,2.039682071169718E-10,
2.22627897216513E-10,0.06517644968839659,2.822407154973785E-10,0.9348199436948201,3.605741306586118E-6,3.706089486928338E-10,
1.7173056577096588E-10,0.012641644869606278,2.7521292583011253E-10,0.9873568252039326,1.5292757729347702E-6,2.0374364246383078E-10,
2.335473581495604E-12,0.045121427684925046,3.631094295620142E-12,0.9548785598025676,1.2502894286654973E-8,3.646509148121991E-12,
6.094297780397563E-11,0.01818399274328171,1.451415740358292E-10,0.9817802391489053,3.5767836698400144E-5,6.503242214374111E-11,
2.1468957703977986E-12,0.01225062588238536,2.954578029165473E-11,0.9877492203694217,1.53711269356405E-7,5.23165855317101E-12,
1.0406541678449226E-11,0.00552671325258992,1.2288720020612145E-11,0.9944732654709191,2.1237444734924897E-8,1.6349536382678836E-11,
1.5655021941338772E-13,0.06041185817291035,1.6177521394337204E-13,0.9395881410336957,7.928911411599497E-10,1.8214690299937746E-13,
5.082382892011488E-11,0.1666700451863334,4.580033329303507E-11,0.8333162706954489,1.3683930697639068E-5,9.089650775790708E-11,
4.918400268751368E-13,0.0638625215318621,4.174249634128116E-13,0.936137371623103,1.068432760699511E-7,8.511976008118611E-13,
8.191243820756195E-11,0.05596222245338122,1.2421221970920674E-10,0.944037481135993,2.961570087331752E-7,4.7494322749599055E-11,
1.3641956469818894E-10,0.10649997832036193,7.610796740299148E-11,0.893497194919763,2.8264304182110583E-6,1.1693066782065535E-10,
2.020407403214664E-11,0.009432318194282911,5.135392511764663E-12,0.9905673080838384,3.7366673688137733E-7,2.980335272083331E-11,
1.3644053498980493E-11,0.003670085782903215,1.6917265661894044E-11,0.9963296997890975,2.1438296543405534E-7,1.4470482907984468E-11,
2.478943862436937E-12,0.17615165542817957,6.277697061293857E-12,0.8238480899421958,2.54611984745775E-7,8.884521974871174E-12,
2.1484829956901772E-12,0.24959181271855257,4.215430076161342E-13,0.7504079443039942,2.429733859601852E-7,1.497277140437949E-12,
1.1850215591531614E-13,0.02276223395292114,1.9302830039519517E-13,0.9772376965727554,6.947348305149044E-8,5.296135843230283E-13,
4.412185888447335E-9,0.026760408792528823,5.535835260478809E-9,0.9730711672183148,1.6841075839324585E-4,3.2827423349042166E-9,
1.27654229942947E-10,0.018575116517658256,1.9969550191840586E-11,0.9814216458816949,3.2373482637796716E-6,1.0475747672953326E-10,
7.175816189512043E-11,0.09519236804577987,5.1996184662791095E-11,0.9048061758092919,1.4559285210684055E-6,9.265488706886349E-11,
1.0630396811692776E-10,0.19482378964820316,6.752141040107089E-11,0.8051631353188369,1.3074778896797719E-5,8.023609612657636E-11,
7.850916239853256E-12,0.008673551958102082,1.4399499179800277E-11,0.991326295988548,1.5200360296745385E-7,2.7497070268525093E-11,
1.2660966724738745E-11,0.04658873092853207,8.790425697580748E-11,0.9534089118192901,2.3571387758825355E-6,1.2839860883677654E-11,
2.305755778508706E-12,0.004627370572643538,1.3457372708580283E-11,0.9953669611146566,5.66828993437358E-6,7.001329155386286E-12,
4.747726066294744E-12,0.07202645234606683,9.51996777721867E-12,0.9279734169646746,1.306694919619526E-7,5.498620340940825E-12,
1.8354659879028304E-11,0.066670756290346,4.765529078911058E-11,0.9333283191660756,9.244354231098619E-7,4.214362869386528E-11,
5.196257414796103E-12,0.08987587071339026,3.0118490162625596E-12,0.9101240821578064,4.711748592151587E-8,3.1077028475827814E-12,
4.368166142505596E-13,0.016693217359545733,1.6349966077966415E-13,0.9833067799462842,2.693382120398215E-9,1.8700839169498163E-13,
3.350874714085645E-13,0.09196492312361002,1.5149750452254258E-13,0.908035074015016,2.860722190063564E-9,1.6715366522946862E-13,
3.532427616114316E-11,0.12108649896024588,3.41353967945865E-11,0.8789130259663678,4.74986964318707E-7,1.6961081386069916E-11,
1.125014317977906E-12,0.06846115224795467,5.45872774736008E-12,0.93153874273143,1.0501143083302932E-7,2.601699277123881E-12,
1.5665762490657993E-11,0.024866767026446388,3.129024649752877E-11,0.9747816461596395,3.5158673219872643E-4,3.475868001131716E-11,
7.588216612003518E-12,0.15973476227276134,5.017313338044929E-12,0.840265063372442,1.7433007736298566E-7,1.2112900638700782E-11,
6.1041582456238695E-12,0.15065894994991744,6.5483267373599875E-12,0.8493407906847639,2.59343822929907E-7,8.84504098647462E-12,
7.931440169655172E-13,0.13284688450138424,6.765017197822734E-13,0.867153094636766,2.0859914585876717E-8,4.654531874535444E-13,
6.32478021937629E-13,0.15429320798748747,6.106228585650847E-13,0.8457067704819881,2.1528953747583373E-8,3.2866741580235095E-13,
2.6283554925643337E-13,0.015859301023442088,5.776750408692224E-13,0.9841406851807765,1.379447927394399E-8,4.622542606967755E-13,
1.9204326440019575E-13,0.042311098432950354,4.5034815318610705E-13,0.9576888977962005,3.7699331452988185E-9,2.7287167585762386E-13,
1.400322847122965E-13,0.0919877816260656,1.8291604651311101E-13,0.9080122078198144,1.0553540901810406E-8,2.564216663692265E-13,
3.713076039985422E-12,0.21472501668613328,2.068591759111926E-12,0.7852747451288242,2.381768942969257E-7,2.3673153578717474E-12,
5.766535734703917E-13,0.036220818629846344,1.485867496370349E-12,0.9637791501541646,3.121325121888319E-8,6.744401088912686E-13,
2.2220830667396164E-13,0.0693425468246077,2.621693221168486E-13,0.9306573782058856,7.49689436119755E-8,8.045710919886353E-14,
1.5548181237092954E-11,0.11774650342321426,8.132204188111367E-12,0.8822528108873228,6.856529743995311E-7,1.2809682593265714E-11,
1.82292483096429E-11,0.17142421618684237,1.0914357452032687E-11,0.8285686927320588,7.091045542242068E-6,6.415477850970233E-12,
3.832079537193719E-12,0.13949098938223886,3.53903301645914E-12,0.8605087947627372,2.1584537422334143E-7,2.2796031534466693E-12,
1.8708962059141266E-14,0.0332386957492115,1.7842710511688168E-14,0.9667613038046046,4.461312197079218E-10,1.6876258422017955E-14,
2.602250430039507E-13,0.002900090310313589,4.5365391922500077E-13,0.9970998782867049,3.1401664092234666E-8,6.040142724205793E-13,
4.372310329427953E-12,0.15019773400368816,5.3756661513436055E-12,0.8498013728649011,8.931160168282035E-7,5.646549745114811E-12,
7.077590710212252E-13,0.12652049111849567,4.880142577678069E-12,0.8734790634862315,4.4538831707812934E-7,1.369395474056032E-12,
1.9945373390603375E-12,0.21392115392201755,2.6789061961146763E-12,0.7860783611700516,4.849018962947117E-7,1.361520964813905E-12,
1.1253205407962132E-11,0.2937176686942858,1.7864753361644867E-11,0.7062750640320036,7.267236913084799E-6,7.677932315657406E-12,
3.3806357761912677E-12,0.03432307305924914,7.450380641332345E-12,0.9656750660339551,1.8608929569909675E-6,3.00844968845464E-12,
5.880981308810733E-13,0.0024417485404809505,1.3407121988252023E-12,0.997543972716142,1.4278741024385646E-5,4.2496366863616683E-13,
1.629494118085788E-13,0.2293996056725938,6.530735777597484E-13,0.770599993507589,4.0081851435429225E-7,4.887211097874924E-13,
1.7149060339251895E-11,0.08502976880596647,3.3995120630891687E-11,0.914965959642413,4.271485461323182E-6,1.501474132226952E-11,
2.132361729703851E-11,0.058860507435489574,1.761164025357395E-11,0.9410963062578745,4.3186261423036243E-5,6.2772770637929055E-12,
8.53558059265257E-12,0.17251337753813503,5.236584837041609E-12,0.8274857873490562,8.350941899488677E-7,4.848741094008614E-12,
5.278607439927428E-13,0.10604638760983491,7.406582773114467E-13,0.8939533830910904,2.2929738372108188E-7,4.240514076573742E-13,
8.17283073467373E-14,0.06942494279069485,3.9386579893569473E-13,0.9305746670445952,3.901636756025318E-7,5.595675451969384E-13,
2.063273951430527E-12,0.004833866349918817,1.5277713853515674E-11,0.9951641651862154,1.9684423775542886E-6,4.147193221080662E-12,
2.2547505270907938E-10,0.060011938357992976,6.07559996919736E-11,0.9398613815622916,1.2667971208920608E-4,8.139591795633923E-11,
1.189191293468093E-10,0.02419367363093387,1.0362924512112822E-10,0.9757156044591366,9.072161979258748E-5,6.758935670496782E-11,
3.200660065159225E-11,0.12165500390913173,4.597159579564936E-11,0.8782709107632414,7.408518754474779E-5,6.210502423664602E-11,
2.2183214968550232E-13,0.02512880878432289,3.571522542188779E-13,0.9748710961086925,9.51062752747358E-8,1.3145386927921406E-13,
8.843332918243356E-11,0.04763444864206095,5.3284927930997166E-11,0.9522540155986131,1.1153551782997787E-4,9.977665105711924E-11,
2.3444943520164554E-12,0.07040301997372664,6.158790905405326E-12,0.9295893984984593,7.581516169448917E-6,3.1432011161295853E-12,
1.345519373134546E-12,0.1572070959486979,2.8231607858701015E-12,0.8427855893702444,7.314674416023431E-6,2.471250584051048E-12,
4.234536163643218E-12,0.01381745695171983,6.483236621919992E-12,0.9861736257437594,8.917292139838714E-6,1.6631741717843358E-12,
3.4869091356822743E-12,0.229272111206639,4.252106386583135E-12,0.7707111632028268,1.672557784851149E-5,4.9479635208224975E-12,
1.0880491166651216E-11,0.18567990782984675,1.365766159895019E-11,0.8143087210491299,1.1371084462221409E-5,1.2022952725050108E-11,
1.1397250434682992E-11,0.0016719483430435553,1.4164653013310794E-11,0.9983236945400094,4.357087682660281E-6,3.704148634285655E-12,
4.1877735512809257E-13,0.12619397868626206,4.116000814390892E-13,0.8738019792822627,4.042030066396295E-6,5.774020370303458E-13,
1.9576472944033106E-14,0.08240927288810856,1.8318107505008088E-14,0.9175906279970913,9.911474211419277E-8,1.9839062672936403E-14,
1.8869034178866046E-13,0.003452557525903607,2.615643181974034E-13,0.9145440489351441,0.08200339353840949,9.25156296833807E-14,
2.5182775921873872E-12,0.09140232156660602,4.902832069335755E-12,0.9039198562655776,0.004677822156769759,3.625046448666179E-12,
3.3926524721023257E-15,0.12685651120636646,5.119962966290507E-15,0.8726867459093434,4.5674288426937934E-4,6.0184595436777205E-15,
1.932841363247997E-14,0.1428332052300128,1.5610547562271798E-14,0.8567301286261594,4.366661437777414E-4,1.4541793588625802E-14,
4.029913576600695E-12,0.01934944416830186,3.942673129785767E-12,0.9803422515465496,3.0830426842233446E-4,8.756603272976516E-12,
1.9307886357982643E-10,0.012682713292336218,1.896580904472789E-11,0.9872839467172351,3.333962336930331E-5,1.550144703850416E-10,
2.0364172599019658E-16,0.10328077143698809,3.0653294496224057E-16,0.891379615718484,0.005339612844528031,1.1364441666601184E-16,
4.341154457432047E-11,0.0038517809610148853,3.3328651811331405E-11,0.9961016917088801,4.65272187637513E-5,3.459822900353862E-11,
2.0667696641370583E-13,0.12801374741356414,2.6061679405336806E-13,0.8719858948496364,3.577361491031603E-7,1.8415103598936534E-13,
