
0.16346894927350147,0.02932398058242783,0.2949681993469561,0.06193338360712895,0.23405178366146137,0.2162537035285243,
0.24745986150608884,0.25654430887012303,0.24143812549357913,0.24643546053090107,0.0035681856087173497,0.004554057990596126,
8.344980498391317E-8,0.44216476386524695,7.575800926059531E-8,0.557835074825832,8.86805052281744E-10,1.2143033952450698E-9,
1.1245845576962081E-4,0.2614979009071772,1.5014753077301893E-4,0.7382326992936663,3.712295762128641E-6,3.081516851919076E-6,
2.5371497617986227E-7,0.03394934453618984,3.8393610821524685E-7,0.9660500060283317,4.597444368938157E-9,7.186949584645249E-9,
4.450641100259202E-8,0.02828588528502114,4.464536199014175E-8,0.9717140244701848,5.993174001984331E-10,4.937046594167201E-10,
5.379067371222217E-8,0.33387271589549233,8.237184153137196E-8,0.6661271417712471,2.792000486612585E-9,3.3787437675029133E-9,
2.5716812230958185E-11,0.016015066202725234,1.6157837772845242E-11,0.983984933755153,1.3467299023476904E-13,1.097223441883404E-13,
3.4548522907465085E-5,0.005210427657670028,2.5652655396315684E-5,0.994726738907312,1.0857903304831145E-6,1.5464663839544368E-6,
6.050978267963101E-10,0.4112975741512954,1.1824736495086205E-9,0.588702424050946,4.307445319812119E-12,5.880794354718978E-12,
6.30470304992728E-8,0.005879605419897799,7.54422248649534E-8,0.9941202548904098,4.0311788556546794E-10,7.973190577222114E-10,
5.391388850422161E-9,0.027863146346794626,1.1855146950065028E-9,0.9721368470631798,8.030162775120873E-12,5.090844368295235E-12,
4.423886996812551E-10,0.0021121483153801654,2.798722829501482E-10,0.9978878509608312,1.0678367076160734E-12,4.599664684685244E-13,
2.2965428860231918E-9,0.018590535940522478,1.692144784576549E-9,0.9814094600665157,7.362446241518862E-13,3.538324089028728E-12,
1.4636527832353436E-10,0.025399639783831567,1.191034956028026E-10,0.9746003599505385,5.5713526954473416E-14,1.0543255795736446E-13,
2.566897919361684E-8,0.24857524762882713,3.0893966002647396E-8,0.7514246956895299,4.0141001713089277E-11,7.855601296385193E-11,
2.7661299274213696E-9,0.021313062148368225,2.9126037189375234E-9,0.9786869321708473,3.134788117158881E-13,1.7371683400071368E-12,
1.560637201921235E-5,0.011836497307753144,2.494743401083083E-6,0.9881454015763975,4.912013910986491E-14,3.799451602452572E-13,
5.53847151887082E-11,0.09371795148335291,8.62847230668066E-11,0.9062820483747268,9.982628445918268E-14,1.4942250732396411E-13,
4.072675451639442E-12,0.4698676532936252,8.210760812456495E-12,0.5301323466939236,9.711160431325231E-14,7.062004405315682E-14,
9.295729674908762E-12,0.04110674785800734,9.991187833890438E-12,0.9588932521226897,1.1559937972191554E-14,4.928925101870544E-15,
5.229672046609471E-10,0.09805207228104387,1.897971636384094E-10,0.9019479270059111,1.726272794188884E-13,1.09482967588909E-13,
2.668785979904849E-9,0.03665098655842426,1.0738274535716125E-9,0.9633490096989125,2.2448289190869134E-14,2.574706478033424E-14,
1.379399961910613E-9,0.09246747420171311,3.8458553298170945E-9,0.9075325205728855,1.0548937059989949E-13,3.8224097613841676E-14,
1.0779108293460505E-9,0.03752421172545358,1.2780030612937197E-9,0.9624757859185264,7.88025587071947E-14,2.7886905745092214E-14,
5.747242335938997E-10,0.0030930672204573903,3.289702684592851E-9,0.996906928915104,4.8169606261648935E-15,6.967208766617227E-15,
4.157836956519322E-10,0.003522412635516127,3.461741017926134E-10,0.9964775866025127,6.991801826078445E-15,5.818518222952552E-15,
3.101776928598712E-10,0.025531158426862058,4.568135244362876E-11,0.9744688412172737,5.133831923992574E-15,1.2982885297097727E-16,
3.89325503105946E-10,0.07708151575722126,1.0509311759187106E-9,0.9229184828024519,9.843694751743985E-15,5.870035898003999E-14,
2.554650115502842E-10,0.014275650427522713,9.230955299941987E-10,0.9857243483939153,1.559912080643623E-15,7.299027243424794E-16,
3.1849580342582294E-11,0.029942085845624973,6.073153573383914E-11,0.97005791406179,1.2562524765551773E-15,1.0521397054519704E-15,
6.491794797390454E-11,0.3186028308575151,1.5823840713853546E-10,0.6813971689193209,4.849485741060314E-15,4.35072888609649E-15,
3.6586068333662795E-11,0.05219821790135036,3.8977052648228406E-11,0.9478017820230824,3.3176343059027293E-15,2.126298924040276E-15,
9.603764556976386E-17,0.2133945426836697,1.0293262179538393E-16,0.7866054573163273,3.495731566719918E-20,7.885758056069595E-20,
9.295728764510875E-12,0.25245496515146093,3.985664894508019E-12,0.7475450348351904,3.554426564939459E-14,3.282030522161792E-14,
4.1182398835071E-12,0.3275860065152829,2.6375678516695514E-12,0.6724139934779138,2.1258661499244587E-14,2.5803469797408603E-14,
8.162540196283322E-15,0.11309796670379456,7.410129200291742E-15,0.8869020332961878,4.4334780415121944E-16,9.678398727803264E-16,
1.0171266813934484E-11,0.4458870368734035,5.6156361352471315E-12,0.5541129631099921,3.633096047274725E-13,4.552242761737865E-13,
6.503713089170635E-12,0.11079702169149856,9.614830939195422E-12,0.8892029782921896,5.874710387594432E-14,1.3337097245804742E-13,
2.13154835944154E-15,0.21546276956090335,2.4000403363889365E-15,0.7845372304390927,4.9641586931987153E-17,3.965981782724514E-17,
8.748046432953514E-17,0.001620411904116876,7.886853596411742E-17,0.9983795880958813,1.1274346337947806E-18,2.1013162537570366E-18,
4.156833136529601E-11,0.08317256601632782,3.284677825236811E-11,0.9168274339086828,1.4784069823913135E-13,4.2774307456075226E-13,
1.1311791577128693E-13,0.20864725384836497,2.312410984830835E-13,0.7913527461512887,4.525833331377196E-16,1.0049433526216756E-15,
4.652212110020154E-13,0.1350089479835557,7.238986381187699E-13,0.8649910520151886,4.520868488570514E-14,2.2102090568232184E-14,
2.5488181060163502E-9,0.27544660382723635,1.991023110610033E-9,0.7245533915879502,1.9794534666812843E-11,2.5178011056424752E-11,
2.3669372474678512E-11,0.09645815393120404,3.705504491413837E-11,0.9035418460079058,6.51055431162957E-14,1.014250579093288E-13,
2.776016072604296E-15,0.2645568746838967,2.8805385463497398E-15,0.7354431253160941,8.513629511636835E-18,1.4017967099035345E-17,
1.8898477334314074E-15,0.03909300161175063,7.846946987808088E-16,0.9609069983882477,2.7653660836115716E-19,5.942983905272512E-20,
2.374199529929604E-12,7.506797744992451E-4,5.603569858732014E-12,0.9992493202175198,3.4646858428556475E-15,9.82854840740849E-16,
1.678327853867022E-11,0.2756191079269514,1.4624330634427744E-11,0.7243808920415542,6.210848782809822E-14,2.5515381385036154E-14,
4.401619330715069E-9,0.11094860467577214,3.6339585353628477E-9,0.8890513872637679,9.846175534449367E-12,1.503641867461655E-11,
7.135641515976927E-11,0.2327962374134947,5.461566716883429E-11,0.7672037624601596,2.2464859901213449E-13,1.4804879575042127E-13,
7.453440848163753E-13,0.0010951390413739084,3.5519036120519464E-13,0.9989048609575262,3.797491092040903E-19,9.046990421371643E-19,
1.4085939763682976E-10,0.28974156475015367,1.9021767705332023E-10,0.7102584349129225,2.2514242219746145E-12,3.5979481242328253E-12,
1.1280250364494519E-11,0.05598865915721054,1.2818892263382197E-11,0.9440113408185402,4.6446079001263956E-14,1.0180502610786236E-13,
3.962100916771912E-13,0.13244897193668964,1.7068002573859047E-13,0.8675510280627363,8.714809803785183E-16,4.924598372190351E-15,
8.535983201927819E-12,0.01720060837836003,3.1333671173019825E-12,0.9827993916097928,1.035898691280652E-13,7.434059461130168E-14,
4.958481830631954E-13,0.375872160922823,1.2794061478569308E-12,0.624127839075371,1.8402803741873938E-14,1.3754160948870042E-14,
7.40773681839272E-10,0.040851085739964474,3.3723319727533346E-10,0.9591489131798743,2.1124643123499838E-13,1.942879793627481E-12,
8.098775144555256E-16,0.03519536213319547,1.9560842106713696E-15,0.9648046378668004,6.143101203690177E-18,2.9726085113535265E-18,
5.737809734765566E-13,0.10890323684441956,9.094082796005366E-13,0.8910967631539695,8.287729865261838E-14,4.258864467919177E-14,
2.9727337099228065E-14,0.1429678948039097,1.350523144037166E-14,0.8570321051960287,3.566481076459201E-15,1.7659126131425306E-14,
1.8317740248749987E-13,0.21813126096172872,5.1678776098188696E-14,0.7818687390380364,8.172459380161978E-17,5.457665955644512E-17,
2.6487212282599905E-15,0.1553295536898053,1.1491740951258455E-15,0.8446704463101913,3.191901982497116E-20,2.932405094472327E-20,
1.0928342780782786E-14,0.31960585842122785,3.6729224399111515E-15,0.6803941415787591,3.2639975657044357E-18,2.4183249620375868E-18,
2.766728844171296E-17,0.1021166645069527,2.0980283401676097E-17,0.897883335493046,6.75113506952718E-22,7.688545830436215E-22,
5.4114049892935595E-14,0.3631274862680509,2.1288795685833159E-13,0.6368725137316726,4.0780837022720365E-15,6.298751919784017E-15,
5.11778047692896E-16,0.0030396195852259414,6.671518140384557E-16,0.9969603804147741,2.664007868346753E-19,3.677193061498539E-19,
3.485579391257247E-17,0.2898545716289608,1.8454248540606834E-17,0.7101454283710416,3.77086008858743E-20,2.2329141728262065E-19,
3.157190654803047E-13,0.1442683456173091,1.1046491499588931E-13,0.8557316543822505,9.54220753911426E-15,5.854816493794561E-15,
2.445284877430196E-16,0.05501830922926654,2.3867241924358874E-16,0.944981690770736,1.7468266608164197E-19,2.755126550005692E-19,
3.789289860208703E-14,0.0803048070744227,2.5022961795359545E-14,0.9196951929255146,1.0311842536683014E-16,7.70088563117939E-17,
9.85269618597031E-16,0.06075359940039035,1.079100543115671E-15,0.9392464005996071,1.2277933232748814E-19,4.584407530946139E-20,
1.138137479758208E-17,0.030375114082471337,3.1767681050298945E-17,0.9696248859175256,4.619724454269299E-22,2.42019230268233E-22,
5.332573973953486E-19,0.027279362943762573,9.017286233590954E-19,0.9727206370562399,3.1763977845668727E-26,1.4874063399383477E-26,
3.9322053188494227E-16,0.007861619238267066,4.600085700514276E-16,0.9921383807617358,6.394717969064431E-23,1.5841842776546118E-22,
9.946559677680882E-19,0.3391944502572879,1.245702462007387E-18,0.6608055497427102,1.216577800623308E-22,8.474893627691021E-23,
2.2196740161156976E-12,0.05741013237624932,2.7429993621819765E-12,0.9425898676187695,5.310393123013433E-15,1.2779807942221669E-14,
4.8368847361093145E-12,0.07565956176705313,5.5661340824712756E-12,0.9243404382224667,4.8523124069132403E-14,2.973464315697042E-14,
9.395481775570238E-16,0.001519782742649697,3.582872910578475E-16,0.9984802172573497,3.816269238229767E-19,4.677193926394285E-19,
5.8635695008115E-14,0.2380410446490946,6.275271252641216E-14,0.7619589553507825,2.8011354800775687E-18,3.2722498212446744E-18,
1.0839338521040209E-16,0.058170220358124934,3.7362951492364704E-17,0.9418297796418746,1.237302506942754E-18,1.7406187703572308E-18,
1.995468095182785E-13,0.32276537989603316,2.201926622791281E-13,0.6772346201035226,8.322431756263269E-15,1.4916783905610583E-14,
7.854122171056758E-17,0.20925670239069438,9.863435442120525E-17,0.7907432976093045,1.109277985010606E-18,1.8196905917724312E-18,
8.924575312230708E-17,0.0648176523746962,1.0998191567059351E-16,0.9351823476253026,2.227927271633813E-18,7.303721370348152E-19,
4.3699718059950334E-17,0.2614638929959345,5.487214305012333E-17,0.738536107004068,1.527626020074388E-18,1.798349750416199E-18,
5.226249527206944E-16,0.008663180816091954,7.27017141548065E-16,0.9913368191839064,1.0428376160380078E-17,7.57667108452094E-18,
3.285751525693101E-16,0.12748077241617475,1.0654309354664084E-15,0.8725192275838257,5.553551775679671E-18,1.8286051427000853E-17,
3.397726061932705E-16,0.0205737654393113,1.3788137591868173E-16,0.9794262345606869,1.6590785001868555E-18,4.96739017975566E-18,
1.1196286576415304E-16,0.11669834477590078,2.323616559133271E-16,0.8833016552240952,5.1516086581080556E-18,5.2493369402217375E-18,
6.713454447122582E-14,0.004581891049128764,6.0600561398054535E-15,0.9954181089507967,8.45360482822587E-16,4.740164103163831E-16,
3.0504204614710038E-18,0.04097636896411625,3.0623711661467713E-19,0.9590236310358842,1.1291210064027129E-20,1.4930601067950485E-20,
1.3670116256383572E-20,0.22117983597789362,1.143006010864587E-20,0.7788201640221035,2.7151288393778754E-22,3.392697661822295E-22,
4.6250299906875544E-23,0.10163606181663001,2.7817597109827345E-23,0.8983639381833706,1.2165418967610729E-26,1.9676289593964876E-25,
1.8330797830238878E-12,0.3029206728616913,1.9073585959570688E-12,0.6970793271345479,7.609436317026282E-15,1.2762067630720505E-14,
2.0941677309027513E-16,0.002380591969015319,7.878602242730392E-16,0.9976194080309839,3.147663898875979E-19,5.659074080994954E-18,
8.682890508310151E-13,0.40007518317424484,5.922416491556053E-13,0.5999248168242477,2.6935771996782947E-14,2.117164047934891E-14,
1.923624560620134E-15,0.04539425121991,7.291121504114585E-15,0.9546057487800839,7.900899852929045E-17,1.8704397385967496E-16,
1.7014017465754772E-15,0.08920324707428383,3.095060898766775E-15,0.9107967529257118,5.4553987325380545E-17,4.681678090975291E-17,
8.008023514019229E-15,0.06837279807779012,2.1389353726454613E-15,0.9316272019221974,1.1922487397956787E-16,1.2721648712218682E-16,
4.3141828534433645E-17,0.12666924160886392,8.217911854358695E-17,0.8733307583911346,2.5559882427946244E-19,2.9338585073434367E-19,
5.194150504969791E-19,0.14742841229114986,5.874033104050999E-19,0.8525715877088529,5.1354278098302475E-21,5.615934251793446E-21,
2.6182017732139085E-13,0.04620871170624924,6.629422331985849E-13,0.953791288292811,5.924104037033353E-15,8.186628590376748E-15,
1.0929613873202837E-19,0.3111687646774308,2.215150605590532E-19,0.6888312353225714,2.577913804157722E-22,2.7005492102534927E-22,
4.945136575615002E-14,0.04285565714767173,1.7832212962733025E-14,0.9571443428522589,3.433893979225096E-16,8.143685992546552E-17,
6.735655681627523E-21,0.16684794426197755,2.4743825325262957E-20,0.8331520557380275,2.2905923104648012E-21,1.3487574631552846E-21,
2.8032384742095824E-16,0.2240767269938706,3.36530668654563E-16,0.7759232730061282,3.4845735677217425E-18,9.668306218273367E-18,
1.729314068989E-12,0.13464626832681073,3.4800851611955426E-12,0.8653537316678381,9.438644330454926E-14,4.7812067513589174E-14,
1.0922617119616009E-14,0.2046136575628612,2.6611780163819773E-14,0.7953863424371025,6.703428729705085E-16,3.1779673611403273E-16,
7.96091924439023E-16,0.25521128658331976,2.9932701468619574E-16,0.7447887134166837,5.633052822799718E-18,1.7489572670837855E-17,
1.7488818587416003E-12,0.3009685775428376,2.3677345029781283E-12,0.6990314224529336,4.3569532034150943E-14,6.776548584075275E-14,
2.234266017182553E-16,0.23787510592986977,1.940477470521376E-16,0.7621248940701297,9.01970755491101E-18,1.1422296222329974E-17,
6.832559893464195E-15,0.03404228545180813,1.5976596097490775E-14,0.9659577145481686,2.608664389989883E-16,1.2404032683735125E-17,
3.0425083116758986E-17,0.2839141813912262,2.704347108655663E-17,0.716085818608777,8.146363452680074E-19,5.589382570531526E-19,
1.7379122976372605E-15,0.02624672200050003,1.285148759869592E-15,0.9737532779994973,1.2795824114293E-17,8.11533587100932E-18,
9.58332610065425E-18,0.22230182090203096,1.7144452762923835E-17,0.7776981790979672,6.575782732505511E-20,8.24941688273672E-20,
2.789601071935705E-24,0.014302499646671409,3.578417605488881E-24,0.9856975003533284,3.1619787432417925E-26,9.339781476655835E-26,
4.560639559565675E-16,0.006124157235050438,1.678284934862414E-17,0.993875842764946,1.1483117442678978E-18,1.0859979406571581E-17,
3.934493279210058E-16,0.08889560420982917,2.767905961304932E-16,0.9111043957901717,7.965970650101663E-18,1.460381453872846E-17,
5.863026248632744E-14,0.10913881109365589,1.1323875913899501E-13,0.8908611889061688,1.6188412317072306E-15,2.199516116061629E-15,
1.3402033843463595E-15,0.03717370507756461,7.663530624438617E-16,0.9628262949224307,2.6517200797634326E-17,2.3244814410340413E-17,
1.3992563394923077E-23,0.25379595143519773,3.652676807095616E-23,0.7462040485648018,1.9437075167005185E-28,1.895818781086369E-28,
3.1537973591735744E-24,0.17724097775443337,5.064798176525145E-24,0.8227590222455649,7.206140706983643E-26,7.370608209610154E-26,
2.4950749565950535E-17,0.027932157748760716,5.783468115623144E-18,0.9720678422512391,1.4650459766152933E-18,1.8820408577171242E-19,
4.861830906048693E-17,0.17160817668948788,2.2552817749774482E-17,0.8283918233105062,1.5853349124141956E-18,1.7764870286356057E-18,
3.552209994171974E-17,0.12750454113409307,6.192895617829026E-17,0.8724954588659057,1.9166028350354918E-21,2.1132297285666414E-21,
7.562432278461443E-12,0.21183204080119566,1.0035334868107271E-11,0.7881679591804405,5.727088588436426E-13,1.9232001468609083E-13,
3.484613913497927E-14,0.2146003753426866,2.374542943438107E-14,0.7853996246572525,1.7404048514106929E-15,1.0122763949353842E-15,
1.3802163592969655E-20,0.01832383008009026,1.8026787701247108E-20,0.9816761699199101,3.4209965821337763E-22,1.7856348388631374E-22,
1.891938355178319E-15,0.3534103807022029,1.1998264985551958E-15,0.6465896192977933,1.0521308263687951E-16,1.3157370229279176E-16,
4.022902192574264E-12,0.24250871225035608,4.625518774986204E-12,0.7574912877408552,9.149453486423745E-14,5.0135174285224796E-14,
1.8153552287698274E-14,0.03837427622409894,1.0724725810386572E-14,0.9616257237758702,2.2730210287716496E-17,2.846947638551229E-17,
1.4582209511943694E-15,0.07512129632613225,1.897887647483499E-15,0.9248787036738604,1.2765123634587664E-17,3.637104329713524E-17,
1.267511071432163E-14,0.18336472021764827,1.194725544486973E-14,0.8166352797823236,1.4403144263189706E-15,2.6126182684778055E-16,
3.242749057908527E-16,0.19418983549174557,6.289085473685701E-16,0.8058101645082532,6.178342010325727E-17,1.581361306303425E-17,
7.972165409749039E-21,0.24013630461501317,3.144453620748178E-20,0.7598636953849847,9.235197090303908E-22,4.347123410064328E-22,
4.622558899288211E-19,0.43755563891067156,1.7614403663730813E-18,0.5624443610893286,3.2184422106914936E-20,4.4165539746693577E-20,
1.3900767164401863E-20,0.2563753912373489,1.598017587872639E-20,0.7436246087626552,5.121203421506014E-22,3.91629367939046E-22,
1.900786938149219E-20,0.12128392496769183,1.674319409874185E-19,0.8787160750323124,5.165798598893706E-21,5.422515922052213E-21,
1.1679916107809038E-19,0.48366059636878517,1.618369791074915E-19,0.5163394036312163,5.746894503073281E-21,2.1691953199209378E-21,
2.7752760792921487E-17,0.0738217909451544,2.1695707010475964E-17,0.9261782090548454,5.736954850684896E-19,6.462629047485029E-19,
3.1357083685088555E-19,0.07043419406218111,7.437068182001079E-19,0.9295658059378185,2.92985062247706E-20,1.3648443753673777E-20,
9.918545338027697E-18,0.021015329912678835,8.774055469858934E-18,0.978984670087323,1.8428566212100821E-19,4.351528671404938E-20,
5.82238556350895E-13,0.16541404336227472,4.64615833532208E-13,0.834585956636675,2.394382157618184E-15,8.352947483669634E-16,
3.917754508652736E-16,0.1258780910863493,4.915447263630155E-16,0.8741219089136446,5.745727021632261E-18,3.177831385609732E-18,
1.7003356493385516E-11,6.452176893856215E-4,3.332824901474167E-11,0.9993547822597529,5.044901222074597E-13,2.3705610626089503E-14,
7.307127108092002E-13,0.001932778473874525,8.70195345004618E-13,0.9980672215245033,1.004355792675343E-14,1.1407072580468776E-14,
2.104051821886289E-16,0.004384461227425264,1.176471383116907E-14,0.995615538772558,1.1697745621489295E-16,4.934312985475531E-17,
9.04395830647796E-18,0.040112595269215075,6.377224038186064E-18,0.9598874047307819,5.949006341629397E-19,3.792619936748584E-19,
2.3195631212695584E-15,0.23469241163639432,1.4440989176145238E-15,0.7653075883636014,5.766413955369643E-16,7.234320776851649E-17,
2.9391220563282E-19,0.06578060129727684,3.2980411804994536E-19,0.9342193987027255,8.899725476290143E-21,7.790617649763865E-21,
3.369593287636334E-15,0.022808878372679853,4.176250497338824E-15,0.9771911216273174,9.938654784141686E-17,4.326542084793917E-17,
1.0055949714470099E-15,0.12927660140540773,4.516825344911429E-15,0.8707233985945863,3.0770933687147137E-16,2.0334959603679253E-16,
3.2950564325459056E-21,9.580893472995795E-4,1.4686973378385024E-20,0.9990419106526995,1.8269723068639824E-22,7.366528904066405E-23,
3.5876152158246313E-17,0.15157345633794003,9.648960003242529E-17,0.8484265436620588,3.704248434323951E-18,2.280296126642571E-18,
9.205581909398438E-16,0.0859823966289893,8.10141924973847E-16,0.9140176033710083,5.741673422653379E-17,1.0508733586988305E-17,
6.5474946647983535E-21,8.404625305232795E-4,1.0308218837264298E-19,0.9991595374694826,2.0085736248901376E-21,7.455667774819725E-24,
2.747524058706478E-18,0.2752847542003806,1.1940308891406386E-18,0.7247152457996167,1.2982071996405792E-19,5.3065034278497817E-20,
9.38636464371284E-20,0.34502485018419304,7.18668643716687E-20,0.6549751498158124,1.7578998571899357E-20,3.238173475611493E-21,
7.334992353412984E-20,0.007847206556093672,3.997051137471759E-19,0.9921527934439047,2.544130864874746E-20,2.374145164133398E-21,
3.697873269748865E-17,3.6174239924038027E-6,2.0376678633236686E-17,0.9999963825760098,2.0338830409913415E-20,1.8601993353198757E-21,
4.6902882674256726E-15,0.0814546641974848,2.271338373507552E-15,0.9185453358025075,3.40758800023319E-16,2.018153491272525E-16,
2.5089216690678213E-14,0.012499899941247214,9.803589785360291E-14,0.987500100058617,1.1107845584369995E-14,1.6043457093040696E-15,
1.2202797395557503E-19,0.2766716656825065,1.8437591388226688E-19,0.7233283343174921,5.645935029647982E-20,4.2954186766975704E-21,
3.9856244925051823E-23,0.23395900838832118,5.149929318147235E-22,0.7660409916116753,7.957195050867151E-24,7.70140457161561E-24,
5.577914846158143E-19,0.006682949608964902,1.917455146318871E-18,0.9933170503910362,2.5933797307895404E-19,4.4501695240907304E-20,
5.546669879246419E-14,0.0920178840150796,6.870379142646875E-14,0.9079821159847797,1.1629363828080652E-14,1.9741291381049973E-15,
3.620627231130384E-18,0.1498579784380939,4.817709941091877E-18,0.8501420215619063,7.873820811402569E-19,6.388770916302135E-20,
1.1972014536483708E-15,0.15507394579863062,5.047348473568316E-16,0.844926054201364,3.3278865570470836E-16,1.0113907177785146E-17,
2.6704676482566086E-18,0.32135163028094665,1.9644235778399048E-18,0.6786483697190541,1.5189845347940241E-18,1.1959985080085791E-19,
7.613264683164242E-16,0.05994836629381654,8.776000252052905E-16,0.9400516337061815,2.910977368980462E-16,1.1677551420226462E-17,
5.479480663817165E-19,0.004369198375218325,4.602065263224916E-19,0.9956308016247807,4.0939967555180065E-20,2.491207970861041E-21,
6.868553357299833E-16,0.02844605463852031,5.479406847725239E-16,0.9715539453614773,3.056470314298535E-16,1.4542521506759653E-17,
8.981797674699619E-19,8.894285246076564E-5,5.59656573104415E-19,0.9999110571475409,1.4140796175256336E-20,6.171334320676308E-23,
1.5424073787915067E-17,0.0015570094622574292,2.533823241542372E-17,0.9984429905377421,6.618577821433455E-19,2.6310942569276173E-20,
1.0883044097499124E-19,0.05351768251707749,2.0948636551120252E-19,0.9464823174829248,1.7519125537383675E-20,6.021117035202152E-23,
4.502191014221419E-14,0.08808818199601076,5.956277866143647E-14,0.9119118180038461,3.945970648609259E-14,7.993851345074252E-16,
7.655655937870398E-18,0.007273769136028797,4.546506825007552E-18,0.9927262308639743,6.044641200427222E-18,5.852331271365424E-20,
2.1346624260404452E-20,0.009151793250856256,1.0472314673812403E-19,0.9908482067491425,1.672811332713341E-20,5.117922397654463E-22,
6.958800121045908E-18,0.13806549386698475,3.043910766418385E-18,0.8619345061330119,1.0535470789722175E-17,2.238488325300822E-19,
3.517908293831759E-25,0.005615703655575458,7.366616172076023E-26,0.9943842963444273,1.805985968668526E-25,3.9393013344230724E-27,
6.594900058727256E-20,0.17935207148903415,7.299912904586545E-20,0.8206479285109641,1.108018132307301E-19,8.834063510937746E-22,
2.7683352319094375E-16,0.12692710115647415,5.14273488764347E-16,0.8730728988435246,1.2311347646513855E-15,1.1527555387227233E-17,
1.989122429221781E-18,0.13619379311601623,1.895636123976671E-18,0.8638062068839835,2.9529591100912008E-18,1.6533223802678235E-20,
9.180954317717724E-16,0.1296103426367382,3.644814937793251E-16,0.8703896573632621,2.264207294708027E-16,6.650976210609884E-18,
6.088551010886241E-19,0.074402524902112,7.147002174655802E-19,0.9255974750978903,7.643823847790321E-19,3.636585280687859E-21,
9.48077610621571E-18,0.35003240592368307,1.801412241572441E-17,0.6499675940763204,8.114016356521794E-17,1.1514717406453682E-18,
1.7186860740226708E-19,0.10354357629911003,2.6473500317340083E-19,0.8964564237008884,1.5509230081607978E-19,6.563667651902503E-22,
2.3354191045271548E-18,0.1554525185853835,8.905999559206492E-19,0.8445474814146214,1.3983322870294206E-17,1.0864045448014198E-19,
3.196453653527648E-19,0.01743951945196006,6.821483592848256E-19,0.9825604805480438,1.3371545507272334E-18,3.0513428918200117E-21,
3.7931121787613475E-18,0.2627425348276139,9.641293133770494E-19,0.7372574651723869,1.2427116113054162E-17,7.535706956884946E-20,
3.447842417546042E-20,0.22004647151134338,1.6490631129695412E-20,0.7799535284886542,3.0869585892808046E-20,7.372274917931005E-23,
1.8883321654934803E-18,0.02316263647955788,1.286831277976644E-18,0.9768373635204395,3.792302691146851E-18,4.873828849594094E-21,
3.7543058861952926E-19,0.186042886780062,5.727472091728716E-19,0.8139571132199362,2.3203176717491714E-18,2.2818301345134117E-20,
2.9121828746507104E-19,0.022160688100394225,1.5181897057777374E-19,0.9778393118996112,4.720783752566358E-19,1.7544025191185637E-21,
7.248967061492048E-17,0.0929426340162095,1.5320913961839225E-16,0.9070573659837953,8.037444935446325E-16,2.393973624034375E-18,
9.615364249511877E-21,0.18493059917967694,6.063780566020279E-21,0.8150694008203185,3.26172229205163E-20,8.020512178587609E-23,
2.7247516862097324E-18,0.0013309368311415382,3.248417986535355E-18,0.9986690631688578,4.46514253398442E-18,5.572858400355187E-21,
3.2215046562592607E-24,0.1467923846524585,6.5979778718724074E-24,0.853207615347541,8.182669396150385E-23,5.565725694837969E-26,
2.1782990075296675E-23,3.764633111139493E-4,3.9322948879220486E-22,0.9996235366888822,3.2045224316085417E-21,2.4083191506254702E-24,
9.004023808158457E-10,0.002724280021086214,6.448889611111698E-10,0.997275714067697,4.3555426197882555E-9,1.0383247596519521E-11,
1.0147628390625941E-14,0.2420973651327065,2.25123445733686E-14,0.757902634867091,1.7317007027491902E-13,1.8136045521613861E-16,
1.7286285541485255E-12,0.10853980612235929,2.234312221773308E-12,0.8914601938092096,6.441567630669389E-11,5.266992985977232E-14,
1.2817712832119277E-18,0.20897895526709706,1.396499131884958E-18,0.7910210447329025,4.967149691400652E-18,3.673303396013358E-21,
3.026620869919397E-9,0.044906092507147236,4.073012009593963E-9,0.955093861939024,3.8407528785664256E-8,4.666712911524619E-11,
1.5292727985733408E-12,0.001645979812414851,4.732947423111845E-13,0.9983540201797512,5.827852576318199E-12,2.5571613638868384E-15,
1.4620225972315405E-23,0.0013189276566654572,2.2258321957724927E-23,0.9986810723433387,1.1670619263885895E-22,9.835891682897046E-27,
5.927952143940316E-21,0.2144313346731576,2.6774872196026727E-21,0.7855686653268461,3.679857614780898E-21,8.257254652851199E-25,
8.434052847176901E-18,0.003877528707265084,1.006700582651337E-17,0.9961224712927318,2.2382640359679235E-16,1.6724572644130278E-20,
7.29366044941988E-20,0.14796358063914172,7.14978726135875E-20,0.8520364193608562,4.679510383882124E-18,4.044545379276731E-22,
1.6700250675729568E-14,0.10399035551000896,2.910194588408324E-14,0.8960096444878797,2.0635903647114043E-12,4.0886647574483943E-16,
1.0246705482850862E-15,0.23608477351273108,1.9403434631524905E-16,0.763915226487241,2.2520346857011425E-14,3.651336693034832E-18,
2.33338566696202E-13,0.2021342801679974,1.4552698779071164E-13,0.7978657198199824,1.164063067437653E-11,1.1394010924163077E-15,
3.836673051382651E-18,0.17472334973789666,4.1097986844106204E-18,0.8252766502621071,5.399068215848191E-16,7.177212530030824E-20,
1.4149698856167595E-22,0.6537280181545785,1.514520157437408E-22,0.3462719818454238,1.9374258642285166E-20,4.189190719647751E-24,
3.399536829454018E-22,0.12487535553656413,3.815643761446609E-22,0.8751246444634339,1.427918230083996E-19,8.341402651252373E-24,
1.305555416369545E-14,0.019109666553861652,6.9994882583592474E-15,0.9808903334452358,8.819449056560803E-13,1.6795680118725191E-16,
2.7215153732453857E-19,0.19803853385482736,1.3399545508873455E-19,0.8019614661451729,3.690612414515143E-17,4.277799087098627E-21,
1.591988215313999E-21,0.0672267814542389,1.3614627303429443E-21,0.932773218545763,1.3474179635220577E-19,1.1244041845604403E-23,
4.482660826197676E-18,0.05856972538574028,6.64848804073815E-18,0.9414302746142571,1.6542487782362045E-15,6.049504758786951E-20,
9.771880437763645E-19,0.17324093188902917,2.5993005220835384E-18,0.8267590681109677,3.853776394273832E-16,4.512878850705844E-21,
7.998980177266003E-20,0.0068494536347370495,6.198847396265514E-20,0.9931505463652661,1.7325478201751763E-17,2.576271323691346E-22,
3.313638661360769E-14,0.10391095106123822,3.480158463208117E-14,0.8960890489213731,1.7320080571483248E-11,2.691006497274898E-16,
6.2253793075729475E-18,0.03788005923204044,5.8492426985374285E-18,0.9621199407679568,2.5519991809364246E-15,1.1399117156230862E-19,
2.010709584461889E-18,0.29858215608954825,2.3587857772346814E-18,0.7014178439104487,2.970923323200071E-15,4.952123506992093E-20,
8.524789314783604E-15,0.033816084195944486,4.798091782819096E-15,0.966183915799994,4.052371181790061E-12,1.8724360257888632E-16,
5.260508000626788E-16,0.19335106451112438,4.800343261892845E-16,0.8066489354888214,5.5074206429938015E-14,1.2504076377673338E-18,
2.610068168835318E-15,0.26198706418996665,1.806003450613883E-15,0.738012935808244,1.7858981926629349E-12,3.816509269446275E-17,
5.787164662169957E-16,0.2717315269724313,6.177328207993397E-16,0.728268473025122,2.4445101311091458E-12,1.5859468115622262E-17,
9.208762401343688E-14,0.16539196406622977,4.628427700303197E-14,0.8346080359264758,7.155882071082528E-12,9.937734353225347E-17,
6.360114889885639E-16,0.14333672215966062,2.0059307400340213E-15,0.8566632778377031,2.6344926450132346E-12,6.548524798081145E-17,
2.4186695601110834E-18,0.04126614264883509,3.709471523126794E-18,0.9587338573511637,5.383187104036513E-15,2.6339859706978045E-20,
1.8891155187783115E-22,0.27590847413560016,1.8901598549247484E-22,0.7240915258643991,6.993055436442064E-19,1.9543624403012874E-24,
4.616580650945958E-14,0.002928795982907707,1.1165480273086796E-14,0.9970712039944609,2.2574682107828432E-11,1.132014588493462E-16,
4.658248818016609E-20,6.891625209277326E-4,6.570115191713847E-20,0.9993108374790746,5.118535078660043E-18,9.21471081359182E-24,
2.95848626844531E-17,0.023495266430319253,3.116396771890349E-17,0.9765047335695836,9.524210944237077E-14,1.7959891639225333E-19,
8.138838751410366E-17,0.022222314724408488,1.6774237168048E-16,0.9777776852754574,1.3424614070741648E-13,3.195132901220526E-19,
1.9977966866866227E-17,0.16584745326256298,8.586135898961149E-18,0.8341525467374318,7.542212692845248E-16,8.960918271204528E-22,
3.288655144752198E-17,0.21205777851777874,1.3459452756923735E-17,0.7879422214821953,2.3293182864024155E-14,2.3599281168874023E-20,
2.227251942376694E-19,0.2680451641735617,4.838034196811154E-19,0.7319548358264368,1.2496243480718602E-16,5.640687973890339E-23,
4.811338581519165E-17,0.03952104674982758,3.005445579134369E-17,0.9604789532497272,4.402049846035298E-13,1.922987839467085E-19,
8.143512740331308E-16,0.06476328692234894,1.395592178230605E-15,0.9352367130678271,9.817092377183494E-12,4.772537112206451E-18,
3.299905996626666E-14,0.32980433652748214,2.6581628507849708E-14,0.6701956630483772,4.240797127211071E-10,2.231062082774997E-16,
9.790657785815239E-18,0.0020562551480745816,4.303574926327418E-17,0.9979437448519117,1.4252714265830644E-14,1.2003981460684621E-22,
1.5620075243557714E-17,0.09085707548739524,9.452947417085385E-18,0.9091429245122603,3.44801769792437E-13,2.8472697336365456E-20,
7.514268293751001E-22,0.16569926544248256,7.69790987053393E-22,0.8343007345575163,1.7182210658956606E-17,6.367789849209175E-24,
1.579761298992783E-20,0.3601915683383257,6.550517401251819E-21,0.6398084316616761,5.452986017007916E-16,1.747216677237038E-22,
3.3469971176216854E-20,0.1831689680558708,3.1990394835445956E-20,0.8168310319441218,2.1244982371874036E-15,2.679894714000613E-22,
1.9725532517027227E-19,0.0033252429929731533,2.710893879135794E-19,0.9966747570070167,1.0216059918045763E-14,2.5575506454312655E-21,
9.825337523262501E-17,4.4740212751305026E-4,1.579297494557229E-16,0.9995525978714677,1.0233270133381904E-12,1.6951711630133233E-19,
4.077093081927208E-19,0.1959410273430446,3.060983154952937E-19,0.8040589726569316,2.9162092262274845E-14,1.1230009657879309E-21,
5.42695102792229E-23,0.2504234685790903,4.029165681969336E-23,0.7495765314209096,6.639301644240811E-18,4.0574807221186734E-25,
1.611109133024827E-22,0.08985690614883247,8.256765216492936E-23,0.9101430938511668,9.380474164736212E-18,2.313533517263789E-25,
4.94102881956294E-23,0.013945975137711645,9.20427801408314E-24,0.9860540248622888,5.720673856399575E-18,1.0028708256725556E-25,
1.4408640335728277E-21,0.009762142846465382,6.894429193373556E-21,0.9902378571535351,5.678455087134154E-16,1.4701561745328632E-23,
1.6181758078194234E-18,0.15197786529546628,2.0055456566574065E-18,0.848022134703545,9.889056829203028E-13,1.7459119782329502E-20,
6.097995970932419E-26,0.20681775775917055,1.1146555701259343E-25,0.7931822422408302,7.289523530551356E-20,1.94130610756228E-27,
1.7399512692653127E-25,5.125423457066591E-5,5.754097571806119E-26,0.99994874576543,1.8044147861682282E-21,2.186019100766736E-29,
1.0364926645100327E-27,0.0017180010698522128,9.445526010466445E-27,0.9982819989301465,3.783032257758604E-21,4.421932332538994E-29,
2.6838475378940383E-28,0.020643724072534935,1.2426856426798515E-27,0.9793562759274609,2.5842180193709686E-22,6.656149887398413E-30,
3.426155088931885E-23,0.06306719731065427,3.466564512112316E-23,0.9369328026893449,2.2046000360405227E-18,7.110080666879369E-26,
1.365676840557249E-22,0.3209800403647463,1.7678592553252618E-22,0.6790199596352526,4.081359195972771E-16,5.594050002646032E-24,
2.4470889081575967E-26,0.15500710746578072,1.4152056106114223E-26,0.8449928925342131,1.630792944185596E-20,1.3683631821795287E-28,
3.6278197348772217E-28,0.32726673260339856,5.44601847291232E-28,0.6727332673965973,8.266861510186431E-22,1.0551411504440124E-29,
1.1198795392576737E-29,0.0630653415492127,2.6813559946622056E-30,0.9369346584507824,2.9027784141385583E-24,4.597255079042963E-32,
6.340834159786897E-27,0.005346373772950034,1.336950566114033E-27,0.9946536262270489,4.3896572897349866E-21,5.21258933079918E-29,
3.6828967529011394E-12,0.11867094382500877,3.9351163748711075E-12,0.881323757007131,5.299160217770486E-6,2.683737932379152E-14,
2.2550716717393275E-13,0.007942941087298053,4.95808433237597E-13,0.992056843376994,2.1553498315871563E-7,1.6453294782137852E-15,
7.500723874980089E-15,4.1326764021101185E-4,5.414674466155016E-15,0.9995867321682206,1.9155296100869294E-10,1.300586655638589E-18,
1.9329270601199968E-13,0.07179442116100311,9.950016036442604E-14,0.9282051086816243,4.7015707753954125E-7,1.4623635216447404E-15,
7.061438658379996E-13,0.13427906347248195,6.11339133421019E-13,0.8657198366894023,1.0998367952944604E-6,4.027931733490416E-15,
4.444693364295391E-16,0.17525545358861386,7.161671153460453E-16,0.8247445442585216,2.1528595354543774E-9,6.633654406620654E-18,
1.8604210917392641E-22,0.15272313647553695,1.877597824831708E-22,0.8472768635244599,4.519726379902892E-17,1.1354666325434048E-25,
2.685354827260914E-17,0.035367933606208046,7.802784878861689E-17,0.9646320652354949,1.1582976368138017E-9,8.733265712541355E-19,
1.1658440941632221E-21,0.00266534531082069,3.3095367721965487E-22,0.9973346546891763,2.6371361014508797E-15,3.2865762306007106E-24,
1.1159639469829179E-11,0.016771833105507627,1.5609280895146366E-11,0.9831138962215904,1.142706460173548E-4,1.1754122799496038E-13,
4.522359445755831E-16,0.08157946967015894,1.9092920707870373E-16,0.9184205295621202,7.677242045064238E-10,9.866109355952527E-19,
4.9434429215418526E-12,0.0458577314528904,1.243404865857503E-11,0.9541144770428513,2.779148687149871E-5,1.1178557994562469E-14,
2.861465430816871E-15,0.009347481429043845,7.870560088685464E-16,0.9906525112797063,7.2912458080212055E-9,4.541552791464549E-18,
3.057438647023875E-22,0.1541765086731161,5.124658009554044E-22,0.8458234913268874,1.0649444129411514E-15,7.114333881670637E-25,
9.931576353189756E-20,0.018069544538437936,9.429335451489166E-20,0.9819304554606051,9.583623439996824E-13,5.439872232461484E-22,
4.0027756983495065E-15,0.004011008769157949,1.8376819405009884E-16,0.9959889706356262,2.0595208828211234E-8,1.0753109304988854E-17,
1.6587588387252092E-15,0.015481463513798574,4.522865214020287E-16,0.9845184864946326,4.999156986431768E-8,3.373094813480876E-17,
8.519162256533815E-14,0.20027456495231039,1.1012787536939423E-13,0.799723040914477,2.394133016954351E-6,8.642746721556759E-16,
7.645986684503852E-11,0.062063403000073285,1.531770899919516E-10,0.9375363153330235,4.002814362037717E-4,1.0610484420583033E-12,
1.977428765919147E-14,0.0544867880030708,1.1280587878829496E-14,0.9455131724191405,3.957775704374805E-8,1.4399585065739576E-16,
8.347363546626649E-23,0.16043463135414276,5.0633437729750356E-23,0.8395653686458585,2.623058291395248E-16,4.604357083205084E-25,
1.0770166301727871E-17,0.054214597117414366,5.078233933020123E-17,0.9457854027795277,1.0305460495090679E-10,2.1003827111570363E-19,
8.962178111514183E-15,0.09262671418820587,3.5454662284946068E-15,0.9073732390706127,4.67411687275602E-8,3.570095120762272E-17,
3.3739224008003885E-20,0.0013070626165660984,2.055150276521592E-20,0.9986929373834272,2.3038456370210267E-15,1.958669224657817E-24,
6.553942294595973E-16,0.005359147621803297,2.9081445374069246E-15,0.9946408510748683,1.303327720150452E-9,6.313061319914986E-19,
1.9819780712470351E-16,0.17214013690343766,2.0958930264756175E-16,0.8278598614510337,1.645524008374222E-9,1.507194642979493E-18,
1.757942573189084E-17,0.2919677551328837,2.3169994957721172E-17,0.7080322448657184,1.3947548750615049E-12,1.3528241469673181E-21,
3.3085805826512014E-19,0.036062868584471504,1.755041428937796E-18,0.963937131409383,6.148038965182905E-12,3.425892129469155E-21,
3.0991536922573234E-18,0.29353214914608555,2.463544188966016E-18,0.7064678508215655,3.2346688988263094E-11,7.948432701383658E-21,
6.836508604815865E-16,0.1371827895642706,5.593367897148549E-16,0.8628172041588904,6.276838052361556E-9,1.725226827153728E-18,
4.462606256917041E-18,0.04775221267125013,2.202196791393231E-18,0.9522477872865206,4.222358138523591E-11,3.0865040204825084E-20,
2.2172588705565312E-16,0.12116214388812226,2.2906039353256454E-16,0.8788378504448559,5.667020381507498E-9,8.383378011774049E-19,
2.0042492187145638E-19,0.10264859981089698,2.0506743305532525E-19,0.89735140017987,9.2333046904624E-12,3.1423851239386224E-21,
1.2560731865595225E-20,0.06449452361633183,2.246899628462843E-20,0.9355054763831987,4.663568116396234E-13,3.164758629099297E-23,
2.6636194598301958E-18,0.18210846284033094,3.168316049855443E-18,0.8178915369736528,1.8601480595994694E-10,1.2068711533145968E-20,
5.917625129641559E-19,0.047085083634648445,7.04731782023958E-19,0.9529149163555484,9.802663789189181E-12,2.0012828076421238E-21,
1.3438226876981778E-19,0.12859804454444243,1.4349796773075295E-19,0.871401955455515,4.306333814376788E-14,6.082365189624042E-25,
6.449433810406041E-14,0.045204340431246506,4.7001036823337836E-14,0.9547932449604679,2.414608171833981E-6,1.8086561346769402E-16,
2.2569628381506846E-21,7.024216862288513E-4,9.837016749578556E-21,0.9992975783136606,1.1282964137160764E-13,1.3779176791277818E-23,
1.0197588325570059E-14,0.2172520262881825,1.3088843020000236E-14,0.7827477247150143,2.4899678146540907E-7,8.512803808951068E-18,
2.723426973956784E-16,0.1197765122416056,3.263199813533689E-16,0.8802234328256142,5.493277585137675E-8,2.2836162487958856E-18,
1.348565253196249E-16,0.15284374090628142,1.6738826758165838E-16,0.8471562331926341,2.5901087210168296E-8,1.0037120158256687E-18,
2.6508076889542772E-18,0.07911964956631899,3.1675938503474516E-18,0.9208803500726036,3.610801814886308E-10,1.6430892873198963E-20,
