
0.25268293224169086,0.26271926548971536,0.24698253485395077,0.2375827426641619,1.7355050424896262E-5,1.5169700051815873E-5,
1.1280612489163226E-5,0.9140427618123091,1.5802473147405172E-5,0.0859301445530272,6.461623634912337E-9,4.0874027936234465E-9,
4.230799281571702E-6,0.6972859698199378,4.557076906954103E-6,0.3027052382062645,1.404765584821842E-9,2.692843415817523E-9,
6.841569460939071E-6,0.6590561561784491,6.71555196084507E-6,0.34093027186833386,5.490519039552465E-9,9.341275586739617E-9,
1.1276556736902215E-8,0.8899827130320812,1.4083539493519881E-8,0.11001726157631775,1.9276116690205488E-11,1.2229998727537292E-11,
6.248516530004708E-11,0.7994664058463714,9.807317131078008E-11,0.20053359399191018,6.727193997949149E-13,4.878132509255168E-13,
1.4043092460542315E-8,0.9968563498204233,2.435752759277726E-8,0.003143611776397314,1.1220892234294319E-12,1.439354530222658E-12,
4.644102218088851E-9,0.9863707911285019,5.341403979357142E-9,0.013629198869805076,9.318139027562068E-12,6.867970182655374E-12,
2.5203848402204264E-8,0.5930130474092844,8.833969927514395E-8,0.4069868378071428,5.424027097664864E-10,6.976226506882268E-10,
4.79444697637913E-12,0.9962210914679692,4.7612513972931685E-11,0.0037789084795882637,2.3047786146754235E-14,1.0882443762086553E-14,
2.3528259117891507E-7,0.5970930488855807,6.91264405982691E-8,0.4029066462109156,2.417084785859926E-10,2.5276280429775525E-10,
3.73378489127693E-5,0.5903227807512913,1.0659432353686489E-5,0.409629221686008,1.6869756411639614E-10,1.1273773824268096E-10,
2.586711914038074E-8,0.9287283863095877,8.743527676192637E-10,0.0712715869036572,7.859957197585804E-12,3.7422757310678595E-11,
2.417798442374482E-8,0.9131847277287292,1.85099590519867E-8,0.086815229566959,8.062233494144801E-12,8.30782530287545E-12,
1.1469712076634551E-7,0.9928776255918197,1.0684311793126843E-7,0.007122152123859345,1.1336583969253359E-10,6.307180286692825E-10,
1.0798490391403291E-10,0.6776907525749759,6.267507027304946E-12,0.3223092473107394,1.5369493079635065E-14,1.6351137721659525E-14,
1.2325125537474443E-9,0.7266882622453781,5.7696265150379195E-6,0.2733059668951888,2.6439507014966623E-13,1.4312803593376387E-13,
3.457829362131194E-8,0.9202011560565637,6.857069781842616E-9,0.07979880250804393,1.0540117706998057E-14,1.8047988048053287E-14,
6.585113651269688E-10,0.793819422830341,9.91856161747709E-10,0.20618057551928884,1.0220174037737452E-16,2.181330511126527E-16,
8.569185967852555E-9,0.8424105204452834,1.2415801281099286E-5,0.1575770551842497,5.180190521775439E-16,3.0559440771003545E-16,
4.400949839365332E-8,0.6060709016994779,5.238664521777744E-6,0.3939238156243435,1.2267212768564162E-12,9.313066049168163E-13,
1.997842043093455E-9,0.32384585608078703,7.495022540216126E-6,0.6761466468981258,3.0349326968382074E-13,4.014382463343637E-13,
5.311901306625399E-10,0.8275519807932156,1.4293017370434955E-5,0.172433725658225,6.33007270157919E-19,4.929918800561677E-19,
5.501420745950771E-9,0.9494387348753507,3.6853883627120216E-6,0.05055757423416409,6.039579827665497E-13,9.575497606704834E-14,
2.2296135910224405E-9,0.9943884739472922,1.3515880952318232E-5,0.005598007924475038,1.0102774650397304E-11,7.564061507784653E-12,
1.3552888673268952E-9,0.7102943025578411,9.413632684424748E-7,0.28970475472357404,7.565432765550446E-15,1.9546336152214296E-14,
6.233724230069434E-15,0.46255820193658254,7.831759599616555E-9,0.5374417902316531,1.0925002144345266E-18,9.086508785863523E-19,
3.9980629378951226E-14,0.7159064294114579,3.4972178926066593E-7,0.2840932208667139,5.014072996626712E-21,1.2156021056526365E-20,
1.6509115799263913E-14,0.993865153598089,7.013193141700574E-8,0.006134776269962233,2.915824727935923E-24,1.0866684370429667E-24,
4.862500770167172E-16,0.9813993241811118,1.330276022399333E-8,0.018600662516127728,2.895360383446845E-23,2.545555079770856E-23,
1.2572553294859446E-9,0.9622178841211713,5.568028886083774E-6,0.03777654658622764,1.275181030811885E-12,5.185544566287999E-12,
2.3879725366438364E-11,0.9621438748350254,4.79485360767418E-7,0.037855645655721026,4.903115879138108E-15,5.4035444375558875E-15,
3.147604876813487E-15,0.9558036809794727,1.7730637738145526E-7,0.04419614171414634,3.71331759818917E-21,4.13814081928171E-21,
1.1483211980878361E-16,0.9776540873625076,2.6792833360403533E-8,0.022345885844659436,1.511803522979993E-25,9.645381482467774E-26,
2.088669453850921E-19,0.8379930698795016,3.0853108573252797E-9,0.16200692703519187,7.811740074254315E-26,7.42521339813049E-26,
1.136119184869339E-10,0.8865084649938035,2.2160564663999606E-6,0.11348931883530185,3.717882294758806E-13,4.4420162949000113E-13,
6.448908708277011E-18,0.7964523658970722,8.743884231795399E-8,0.20354754666408453,2.244038469029064E-21,6.6815442628567666E-21,
3.923196828423345E-16,0.7937599159341516,1.0949721370883645E-7,0.20623997456863716,2.3417456660490563E-22,4.132794215800229E-22,
1.1515468404020937E-14,0.8785699408173435,2.880851376341274E-7,0.12142977109750498,1.8709622233736298E-20,1.8297294812759533E-20,
3.102687506386799E-22,0.937686850283722,1.7693546856936702E-8,0.06231313202273542,1.0912382572223543E-29,8.028567357047739E-29,
1.4496598099055148E-17,0.8754210248739519,3.4201178787023476E-8,0.12457894092487139,1.7064474002288643E-21,9.074439244834836E-22,
1.052499037668015E-19,0.808304159182853,5.165283470641242E-9,0.19169583565186488,2.8535775252170835E-25,3.607902209242925E-25,
1.5425525599060413E-18,0.8853655135601022,5.379059765756694E-9,0.11463448106083507,1.1112294130604615E-23,1.4549101974396567E-23,
1.424636631370922E-20,0.9983660201022683,1.2058625217511884E-9,0.0016339786918717002,1.391779009008473E-24,1.3068358119851131E-24,
1.3672200348022484E-18,0.939830775635325,1.3416940601030784E-8,0.060169210947733566,5.738944396188565E-23,3.4553614177755034E-23,
1.797225269588825E-24,0.9646976353470541,9.741062477237812E-10,0.03530236367883919,1.995773231749705E-33,3.6158929440965015E-33,
5.144738051424856E-10,0.9931810616861282,9.768652792104109E-7,0.00681796093403452,8.2145708422595E-14,4.30469387627032E-15,
4.519342909938197E-18,0.6666650017648376,2.570525021349623E-8,0.33333497252991456,7.555622060856587E-24,9.91510881434728E-24,
1.190779047006457E-18,0.8960166456124065,1.9766382919670776E-8,0.10398333462121133,5.126385682545187E-24,1.1047765222585083E-24,
1.492874732257239E-11,0.9490282168177052,3.333026975509558E-8,0.05097174983709554,9.87889138389863E-18,2.783647761311171E-17,
5.061588208063648E-13,0.6637040567948906,4.462556659039684E-8,0.3362958985790358,2.7639235881470568E-17,6.943963499883545E-17,
7.98170138772309E-24,0.9999997125543036,1.0528105958576926E-10,2.87340414287638E-7,5.37652351694375E-33,1.3394352612437599E-33,
2.3864494853644646E-23,0.9315128037816622,2.3578582925005227E-9,0.06848719386047789,9.132068725711747E-34,5.137003282686269E-33,
6.075555270924283E-13,0.5726025544293797,8.628057225444188E-9,0.4273974369419545,9.378060290447396E-19,2.147489675282284E-18,
6.884184746001334E-16,0.9939068320454691,5.341051257364442E-10,0.006093167420427002,1.2795306048461578E-29,3.830606527305121E-29,
6.180513376076325E-9,0.7233834283357775,2.8205722068297063E-8,0.27661653727798746,1.7943425532293497E-27,7.691545911336923E-27,
7.44849730775404E-11,0.6580908226920708,1.016841705420236E-8,0.3419091670650277,1.6771633785377256E-37,4.1673346217138333E-36,
6.604653931954887E-17,0.8330298248947694,4.483082070583249E-11,0.16697017506039977,8.489209564533243E-33,3.3312520793628553E-32,
2.468991720985999E-8,0.9840732871550301,1.359877142288257E-6,0.0159253282779115,1.1649364795739949E-20,1.159950336581059E-19,
2.9893439979313244E-7,0.9934427304699294,1.133344204791098E-5,0.006545637153623607,6.450036406404725E-18,1.1313120415998182E-16,
6.042804276873374E-12,0.5313882325232976,2.2373033369635575E-8,0.4686117450976277,3.0004251425088166E-25,2.8554040384886014E-24,
1.0538475731155315E-10,0.9462027764576879,8.106962747296569E-9,0.05379721532996481,4.878207653839344E-17,3.7093526168962676E-17,
8.238590172156556E-11,0.9114568745363999,1.0089525036874868E-8,0.08854311529168819,1.302781122173651E-17,3.694499640027685E-17,
7.276752101146593E-10,0.9660051348708526,4.327389422881547E-9,0.03399486007408485,4.710521318206066E-19,3.2260442577481593E-19,
2.1558342109445066E-4,0.7358404299736016,9.324788883040091E-4,0.2630115077168452,1.9578276508145495E-14,1.3416172281575628E-13,
3.695618745582611E-12,0.6909827769783607,9.499075611227901E-10,0.3090172220680339,2.0059458036247495E-17,1.1112581046271298E-16,
2.7191250176507623E-16,0.9834231525829176,1.2020302843203812E-12,0.01657684741587692,1.1757385066327361E-22,1.416667614843502E-22,
8.343653381711922E-11,0.742111971634723,1.5417910975023064E-10,0.25788802812766204,8.616147706674323E-19,2.9619120040598976E-18,
1.480205611943449E-12,0.6662634254629362,1.1899656942883945E-8,0.33373656263592816,1.5545997536551404E-19,3.461440197307671E-20,
7.598993286022413E-7,0.6747963214925011,0.022091949965775973,0.30311096863589027,1.0153416782432538E-12,5.489629551706083E-12,
7.861519622246834E-13,0.7968317037603917,3.3675982802988695E-6,0.203164928640544,1.6880902429855633E-18,1.5034592278889782E-17,
9.718038892307815E-6,0.7736747684535644,0.016444450854498763,0.20987106262311034,1.9746826192485515E-12,2.7960615715554898E-11,
3.7294531566480774E-9,0.9660202260657671,4.96523332768643E-6,0.03397480253934845,6.363589351848612E-10,1.7957428355365678E-9,
1.2706697393402408E-8,0.6764713088914278,8.161960089164376E-6,0.32352050164644136,3.6384872675559898E-9,1.1156859009512992E-8,
8.661339508542672E-12,0.9993768013968314,1.1737957926358084E-6,6.220247986805334E-4,2.946219328957571E-14,5.924887465502278E-15,
2.738835796316169E-6,0.9246192650729671,0.0744471886429781,9.308074482586395E-4,6.670607105178494E-23,7.1211174017454315E-22,
4.676155447525439E-10,0.8705075042704947,4.2231816604539557E-7,0.12949207271705535,5.564006429227046E-11,1.7102779240885596E-10,
1.8117428342634207E-16,0.8288209464458914,1.2827901742376651E-13,0.1711790535539818,1.741891800516657E-19,2.42862769340967E-19,
1.216682201181966E-7,0.8250318474132228,2.8585315586393306E-4,0.17468217769144356,6.4804208456313826E-12,6.476949266283257E-11,
3.072404931718333E-5,0.8513595424982012,0.017114230735829548,0.13149550270259525,3.048204083277278E-13,1.3752331298401268E-11,
4.007355882558771E-11,0.7253079576077577,2.2168609908205095E-7,0.2746918206660669,1.5632901299791204E-16,2.6309491146367825E-15,
7.278147630273866E-7,0.784229115142013,7.648406547186734E-5,0.21569367297775316,4.74910352008637E-18,1.2271916212635717E-16,
3.1853756876785476E-10,0.7772746755691008,4.978506633683503E-7,0.22272482626169143,9.435453952396131E-16,2.8670924771254167E-15,
1.0201001972476802E-11,0.9368367760786156,8.626460810116097E-8,0.06316313764657473,4.698890422196542E-17,2.51519120901986E-16,
4.0962920776713037E-19,0.9345955634480355,5.140667304121984E-10,0.06540443603789749,3.188457281726358E-29,3.0717590396741366E-28,
4.001828529603911E-6,0.8134534691968184,0.018012668025523437,0.1685298609392381,3.0863393782486854E-13,9.581749137246793E-12,
4.27341570891876E-12,0.7415706591368421,6.199000137121435E-8,0.2584292788688824,1.580665182031005E-18,1.4659514999678368E-17,
3.066533584289387E-17,0.43968265848931926,2.729619750104495E-10,0.5603173412377191,2.580536672469603E-22,1.2189342952669404E-21,
3.2179347041567526E-5,0.9182149170983024,0.0372787901276847,0.04447411342697251,3.9045129895094605E-18,8.607323218770791E-17,
5.187584981382723E-10,0.9366309624992548,7.699390200403051E-7,0.06336826704296374,4.3152430489156473E-16,3.1531368103783992E-15,
3.87684905817331E-14,0.6395570812381403,1.4752725042871498E-7,0.36044277123456947,1.8745289196104138E-23,1.9337692082134328E-22,
3.737787067004371E-9,0.9850601058418473,9.589777160194385E-7,0.014938931442646821,8.389226020820534E-16,1.4620198584111056E-15,
3.611349206043473E-16,0.9198599944465892,1.172191924712867E-8,0.0801399938314952,2.8483144652620065E-26,5.372615105227565E-25,
4.964467663657002E-9,0.9446913047071426,1.704583787091029E-4,0.05513823194968034,1.4926097906736492E-17,5.756007303154278E-17,
0.008411836818082495,0.9157333707062969,0.035995284388152554,0.039859508087467736,3.269166087552253E-17,2.9492171317365236E-16,
3.433646479714943E-8,0.8525365563364555,4.065555797982063E-8,0.14746336867152268,2.0571416745730292E-17,3.223432983562332E-17,
9.547965683425135E-8,0.7853070907305683,1.6433446788532362E-7,0.21469264945530656,2.3503703137436696E-22,3.839544906997732E-21,
2.2928170008090398E-7,0.9371134947901189,4.5806795771792953E-7,0.06288581786012988,5.486860166314643E-15,8.721772768291379E-14,
8.22293040159479E-7,0.6706992530427647,1.0992615665928475E-5,0.32928893204828136,4.4899723303501084E-14,2.0283647869040949E-13,
3.2868476089069526E-5,0.8738126690263934,2.0699318063707874E-4,0.125947469284922,8.389757092841568E-12,2.3567703468167248E-11,
1.450675808228098E-7,0.9965695919135639,4.0814936486600885E-7,0.0034298548694896343,3.547319408086832E-18,9.760280979528905E-17,
7.386742113143617E-8,0.8669568684943978,2.8652510351333334E-7,0.13304277111307514,3.1659919619857766E-16,2.082956000772665E-16,
5.616408616185039E-8,0.9029159984382361,1.0767559686926318E-7,0.09708383772208215,7.360434919546487E-17,6.354965969448922E-16,
1.1030857145097332E-4,0.9346686869565454,0.006684610334934331,0.05853639413706939,8.016996318587394E-22,2.0302585957109466E-19,
1.1688508424999378E-8,0.9709019001092091,2.2447450764200232E-8,0.0290980657548309,2.0161166736630787E-17,1.831566343449232E-16,
6.3449694908084806E-6,0.9397607207038686,0.05166516929109322,0.008567765035546614,9.90439192222335E-27,2.3729878186632285E-23,
3.866528875516731E-8,0.9548529844872168,2.396355645651013E-7,0.04514673721193083,8.508792122150296E-17,4.708064357219116E-16,
2.3580179491822185E-4,0.8371841397049233,3.818152589016789E-4,0.16219824324119217,3.3525850287417353E-15,6.064791069238897E-14,
2.1749849403722098E-10,0.7353342570443432,5.397453361663234E-10,0.2646657421984134,8.369812872342481E-22,7.578019428422499E-21,
8.006808275853529E-10,0.9741714788387081,3.219603186870125E-9,0.025828517141008794,3.500328616557731E-21,2.3469272152159807E-20,
1.0310779003237377E-6,0.9865796767237334,9.206353279412621E-7,0.013418371562270407,1.5386079398424028E-13,6.135393243011364E-13,
9.890101250919377E-12,0.9991790922183724,1.3901160956442275E-11,8.209077578353933E-4,1.442249361829043E-22,1.547001218301076E-21,
9.900247479704792E-9,0.8087440943788118,6.107528412275724E-8,0.19125583464565632,8.925228770799051E-18,2.0435657518365688E-16,
1.7427428599914205E-9,0.9751096889967282,4.8607480625632774E-9,0.024890304399781713,1.0491914149443241E-19,1.3280708452060699E-18,
3.497976967104195E-9,0.8784639006066188,5.927653080135346E-9,0.12153608996774923,2.0649830205617945E-19,8.022275115530004E-18,
1.4993905879207733E-8,0.8354982176417145,3.276945967179133E-8,0.16450173459492062,2.6299185424314648E-17,2.5953999403591793E-16,
7.49665519987123E-6,0.8603153676397391,1.0442198273983684E-5,0.13966602758100158,9.070401240429274E-8,5.752217721288959E-7,
8.833622898317634E-6,0.6573876079134687,1.4198597979276896E-5,0.3425888306052869,6.895561383672405E-8,4.6030475375490313E-7,
4.2498128654652635E-7,0.7007954670490247,1.2209802382019713E-6,0.2992028868573477,1.8657639039606688E-11,1.1344464575970731E-10,
9.018415654275765E-10,0.9941590155064118,6.948189652849258E-10,0.005840982896926898,5.884639432001965E-20,1.0531694833628857E-18,
7.406417853978151E-10,0.8702414664920306,7.151228243208162E-10,0.1297585320522041,3.217871818838759E-20,2.0029205555607507E-19,
3.8073623622162106E-9,0.8915488680455751,6.852531810961891E-9,0.10845112129453127,1.0790653835388098E-19,1.1894888704775235E-18,
1.373593023973286E-10,0.988499465050886,2.3118888388101103E-10,0.011500534580568232,4.276389482755503E-21,4.118258229107832E-20,
4.4016235210344573E-10,0.9882502757917436,6.816967012863144E-10,0.011749723086394704,4.8260250770601264E-20,4.704353785126269E-19,
3.6284665321340044E-10,0.8529450141582726,1.3312825562248496E-10,0.1470549853457535,1.4354883708053767E-19,1.077277770705936E-18,
7.114595751656072E-9,0.9613484420719951,7.181383986284024E-7,0.038650832675009954,6.743129905900818E-19,4.106810483214092E-18,
1.8769005254829256E-8,0.8448180607103026,3.025646182021404E-8,0.15518189026423085,3.855619316129375E-19,1.4303828578370853E-18,
1.2123658159318623E-10,0.9994853841035328,9.208982623327138E-10,5.146148543352697E-4,2.7910460516990413E-22,1.4569026871912276E-21,
1.0038113800001341E-11,0.9997277881557832,1.3906521852680088E-11,2.722118202738221E-4,5.8846350473349654E-27,7.40716030064017E-26,
2.2883207423194225E-18,0.7830358726689955,1.4575645504267525E-11,0.21696412731642617,1.5860461020699557E-24,8.623668369896265E-24,
2.93493389968874E-7,0.8241455415393536,2.420129705078838E-6,0.17585174483753527,2.9281824833627556E-15,1.4039058131765397E-14,
3.2135199889092153E-8,0.9939522549728573,1.1127915661046593E-8,0.006047701764024366,5.542691030707367E-34,1.0494413392165291E-32,
9.194535848386511E-11,0.9682518466228688,2.590327579504564E-9,0.03174815069486048,3.940561437634667E-27,5.865138052877078E-26,
1.7639527548292898E-6,0.8514650765829905,8.859459398582071E-7,0.14853227351831508,2.2891631476685507E-17,1.927849073798256E-16,
1.0067771758347469E-8,0.9717937077311185,1.4038162825807064E-8,0.028206268162948068,2.521291943198755E-30,5.93476379024246E-29,
2.1631144251600125E-8,0.9737519651186035,1.615261322446593E-8,0.026247997097637542,2.5245605603398005E-30,1.8898483477739802E-28,
0.0016384283900479715,0.8344029298397853,0.001174267870614862,0.16278437389933073,2.3516365128016917E-14,1.9733018704432598E-13,
2.1348723191121954E-10,0.9145025693054967,4.5856482109216217E-10,0.085497430022451,7.890139849313155E-30,1.5282617340415863E-28,
0.0023915676436822254,0.9232532647831491,0.01011239885897107,0.06424276819275894,2.0913607576765075E-11,5.00525263904885E-10,
1.23145398549346E-9,0.9946609507182761,1.75895308484316E-9,0.0053390462913161674,3.342480351646032E-20,2.4304252489722023E-19,
6.175493491274192E-8,0.9853814307955687,1.1136060290139418E-7,0.014618396088822882,1.93526811123002E-15,6.843907090216548E-14,
1.1295247694191927E-8,0.6899603996114357,2.1651226499575826E-8,0.31003956744208994,2.66949346075186E-18,3.037935813686278E-17,
9.794260293543042E-11,0.9911967655759295,2.1314804956295918E-10,0.008803234112979876,2.8776474396850063E-21,4.0939743693055716E-20,
1.1686994604363268E-5,0.9875616652061671,5.856794069596082E-6,0.01242079100515802,3.920157044266075E-16,1.5918228035476432E-15,
7.762369710110528E-10,0.934885725738919,7.844029617252901E-10,0.06511427270043826,6.378411785601788E-21,2.805698667845689E-20,
3.194516678615888E-11,0.9992447274077297,4.5544306266852204E-11,7.552725147810041E-4,5.061334499086105E-24,6.844953361039476E-23,
8.268306530681277E-9,0.8255699925152581,5.3699750076753974E-8,0.17442994551668406,1.5024807931541855E-19,2.001824319894023E-18,
3.3108544447747446E-11,0.8123976856575519,5.787184534629008E-11,0.18760231425147117,3.920266718080998E-24,1.3461237019467369E-22,
1.2569480615631528E-12,0.9999126432176023,8.256799812350325E-13,8.735678031274414E-5,1.1144877251504026E-25,8.620197772331843E-25,
5.808371622330066E-10,0.9834377859989214,1.0214906226661175E-9,0.01656221239875098,2.0653613454051952E-21,4.9174326719030514E-20,
4.0349984584874876E-8,0.7668995024323164,7.893904835143726E-8,0.23310037827865196,7.955081733974839E-21,1.5726289657391233E-19,
0.005390384498128642,0.724947242301437,0.008380757472048608,0.26128161572776837,4.363965954330672E-14,5.735639696957539E-13,
7.564832312893697E-10,0.9767484957815474,3.9094837369903354E-7,0.02325111251359276,1.9139971504869447E-21,1.8758060085990555E-20,
1.976808636564196E-7,0.9872067368320717,1.0730419398634249E-6,0.01279199244512564,7.692346615588924E-29,2.643916737591389E-27,
1.9794477743187268E-10,0.921445701527126,6.393837805699437E-8,0.07855423433655295,1.779193453668819E-21,1.582946325860269E-20,
5.102257000202318E-11,0.5653988797437511,2.2169149679177816E-9,0.43460111798831097,2.0708861609249664E-22,2.4227392118160395E-21,
1.983419154845387E-10,0.8681238346504052,7.557274593229776E-8,0.13187608957850921,6.92642332911523E-21,5.064775653098034E-20,
1.0247565424173791E-10,0.9147658545347193,3.0393424267617867E-9,0.08523414232346034,1.846314572080498E-22,3.2455175277661168E-21,
4.428136672582335E-12,0.9951057395096446,3.205114773383649E-11,0.004894260453876905,6.272226105522677E-25,1.2522956488237052E-23,
2.450145845741755E-13,0.9984871628979702,5.887272510282648E-13,0.0015128371011987884,8.803565458515422E-28,1.9091041282561058E-26,
3.6441507897478605E-11,0.8019349771852177,2.1702772900307127E-10,0.1980650225613145,2.2846349896432175E-23,5.8347723431619905E-22,
6.2136112941078166E-12,0.6952356985129162,3.519902786680974E-11,0.30476430144567,2.6537374277262326E-25,4.156894913889479E-24,
4.627599610615483E-9,0.915573345054991,7.780951011266836E-9,0.08442664253645778,4.792375177485148E-20,1.6193919620898866E-18,
3.826136640500198E-9,0.7627610110049715,2.4045841149764285E-9,0.23723898276430755,1.1123827697121985E-19,2.3668606097344705E-18,
9.944492053702068E-9,0.9643468219556468,4.358483078020012E-9,0.03565316374137803,5.3324549766507683E-17,1.724344790678403E-16,
1.2338781911566478E-9,0.7927999217487416,1.2638014859306318E-9,0.20720007575358124,3.328148817601049E-20,1.4481077344054753E-18,
1.3802637703627894E-7,0.7803922230926165,1.7457442020395164E-7,0.21960746430656397,4.860285593176772E-16,2.1374462246545917E-14,
6.461723476312312E-4,0.975009200395205,1.9452008622472083E-5,0.0243251752484197,1.3987144874485885E-14,1.0818475791140404E-13,
4.90369553082485E-11,0.9534085735180908,1.5874375269585795E-11,0.046591426416997095,2.3612468404557907E-23,2.1888842784127816E-21,
1.956588963515757E-10,0.9890598235193286,1.2410241683381344E-12,0.010940176283769833,4.050228500000324E-26,1.0617940380996145E-23,
1.291450959752249E-10,0.9865230682962133,2.1654889102235594E-11,0.013476931552987986,6.0685445866028645E-24,1.1170651678017027E-21,
6.838507827766027E-16,0.9981419195539436,2.524849844305018E-13,0.0018580804457982818,1.136107697348456E-26,5.112580514309921E-25,
5.0035122373355386E-11,0.5985423780097305,1.6234073735367055E-11,0.40145762192399875,2.66912309529023E-23,6.467167283897732E-22,
7.891480280253384E-11,0.9307893448816208,6.407854779472768E-12,0.06921065503305553,1.3912161518000229E-23,4.0173107804843294E-22,
5.388140242275411E-7,0.7385288009256692,8.106437222706928E-7,0.2614698496165831,1.11069984316743E-21,3.2066188732093193E-20,
1.3207456483110518E-7,0.8160883648677749,4.4212530318788886E-8,0.18391145884512894,1.6696276234742334E-18,5.48752575456198E-17,
2.530373328158369E-7,0.840053519486001,1.1470949962503684E-7,0.15994611276716733,2.3618916181488604E-21,9.473417911744296E-20,
2.0068820589576864E-4,0.996705277351326,2.7332335454566216E-4,0.0028207110882315562,1.1103509260685014E-19,8.485091110392903E-17,
6.772207499373288E-4,0.9280712597829502,0.07002037949839804,0.001231139968713885,3.4813712083674344E-27,7.035291730681303E-23,
4.064541326494951E-4,0.9705864150513179,0.02838548113725993,6.216496787694831E-4,6.530421896419126E-19,2.8037378826289642E-15,
0.0019074061170641537,0.9503611176656771,0.0056553341147573925,0.04207601974912552,9.306986731104905E-9,1.1304638976262715E-7,
7.53691783946944E-8,0.9556396753414326,4.1975883234676565E-7,0.04435982953055252,8.567339034742719E-16,4.5664637671585914E-15,
4.871508088428898E-11,0.9613007649356082,3.6433950043231467E-6,0.03869559162067293,5.733326797440209E-18,3.2652165278706375E-16,
2.975403669595174E-4,0.9457460222914507,0.008816264054192644,0.04514017328739305,6.349822274339308E-17,4.420049700402817E-15,
1.6641761527499323E-4,0.8662762661566049,0.07130247607039197,0.062254840157727885,4.157500023374521E-22,1.6808475716047255E-19,
3.4567501135947047E-5,0.9397256603040167,0.010287066998123281,0.04995270519672526,1.8942999894588666E-19,1.8064669072960497E-17,
5.653063333333902E-5,0.8971378032183416,0.041843751064953506,0.060961915082532285,7.738337299950956E-15,8.309098304321948E-13,
0.0012554090154041511,0.7488857520596245,0.12337004091650822,0.1264887978313607,1.1916385747671914E-12,1.7591099368121277E-10,
9.583111429281906E-13,0.9753017676994836,2.5374002366685767E-6,0.024695694899321174,2.4431442647069424E-17,2.0971237908207277E-17,
6.100158219598698E-4,0.8974079143575722,0.08723528979779029,0.014746780022677874,1.2898636249769724E-19,6.321633307744509E-17,
0.009717361883047901,0.9740337436412086,0.00497980968722162,0.011269084787231147,8.205574014578256E-15,1.2828270187189074E-12,
0.004932313794302608,0.8725649528040654,0.09309890613976013,0.02940382726187163,4.171726433464718E-20,3.6450544817991485E-17,
0.008890049728292685,0.8277717136690231,0.10964613266410607,0.053692103852504905,2.9862564581201553E-13,8.577488567916701E-11,
0.0035893800122531747,0.8079988186097709,0.14316719300132952,0.045244608376645484,2.0057650299951805E-18,1.176835989769982E-15,
0.004379117199942143,0.8748230733947928,0.0621659202934471,0.05863188905676048,8.211819219823242E-13,5.423614570942753E-11,
0.016307817972327037,0.7789422957379348,0.1164168512277747,0.08833303505086246,5.302460874522122E-14,1.1047734934640277E-11,
3.8111878961472875E-10,0.6631695656929834,3.6949433032433483E-4,0.33646093959557366,3.4510196362839848E-19,1.2561956027106888E-17,
3.6546242886364076E-14,0.9150709937389933,8.967118274162388E-6,0.08492003914269736,8.802009829165735E-21,2.0213851919591413E-19,
8.864327754256047E-17,0.9990030699602582,1.0202930659408465E-8,9.969198368170854E-4,2.344031886049332E-23,2.7466548916061794E-23,
3.2283135146579626E-5,0.9823649677663879,0.006020881090048515,0.011581868008410951,3.18835062662628E-17,5.150447219455186E-15,
1.383292448911011E-4,0.6875848887352605,0.004352473401895433,0.30790623825465024,8.434722796136735E-7,1.7226891023175568E-5,
4.295550601371879E-5,0.9988656075481052,5.627693609106301E-4,5.172601010883562E-4,3.652335210304782E-7,1.10422503608949E-5,
4.9751935333258306E-5,0.7350420791920538,6.324958421287562E-4,0.26426705870531914,7.74411701032662E-7,7.839913463811782E-6,
7.452573881689835E-4,0.427505148664159,0.24014370675133034,0.33160588559508936,1.2844553592575014E-10,1.4728064817263388E-9,
8.30124240663739E-19,0.7210671183332391,7.359748596896823E-9,0.2789328743070167,1.0879470183121496E-20,1.8524581021502715E-19,
4.688948727290436E-13,0.944678662605641,9.856346968603862E-7,0.05532035175913664,2.010222053491745E-14,3.59990688707662E-14,
6.265464226527582E-5,0.8861620401167384,0.09630852240399582,0.01746678283700046,6.347391264861775E-22,2.1042946978291108E-19,
3.045783068462835E-7,0.825609264821775,0.1679377232215218,0.006452707373856401,1.7973374556197137E-13,4.359956429249499E-12,
5.339282101808897E-5,0.2583650719907053,0.2959133720808674,0.4456604755132594,5.02339760300197E-7,7.18525438969831E-6,
0.004623479573436659,0.8398876119419478,0.09106964250254686,0.06441926598202548,3.689107578114633E-15,3.9428863801393386E-14,
4.424596183690617E-5,0.1531375931554047,0.46870113741959,0.3781168161816326,1.1883710155764797E-8,1.9539782522845568E-7,
1.0761520870949091E-4,0.7422125669235308,0.16603563362445972,0.09164418424329979,5.863980748460244E-38,9.518947326974856E-35,
7.791372522603385E-6,0.698260573779861,0.005209358103703842,0.2965217243414151,7.960477267008434E-9,5.444420208800735E-7,
5.020160047722006E-5,0.7205682534548907,5.994384455463437E-4,0.27878210648467205,3.178153190822683E-13,1.4096310080734326E-11,
1.2167799009280747E-17,0.6718495202660815,1.0061820072885556E-7,0.3281503791157223,3.1045157635491476E-20,4.152142261831676E-19,
1.4169746279517506E-16,0.9769025454245455,8.96082895290357E-9,0.023097445614620894,5.338427228284758E-21,1.244917656939242E-19,
1.314300236805504E-8,0.9831259654883123,1.082313960547431E-7,0.016873913137288924,3.360791481980292E-22,3.743613220440716E-20,
3.1404533984182064E-6,0.8782599295654265,0.08174600041564473,0.0399909295655311,1.239381265907023E-20,2.0814788170858847E-18,
7.411941919022729E-7,0.9706043900104759,0.024437551495237044,0.004957317300095876,1.6171359293229346E-19,1.0552303260412646E-17,
3.847446347634645E-6,0.6552736354424927,0.11739076420451497,0.22733175290663582,6.81240749457421E-16,8.562262120694939E-15,
5.456604346309493E-16,0.8532323783600285,1.126567736774097E-6,0.14676649507223133,2.6240059665188318E-17,2.1709758946635456E-16,
3.975019985210475E-16,0.9901211451002602,3.195403943854076E-9,0.009878851704332272,4.4874818378463155E-20,5.371515533712369E-19,
1.8461950558683795E-8,0.9894172757341366,0.009432200101760964,0.001150505702150909,1.4074517098757665E-20,5.556103153350718E-18,
5.715554562364518E-14,0.9780889745522369,2.4170482443566486E-7,0.02191078374288096,4.8960487834693865E-17,5.159323387541701E-16,
6.831465801984194E-7,0.8315202850119153,0.06175592738624836,0.10672310443821023,3.4618666951595204E-13,1.6700221515168095E-11,
2.55691862924674E-4,0.4679098014699888,0.41194651248400715,0.11988799418308045,1.340661830032739E-22,1.1414004342580457E-19,
0.021877975871583865,0.5727952482197056,0.27635872856315913,0.12896795899080157,1.2334815271736024E-9,8.712126815867575E-8,
0.011091335097849661,0.7226850397581833,0.18896337902964477,0.0772602460017018,2.7635703219017408E-12,1.0985662693734409E-10,
0.004863609208918036,0.5398072877946785,0.3496478448792563,0.1056812561143974,2.216849382793581E-11,1.9805808913221136E-9,
1.0276765832980963E-4,0.5180938900916313,0.20538765360708003,0.2764156856123909,1.0695360571774964E-10,2.923613809932536E-9,
3.3995092378705043E-4,0.5401967407247498,0.18305069029732243,0.2764126171430269,1.3250333796137438E-11,8.978632845101772E-10,
1.3170396595441755E-14,0.6894722246913284,7.673001514847024E-8,0.3105276985786428,3.5750256069281526E-18,6.422622032348587E-17,
4.020819131410949E-5,0.4466261096766162,0.09737262483956122,0.4559610570803134,1.0548439467428149E-11,2.0164672363962974E-10,
7.30039314365374E-6,0.08231292144579803,0.44648068316666034,0.47119909145334765,2.0003487271949517E-10,3.3410158728383223E-9,
2.078121109352927E-4,0.7773542867121535,0.07547502691104105,0.14695640851178424,3.4619782792342835E-7,6.119556259314784E-6,
3.3155139688063953E-15,0.6372508701108881,3.1690103004858217E-7,0.3627488129880816,2.4641479894680465E-17,4.221166864470165E-16,
9.864197446097425E-6,0.5193131479728936,0.249305478997434,0.2313715071280396,8.424512496987871E-11,1.6199420030186007E-9,
5.1979592839996446E-5,0.29293548838508143,0.36609318787778944,0.34091697164778406,1.3870917305821614E-7,2.2337873327161815E-6,
9.583677527304182E-5,0.31901868035793435,0.2906888158501749,0.39019374848278643,1.0519907446059855E-7,2.8133347570441207E-6,
9.244702586749569E-5,0.39275540128000275,0.31304540935056524,0.29410574541865336,3.584111274637943E-8,9.610837989927858E-7,
0.0016745886353942685,0.37748411463955245,0.3091890410881964,0.31164152971577136,6.595658087834794E-7,1.0066355276759724E-5,
2.1808782820001024E-10,0.7073230990770796,3.645821070604049E-4,0.29231231859756934,5.808497726326224E-15,1.9486922322481514E-13,
8.95657285261296E-4,0.5193674351865136,0.18193041973905813,0.2978064859458498,9.919540763570002E-11,1.7441222953447415E-9,
1.131464655687086E-4,0.180183887271304,0.5120931452736084,0.3076098208871042,1.837634587334189E-12,1.0057638726269405E-10,
1.1146536525596319E-14,0.9553900928643916,3.9746875238812103E-7,0.044609509666842725,4.429625308157712E-16,6.38193669649352E-15,
6.377641219411388E-6,0.6565575005654399,0.06262588860535087,0.2808102331876631,1.4623721705380654E-14,3.126111132462881E-13,
1.791678917472457E-4,0.4173829525574526,0.37697043650835205,0.20546735822830606,1.061464351780401E-9,8.375267790999385E-8,
8.630868940563531E-5,0.5212389036480326,0.2579758506612759,0.2206989369790518,4.097611456262614E-13,2.182344851780351E-11,
2.198855208406189E-5,0.23348698397699624,0.4497124491638742,0.31677849900696525,4.820752401103125E-9,7.447932851185255E-8,
4.437988568009052E-4,0.543128085292285,0.32018851116373553,0.13623960468654006,3.603002952297215E-15,6.346803240851375E-13,
1.334980388855914E-8,0.7187524342394226,0.01955062282939789,0.26169692954612483,1.2068307473586764E-12,3.404382235225754E-11,
9.527612282385003E-9,0.9953581742517581,2.32922721115819E-5,0.004618516977220824,2.924946415929926E-10,6.678802937113027E-9,
1.960101576736872E-4,0.6428866112482303,0.13658166783110023,0.22033561204572769,1.6662186221848718E-9,9.705105054087097E-8,
0.002215377659202718,0.49218080892768695,0.24833211803572988,0.2572716784383462,5.322114841210988E-10,1.640682287584324E-8,
1.108938298947903E-5,0.9928027351772633,0.0033158092194224844,0.003870366220324821,3.0801595888212043E-20,5.917576801864338E-18,
1.431033832528127E-4,0.871169239984924,0.1270353732455491,0.001652283386273605,1.2982527415753358E-22,3.2019049762969685E-20,
2.858177419144903E-16,0.6693655028757861,1.1340014671451039E-7,0.33063438372406706,6.176996435327702E-19,1.4604615367134177E-17,
6.874306066684006E-5,0.6517783546674398,0.03680140910872958,0.311351493095099,3.4194652681804164E-13,6.772322911652003E-11,
3.203312997631276E-5,0.37332476336141834,0.2473261109377795,0.3793170909346688,2.484268609317336E-11,1.6113142156957864E-9,
8.145596438765636E-5,0.5978557248165278,0.13025845846908887,0.27180435715363016,7.478758869676428E-11,3.5215779197305244E-9,
1.9453432765188705E-13,0.8015333638862459,1.5137764109956009E-5,0.19845149834945106,1.5359672922371178E-21,8.480272981073666E-20,
2.3291815635912316E-8,0.6480499680287918,8.517841857103112E-4,0.3510982240903611,1.1375092677428692E-11,3.9194532042120136E-10,
2.537902590204321E-6,0.9870225425805866,5.742899238823981E-4,0.012400341366045625,6.2586927030954096E-9,2.819682019455502E-7,
0.00878774233378579,0.7888587566639406,0.12508767262394194,0.07726579645492139,1.1127990764346344E-9,3.0810610747648644E-8,
0.009376066991908901,0.5764259596799193,0.33691286517647795,0.0772851081515483,4.28308783132325E-16,1.4472303833723656E-13,
1.2248414974220558E-4,0.8571442563191048,0.12654358726565892,0.016189672265494077,2.5273430974349445E-23,2.0902447378981946E-21,
6.385873331667796E-6,0.9543360458129034,0.011691847920272523,0.033965720194958506,2.7418200521916243E-11,1.711144373214333E-10,
4.909391984440611E-18,0.9354707223493125,2.5263830687627615E-9,0.06452927512430742,2.1223440447010142E-21,9.302231553200247E-20,
6.776985777259243E-4,0.8312513199314533,0.12384116861411154,0.04422981287669503,3.091532153150716E-16,1.334417117926293E-14,
0.005549372368132856,0.6082774969402998,0.3039768033811454,0.08219632688419949,3.725194905063905E-12,4.2249751677639764E-10,
4.582975645883977E-4,0.6266934587768362,0.33845483773511853,0.03439340592345685,3.9390139753578855E-18,4.2712454684698853E-16,
4.917799064423295E-13,0.644799439934993,1.0818511703633947E-5,0.3551897415528124,1.925526401574974E-20,2.681925856894072E-19,
7.816574185326253E-5,0.5957604280331147,0.19369690365972456,0.2104645025653076,6.918197601341739E-22,7.184340587971317E-20,
0.004985404351209122,0.5884701029726929,0.23626441992402838,0.17028004670755947,3.898972101946271E-10,2.5654613170713445E-8,
9.926649190105247E-4,0.39383126168203375,0.3213344598102355,0.2838415576252607,1.1722693050793093E-9,5.479118984202638E-8,
7.626488181030835E-4,0.6842623960425783,0.08538745976129557,0.229586176300749,2.90215301394243E-8,1.2900557441733206E-6,
1.5674876435339393E-4,0.6500030023721247,0.13688491646001452,0.21295517183049875,7.775247238377815E-9,1.5279776182658128E-7,
2.6225417193564235E-6,0.6613280637294989,0.18999905953294863,0.14867025418937238,9.490716348871924E-14,6.364676065923108E-12,
4.066671558911362E-4,0.6135818492697458,0.27239842133010994,0.1136130622442524,5.626584195618654E-19,5.717910907959442E-17,
5.778334561593687E-4,0.45002050960074363,0.3546967917867621,0.19470486513602303,9.918980106824502E-13,1.931982516115883E-11,
0.013522906656952464,0.5168449632280985,0.26025753207086033,0.20937459804405348,4.376340566800506E-16,3.4357282662194786E-14,
0.0010583050531845029,0.4996400825964966,0.25211251502269166,0.24718909731922034,5.198870259251706E-13,7.886890911668654E-12,
0.004171150412476922,0.6903483608952268,0.1724713696665244,0.1330091183297262,4.799088149370316E-12,6.912460204700718E-10,
2.5614781622771056E-4,0.23379498823268785,0.3064142439523519,0.4595345774727669,5.219141982623138E-9,3.730682299211461E-8,
3.64018423877596E-4,0.4802590120506231,0.20444130810546948,0.3149355727733139,6.761577301981453E-9,8.188513861565318E-8,
0.0017676620065911175,0.8707657870289945,0.09098232142202221,0.03648422954239214,6.746969386887813E-22,5.802182342082497E-20,
0.010675296021414041,0.35289090450501925,0.5308612528484223,0.10557254662514426,1.5097397316186385E-23,5.183906485379511E-21,
0.040473012300820635,0.8207380774855051,0.07767100683653505,0.06111543682560906,2.0724715764144703E-7,2.2593043721727675E-6,
1.374721629101444E-4,0.5076603397250626,0.4906220719759458,0.0015801161360801922,3.008541933857038E-17,1.7006149261441545E-15,
0.021700509513170547,0.8349787601757017,8.820817919550588E-4,0.14243864849790322,3.0559736923682737E-13,2.096360674353263E-11,
3.4964258505473144E-4,0.8965525243366665,0.030714638752394986,0.07238319414899062,2.9694000924082413E-12,1.7392431698204898E-10,
2.767034108148057E-4,0.6560921149710445,0.3093705794483762,0.03426060078729337,4.937219151818677E-11,1.3330985476696172E-9,
4.074786188802515E-6,0.8008938948195214,0.04023069962807629,0.15887133076621435,4.3787538643767525E-21,2.0811434359739866E-18,
1.8057880635358775E-4,0.8234302594348284,0.03658861720930736,0.1398005445216414,7.043758333501582E-13,2.716480776825541E-11,
3.834031440941161E-14,0.9636610918126178,1.1770071279898978E-8,0.036338896417272074,1.7284120917213686E-21,1.4523751586543358E-20,
2.0501820823739068E-19,0.775653816256327,8.252878734040183E-12,0.2243461837354172,5.401926159996656E-25,8.879824102390076E-24,
2.2578370597624013E-26,0.9857130099107607,5.353041000285313E-12,0.014286990083884168,1.218811520340261E-37,5.0222766269754234E-36,
2.443177262326015E-13,0.7186972173877004,7.473419119400892E-8,0.2813027078778605,1.6389317056361438E-16,5.4274884229047204E-15,
7.389657066068696E-7,0.630687149998159,0.003731471574768735,0.36558063946124775,4.616135995895164E-15,1.1364656699740168E-13,
2.14789212431523E-11,0.7774470009352945,1.4515827263524665E-9,0.22255299759164288,4.436053294536791E-22,8.576459558430726E-21,
1.212720513550273E-9,0.8214902982042296,2.7548644515415986E-9,0.17850969782818635,1.7146993746028177E-30,9.260648407993953E-29,
1.6828119771155486E-5,0.8079024614365105,3.940552736276465E-5,0.19204130491635493,6.014729304107317E-22,1.7834269408923798E-20,
6.860052293126879E-8,0.8789626357800584,1.5057539545491767E-7,0.12103714504397398,5.685829249461609E-16,4.915896794664146E-14,
7.772917486095873E-9,0.8676356049899563,1.691085581536844E-8,0.1323643703262725,1.0548817898652375E-17,3.142250576746625E-16,
6.617644048870997E-8,0.9385790242834953,9.183424889145562E-8,0.061420817705668186,9.123359462693047E-15,1.3646157981437325E-13,
8.470474976802091E-6,0.9885685397697489,1.3483079543786059E-5,0.011409506639128727,1.734036948468198E-12,3.4866862007199666E-11,
7.477937611848578E-6,0.9893792467275376,1.3613264090066367E-5,0.01059966202048293,1.677891842221739E-12,4.860058493627868E-11,
5.199925424929366E-10,0.8832544256498687,9.317182321100352E-9,0.11674556451295472,2.8866119680673513E-21,2.0067130939726618E-20,
8.882162763917762E-12,0.4734474296614912,3.469059357633745E-10,0.5265525699827195,8.30158878940066E-26,1.1639625006379752E-24,
7.386817564390679E-5,0.5613019259710705,1.7832646308158686E-4,0.4384458688061371,1.3953006886973497E-9,9.188766401704363E-9,
1.5348261371329112E-14,0.6565136875388699,7.730536217496522E-7,0.343485539407492,3.2054561034214598E-21,4.326548245841276E-19,
1.184027978578789E-16,0.8453584058852321,2.7983898078720944E-8,0.15464156613087432,3.047758832894786E-23,6.791033878601391E-22,
1.2018194698127107E-12,0.593608215267074,1.4780131333730602E-9,0.40639178325370906,1.1572439726614191E-25,1.869990327854011E-24,
2.2032125946740608E-5,0.7763431050398609,3.439659177918179E-5,0.2236004654490631,4.4290206171651835E-11,7.490594639464698E-10,
