
0.14285714285714288, 0.14285714285714288, 0.14285714285714288, 0.14285714285714288, 0.14285714285714288, 0.14285714285714288, 0.14285714285714288, 
0.14285714285714285, 0.14285714285714285, 0.14285714285714285, 0.14285714285714285, 0.14285714285714285, 0.14285714285714285, 0.14285714285714285, 
0.14285714285714285, 0.14285714285714285, 0.14285714285714285, 0.14285714285714285, 0.14285714285714285, 0.14285714285714285, 0.14285714285714285, 
0.14285714285714285, 0.14285714285714285, 0.14285714285714285, 0.14285714285714285, 0.14285714285714285, 0.14285714285714285, 0.14285714285714285, 
0.14285714285714285, 0.14285714285714285, 0.14285714285714285, 0.14285714285714285, 0.14285714285714285, 0.14285714285714285, 0.14285714285714285, 
0.14285714285714288, 0.14285714285714288, 0.14285714285714288, 0.14285714285714288, 0.14285714285714288, 0.14285714285714288, 0.14285714285714288, 
0.14285714285714285, 0.14285714285714285, 0.14285714285714285, 0.14285714285714285, 0.14285714285714285, 0.14285714285714285, 0.14285714285714285, 
0.14285714285714285, 0.14285714285714285, 0.14285714285714285, 0.14285714285714285, 0.14285714285714285, 0.14285714285714285, 0.14285714285714285, 
0.14285714285714288, 0.14285714285714288, 0.14285714285714288, 0.14285714285714288, 0.14285714285714288, 0.14285714285714288, 0.14285714285714288, 
0.14285714285714285, 0.14285714285714285, 0.14285714285714285, 0.14285714285714285, 0.14285714285714285, 0.14285714285714285, 0.14285714285714285, 
0.14285714285714288, 0.14285714285714288, 0.14285714285714288, 0.14285714285714288, 0.14285714285714288, 0.14285714285714288, 0.14285714285714288, 
0.14285714285714288, 0.14285714285714288, 0.14285714285714288, 0.14285714285714288, 0.14285714285714288, 0.14285714285714288, 0.14285714285714288, 
0.14285714285714285, 0.14285714285714285, 0.14285714285714285, 0.14285714285714285, 0.14285714285714285, 0.14285714285714285, 0.14285714285714285, 
0.14285714285714288, 0.14285714285714288, 0.14285714285714288, 0.14285714285714288, 0.14285714285714288, 0.14285714285714288, 0.14285714285714288, 
0.14285714285714288, 0.14285714285714288, 0.14285714285714288, 0.14285714285714288, 0.14285714285714288, 0.14285714285714288, 0.14285714285714288, 
0.14285714285714288, 0.14285714285714288, 0.14285714285714288, 0.14285714285714288, 0.14285714285714288, 0.14285714285714288, 0.14285714285714288, 
0.14285714285714285, 0.14285714285714285, 0.14285714285714285, 0.14285714285714285, 0.14285714285714285, 0.14285714285714285, 0.14285714285714285, 
0.14285714285714288, 0.14285714285714288, 0.14285714285714288, 0.14285714285714288, 0.14285714285714288, 0.14285714285714288, 0.14285714285714288, 
0.14285714285714285, 0.14285714285714285, 0.14285714285714285, 0.14285714285714285, 0.14285714285714285, 0.14285714285714285, 0.14285714285714285, 
0.14285714285714285, 0.14285714285714285, 0.14285714285714285, 0.14285714285714285, 0.14285714285714285, 0.14285714285714285, 0.14285714285714285, 
0.14285714285714285, 0.14285714285714285, 0.14285714285714285, 0.14285714285714285, 0.14285714285714285, 0.14285714285714285, 0.14285714285714285, 
0.14285714285714285, 0.14285714285714285, 0.14285714285714285, 0.14285714285714285, 0.14285714285714285, 0.14285714285714285, 0.14285714285714285, 
0.14285714285714285, 0.14285714285714285, 0.14285714285714285, 0.14285714285714285, 0.14285714285714285, 0.14285714285714285, 0.14285714285714285, 
0.14285714285714282, 0.14285714285714282, 0.14285714285714282, 0.14285714285714282, 0.14285714285714282, 0.14285714285714282, 0.14285714285714282, 
0.14285714285714285, 0.14285714285714285, 0.14285714285714285, 0.14285714285714285, 0.14285714285714285, 0.14285714285714285, 0.14285714285714285, 
0.14285714285714285, 0.14285714285714285, 0.14285714285714285, 0.14285714285714285, 0.14285714285714285, 0.14285714285714285, 0.14285714285714285, 
0.14285714285714285, 0.14285714285714285, 0.14285714285714285, 0.14285714285714285, 0.14285714285714285, 0.14285714285714285, 0.14285714285714285, 
0.14285714285714285, 0.14285714285714285, 0.14285714285714285, 0.14285714285714285, 0.14285714285714285, 0.14285714285714285, 0.14285714285714285, 
0.14285714285714288, 0.14285714285714288, 0.14285714285714288, 0.14285714285714288, 0.14285714285714288, 0.14285714285714288, 0.14285714285714288, 
0.14285714285714285, 0.14285714285714285, 0.14285714285714285, 0.14285714285714285, 0.14285714285714285, 0.14285714285714285, 0.14285714285714285, 
0.14285714285714285, 0.14285714285714285, 0.14285714285714285, 0.14285714285714285, 0.14285714285714285, 0.14285714285714285, 0.14285714285714285, 
0.14285714285714288, 0.14285714285714288, 0.14285714285714288, 0.14285714285714288, 0.14285714285714288, 0.14285714285714288, 0.14285714285714288, 
0.14285714285714285, 0.14285714285714285, 0.14285714285714285, 0.14285714285714285, 0.14285714285714285, 0.14285714285714285, 0.14285714285714285, 
0.14285714285714285, 0.14285714285714285, 0.14285714285714285, 0.14285714285714285, 0.14285714285714285, 0.14285714285714285, 0.14285714285714285, 
0.14285714285714285, 0.14285714285714285, 0.14285714285714285, 0.14285714285714285, 0.14285714285714285, 0.14285714285714285, 0.14285714285714285, 
0.14285714285714288, 0.14285714285714288, 0.14285714285714288, 0.14285714285714288, 0.14285714285714288, 0.14285714285714288, 0.14285714285714288, 
0.14285714285714288, 0.14285714285714288, 0.14285714285714288, 0.14285714285714288, 0.14285714285714288, 0.14285714285714288, 0.14285714285714288, 
0.14285714285714285, 0.14285714285714285, 0.14285714285714285, 0.14285714285714285, 0.14285714285714285, 0.14285714285714285, 0.14285714285714285, 
0.14285714285714285, 0.14285714285714285, 0.14285714285714285, 0.14285714285714285, 0.14285714285714285, 0.14285714285714285, 0.14285714285714285, 
0.14285714285714288, 0.14285714285714288, 0.14285714285714288, 0.14285714285714288, 0.14285714285714288, 0.14285714285714288, 0.14285714285714288, 
0.14285714285714285, 0.14285714285714285, 0.14285714285714285, 0.14285714285714285, 0.14285714285714285, 0.14285714285714285, 0.14285714285714285, 
0.14285714285714288, 0.14285714285714288, 0.14285714285714288, 0.14285714285714288, 0.14285714285714288, 0.14285714285714288, 0.14285714285714288, 
0.14285714285714288, 0.14285714285714288, 0.14285714285714288, 0.14285714285714288, 0.14285714285714288, 0.14285714285714288, 0.14285714285714288, 
0.14285714285714288, 0.14285714285714288, 0.14285714285714288, 0.14285714285714288, 0.14285714285714288, 0.14285714285714288, 0.14285714285714288, 
0.14285714285714285, 0.14285714285714285, 0.14285714285714285, 0.14285714285714285, 0.14285714285714285, 0.14285714285714285, 0.14285714285714285, 
0.14285714285714288, 0.14285714285714288, 0.14285714285714288, 0.14285714285714288, 0.14285714285714288, 0.14285714285714288, 0.14285714285714288, 
0.14285714285714288, 0.14285714285714288, 0.14285714285714288, 0.14285714285714288, 0.14285714285714288, 0.14285714285714288, 0.14285714285714288, 
0.14285714285714285, 0.14285714285714285, 0.14285714285714285, 0.14285714285714285, 0.14285714285714285, 0.14285714285714285, 0.14285714285714285, 
0.14285714285714282, 0.14285714285714282, 0.14285714285714282, 0.14285714285714282, 0.14285714285714282, 0.14285714285714282, 0.14285714285714282, 
0.14285714285714285, 0.14285714285714285, 0.14285714285714285, 0.14285714285714285, 0.14285714285714285, 0.14285714285714285, 0.14285714285714285, 
0.14285714285714285, 0.14285714285714285, 0.14285714285714285, 0.14285714285714285, 0.14285714285714285, 0.14285714285714285, 0.14285714285714285, 
0.14285714285714285, 0.14285714285714285, 0.14285714285714285, 0.14285714285714285, 0.14285714285714285, 0.14285714285714285, 0.14285714285714285, 
0.14285714285714285, 0.14285714285714285, 0.14285714285714285, 0.14285714285714285, 0.14285714285714285, 0.14285714285714285, 0.14285714285714285, 
0.14285714285714285, 0.14285714285714285, 0.14285714285714285, 0.14285714285714285, 0.14285714285714285, 0.14285714285714285, 0.14285714285714285, 
0.14285714285714288, 0.14285714285714288, 0.14285714285714288, 0.14285714285714288, 0.14285714285714288, 0.14285714285714288, 0.14285714285714288, 
0.14285714285714285, 0.14285714285714285, 0.14285714285714285, 0.14285714285714285, 0.14285714285714285, 0.14285714285714285, 0.14285714285714285, 
0.14285714285714282, 0.14285714285714282, 0.14285714285714282, 0.14285714285714282, 0.14285714285714282, 0.14285714285714282, 0.14285714285714282, 
0.14285714285714285, 0.14285714285714285, 0.14285714285714285, 0.14285714285714285, 0.14285714285714285, 0.14285714285714285, 0.14285714285714285, 
0.14285714285714285, 0.14285714285714285, 0.14285714285714285, 0.14285714285714285, 0.14285714285714285, 0.14285714285714285, 0.14285714285714285, 
0.14285714285714285, 0.14285714285714285, 0.14285714285714285, 0.14285714285714285, 0.14285714285714285, 0.14285714285714285, 0.14285714285714285, 
0.14285714285714285, 0.14285714285714285, 0.14285714285714285, 0.14285714285714285, 0.14285714285714285, 0.14285714285714285, 0.14285714285714285, 
0.14285714285714285, 0.14285714285714285, 0.14285714285714285, 0.14285714285714285, 0.14285714285714285, 0.14285714285714285, 0.14285714285714285, 
0.14285714285714285, 0.14285714285714285, 0.14285714285714285, 0.14285714285714285, 0.14285714285714285, 0.14285714285714285, 0.14285714285714285, 
0.14285714285714285, 0.14285714285714285, 0.14285714285714285, 0.14285714285714285, 0.14285714285714285, 0.14285714285714285, 0.14285714285714285, 
0.14285714285714285, 0.14285714285714285, 0.14285714285714285, 0.14285714285714285, 0.14285714285714285, 0.14285714285714285, 0.14285714285714285, 
0.14285714285714285, 0.14285714285714285, 0.14285714285714285, 0.14285714285714285, 0.14285714285714285, 0.14285714285714285, 0.14285714285714285, 
0.14285714285714285, 0.14285714285714285, 0.14285714285714285, 0.14285714285714285, 0.14285714285714285, 0.14285714285714285, 0.14285714285714285, 
0.14285714285714285, 0.14285714285714285, 0.14285714285714285, 0.14285714285714285, 0.14285714285714285, 0.14285714285714285, 0.14285714285714285, 
0.14285714285714285, 0.14285714285714285, 0.14285714285714285, 0.14285714285714285, 0.14285714285714285, 0.14285714285714285, 0.14285714285714285, 
0.14285714285714285, 0.14285714285714285, 0.14285714285714285, 0.14285714285714285, 0.14285714285714285, 0.14285714285714285, 0.14285714285714285, 
0.14285714285714285, 0.14285714285714285, 0.14285714285714285, 0.14285714285714285, 0.14285714285714285, 0.14285714285714285, 0.14285714285714285, 
0.13408321590529002, 0.13408321590529002, 0.13408321590529002, 0.19550070456826005, 0.13408321590529002, 0.13408321590529002, 0.13408321590529002, 
0.13898873719652807, 0.13898873719652807, 0.13898873719652807, 0.16606757682083156, 0.13898873719652807, 0.13898873719652807, 0.13898873719652807, 
0.13604782133176022, 0.13604782133176022, 0.13604782133176022, 0.18371307200943884, 0.13604782133176022, 0.13604782133176022, 0.13604782133176022, 
0.1364746327059352, 0.1364746327059352, 0.1364746327059352, 0.18115220376438865, 0.1364746327059352, 0.1364746327059352, 0.1364746327059352, 
0.13775071882754591, 0.13775071882754591, 0.13775071882754591, 0.17349568703472448, 0.13775071882754591, 0.13775071882754591, 0.13775071882754591, 
0.1366676030355106, 0.1366676030355106, 0.1366676030355106, 0.17999438178693639, 0.1366676030355106, 0.1366676030355106, 0.1366676030355106, 
0.13025791819290983, 0.13025791819290983, 0.13025791819290983, 0.2184524908425411, 0.13025791819290983, 0.13025791819290983, 0.13025791819290983, 
0.14070658804990077, 0.14070658804990077, 0.14070658804990077, 0.15576047170059537, 0.14070658804990077, 0.14070658804990077, 0.14070658804990077, 
0.13763222167344835, 0.13763222167344835, 0.13763222167344835, 0.1742066699593099, 0.13763222167344835, 0.13763222167344835, 0.13763222167344835, 
0.13667322431627027, 0.13667322431627027, 0.13667322431627027, 0.1799606541023784, 0.13667322431627027, 0.13667322431627027, 0.13667322431627027, 
0.13960809264005616, 0.13960809264005616, 0.13960809264005616, 0.1623514441596631, 0.13960809264005616, 0.13960809264005616, 0.13960809264005616, 
0.1401564482473565, 0.1401564482473565, 0.1401564482473565, 0.1590613105158609, 0.1401564482473565, 0.1401564482473565, 0.1401564482473565, 
0.14084228437022397, 0.14084228437022397, 0.14084228437022397, 0.15494629377865637, 0.14084228437022397, 0.14084228437022397, 0.14084228437022397, 
0.14003792399475876, 0.14003792399475876, 0.14003792399475876, 0.1597724560314475, 0.14003792399475876, 0.14003792399475876, 0.14003792399475876, 
0.1369671849642274, 0.1369671849642274, 0.1369671849642274, 0.17819689021463542, 0.1369671849642274, 0.1369671849642274, 0.1369671849642274, 
0.1369494157516875, 0.1369494157516875, 0.1369494157516875, 0.17830350548987503, 0.1369494157516875, 0.1369494157516875, 0.1369494157516875, 
0.13778592466066908, 0.13778592466066908, 0.13778592466066908, 0.17328445203598553, 0.13778592466066908, 0.13778592466066908, 0.13778592466066908, 
0.14046913591887972, 0.14046913591887972, 0.14046913591887972, 0.15718518448672164, 0.14046913591887972, 0.14046913591887972, 0.14046913591887972, 
0.1403690009236313, 0.1403690009236313, 0.1403690009236313, 0.15778599445821212, 0.1403690009236313, 0.1403690009236313, 0.1403690009236313, 
0.13570572377743098, 0.13570572377743098, 0.13570572377743098, 0.18576565733541417, 0.13570572377743098, 0.13570572377743098, 0.13570572377743098, 
0.13918253958429994, 0.13918253958429994, 0.13918253958429994, 0.16490476249420022, 0.13918253958429994, 0.13918253958429994, 0.13918253958429994, 
0.14106831152991423, 0.14106831152991423, 0.14106831152991423, 0.15359013082051456, 0.14106831152991423, 0.14106831152991423, 0.14106831152991423, 
0.13686165059825223, 0.13686165059825223, 0.13686165059825223, 0.1788300964104866, 0.13686165059825223, 0.13686165059825223, 0.13686165059825223, 
0.1399127480975497, 0.1399127480975497, 0.1399127480975497, 0.160523511414702, 0.1399127480975497, 0.1399127480975497, 0.1399127480975497, 
0.13979918923900675, 0.13979918923900675, 0.13979918923900675, 0.16120486456595962, 0.13979918923900675, 0.13979918923900675, 0.13979918923900675, 
0.139997872353999, 0.139997872353999, 0.139997872353999, 0.16001276587600605, 0.139997872353999, 0.139997872353999, 0.139997872353999, 
0.13886519442402626, 0.13886519442402626, 0.13886519442402626, 0.16680883345584255, 0.13886519442402626, 0.13886519442402626, 0.13886519442402626, 
0.1394928851179985, 0.1394928851179985, 0.1394928851179985, 0.1630426892920089, 0.1394928851179985, 0.1394928851179985, 0.1394928851179985, 
0.13706669126996363, 0.13706669126996363, 0.13706669126996363, 0.17759985238021828, 0.13706669126996363, 0.13706669126996363, 0.13706669126996363, 
0.14100137704146024, 0.14100137704146024, 0.14100137704146024, 0.1539917377512387, 0.14100137704146024, 0.14100137704146024, 0.14100137704146024, 
0.13813651730189483, 0.13813651730189483, 0.13813651730189483, 0.17118089618863108, 0.13813651730189483, 0.13813651730189483, 0.13813651730189483, 
0.14024153777871853, 0.14024153777871853, 0.14024153777871853, 0.15855077332768883, 0.14024153777871853, 0.14024153777871853, 0.14024153777871853, 
0.14049708007094117, 0.14049708007094117, 0.14049708007094117, 0.1570175195743531, 0.14049708007094117, 0.14049708007094117, 0.14049708007094117, 
0.14049922679797647, 0.14049922679797647, 0.14049922679797647, 0.15700463921214117, 0.14049922679797647, 0.14049922679797647, 0.14049922679797647, 
0.1368031888971731, 0.1368031888971731, 0.1368031888971731, 0.1791808666169613, 0.1368031888971731, 0.1368031888971731, 0.1368031888971731, 
0.1411534086350624, 0.1411534086350624, 0.1411534086350624, 0.15307954818962569, 0.1411534086350624, 0.1411534086350624, 0.1411534086350624, 
0.14129405532458472, 0.14129405532458472, 0.14129405532458472, 0.15223566805249164, 0.14129405532458472, 0.14129405532458472, 0.14129405532458472, 
0.13681881883172248, 0.13681881883172248, 0.13681881883172248, 0.179087087009665, 0.13681881883172248, 0.13681881883172248, 0.13681881883172248, 
0.14056995320047064, 0.14056995320047064, 0.14056995320047064, 0.15658028079717623, 0.14056995320047064, 0.14056995320047064, 0.14056995320047064, 
0.1409278457734919, 0.1409278457734919, 0.1409278457734919, 0.15443292535904843, 0.1409278457734919, 0.1409278457734919, 0.1409278457734919, 
0.13942685894450568, 0.13942685894450568, 0.13942685894450568, 0.16343884633296593, 0.13942685894450568, 0.13942685894450568, 0.13942685894450568, 
0.13577451849223207, 0.13577451849223207, 0.13577451849223207, 0.18535288904660777, 0.13577451849223207, 0.13577451849223207, 0.13577451849223207, 
0.1395627511183415, 0.1395627511183415, 0.1395627511183415, 0.16262349328995088, 0.1395627511183415, 0.1395627511183415, 0.1395627511183415, 
0.13796551319507874, 0.13796551319507874, 0.13796551319507874, 0.1722069208295275, 0.13796551319507874, 0.13796551319507874, 0.13796551319507874, 
0.1403719872830246, 0.1403719872830246, 0.1403719872830246, 0.15776807630185247, 0.1403719872830246, 0.1403719872830246, 0.1403719872830246, 
0.1392486764917262, 0.1392486764917262, 0.1392486764917262, 0.16450794104964284, 0.1392486764917262, 0.1392486764917262, 0.1392486764917262, 
0.14091324224088608, 0.14091324224088608, 0.14091324224088608, 0.15452054655468342, 0.14091324224088608, 0.14091324224088608, 0.14091324224088608, 
0.13967295382931116, 0.13967295382931116, 0.13967295382931116, 0.16196227702413302, 0.13967295382931116, 0.13967295382931116, 0.13967295382931116, 
0.14115041845566553, 0.14115041845566553, 0.14115041845566553, 0.15309748926600678, 0.14115041845566553, 0.14115041845566553, 0.14115041845566553, 
0.14032099197339584, 0.14032099197339584, 0.14032099197339584, 0.158074048159625, 0.14032099197339584, 0.14032099197339584, 0.14032099197339584, 
0.13949278877115906, 0.13949278877115906, 0.13949278877115906, 0.1630432673730456, 0.13949278877115906, 0.13949278877115906, 0.13949278877115906, 
0.13782637653915733, 0.13782637653915733, 0.13782637653915733, 0.17304174076505607, 0.13782637653915733, 0.13782637653915733, 0.13782637653915733, 
0.14014410477170963, 0.14014410477170963, 0.14014410477170963, 0.15913537136974218, 0.14014410477170963, 0.14014410477170963, 0.14014410477170963, 
0.13669284376728852, 0.13669284376728852, 0.13669284376728852, 0.1798429373962688, 0.13669284376728852, 0.13669284376728852, 0.13669284376728852, 
0.13607452406049414, 0.13607452406049414, 0.13607452406049414, 0.1835528556370353, 0.13607452406049414, 0.13607452406049414, 0.13607452406049414, 
0.14011696326258768, 0.14011696326258768, 0.14011696326258768, 0.1592982204244739, 0.14011696326258768, 0.14011696326258768, 0.14011696326258768, 
0.1404739445243743, 0.1404739445243743, 0.1404739445243743, 0.1571563328537542, 0.1404739445243743, 0.1404739445243743, 0.1404739445243743, 
0.13634267121152818, 0.13634267121152818, 0.13634267121152818, 0.18194397273083085, 0.13634267121152818, 0.13634267121152818, 0.13634267121152818, 
0.14003027898636775, 0.14003027898636775, 0.14003027898636775, 0.15981832608179358, 0.14003027898636775, 0.14003027898636775, 0.14003027898636775, 
0.1382847029351046, 0.1382847029351046, 0.1382847029351046, 0.17029178238937245, 0.1382847029351046, 0.1382847029351046, 0.1382847029351046, 
0.13965739025392915, 0.13965739025392915, 0.13965739025392915, 0.1620556584764251, 0.13965739025392915, 0.13965739025392915, 0.13965739025392915, 
0.1408695203450606, 0.1408695203450606, 0.1408695203450606, 0.15478287792963646, 0.1408695203450606, 0.1408695203450606, 0.1408695203450606, 
0.1404534522737241, 0.1404534522737241, 0.1404534522737241, 0.15727928635765528, 0.1404534522737241, 0.1404534522737241, 0.1404534522737241, 
0.13983306831068407, 0.13983306831068407, 0.13983306831068407, 0.1610015901358957, 0.13983306831068407, 0.13983306831068407, 0.13983306831068407, 
0.14069240963824312, 0.14069240963824312, 0.14069240963824312, 0.15584554217054108, 0.14069240963824312, 0.14069240963824312, 0.14069240963824312, 
0.1400915847463313, 0.1400915847463313, 0.1400915847463313, 0.1594504915220122, 0.1400915847463313, 0.1400915847463313, 0.1400915847463313, 
0.14032437418675392, 0.14032437418675392, 0.14032437418675392, 0.1580537548794765, 0.14032437418675392, 0.14032437418675392, 0.14032437418675392, 
0.13995721687847415, 0.13995721687847415, 0.13995721687847415, 0.16025669872915504, 0.13995721687847415, 0.13995721687847415, 0.13995721687847415, 
0.14039225951698894, 0.14039225951698894, 0.14039225951698894, 0.1576464428980663, 0.14039225951698894, 0.14039225951698894, 0.14039225951698894, 
0.13960664567160788, 0.13960664567160788, 0.13960664567160788, 0.16236012597035276, 0.13960664567160788, 0.13960664567160788, 0.13960664567160788, 
0.14058849301616372, 0.14058849301616372, 0.14058849301616372, 0.1564690419030177, 0.14058849301616372, 0.14058849301616372, 0.14058849301616372, 
0.13997316236577786, 0.13997316236577786, 0.13997316236577786, 0.1601610258053329, 0.13997316236577786, 0.13997316236577786, 0.13997316236577786, 
0.13952826845635993, 0.13952826845635993, 0.13952826845635993, 0.1628303892618404, 0.13952826845635993, 0.13952826845635993, 0.13952826845635993, 
0.14018051916031635, 0.14018051916031635, 0.14018051916031635, 0.15891688503810203, 0.14018051916031635, 0.14018051916031635, 0.14018051916031635, 
0.13997957891094043, 0.13997957891094043, 0.13997957891094043, 0.1601225265343573, 0.13997957891094043, 0.13997957891094043, 0.13997957891094043, 
0.1399291054606298, 0.1399291054606298, 0.1399291054606298, 0.16042536723622122, 0.1399291054606298, 0.1399291054606298, 0.1399291054606298, 
0.13932766768910448, 0.13932766768910448, 0.13932766768910448, 0.16403399386537307, 0.13932766768910448, 0.13932766768910448, 0.13932766768910448, 
0.13979258020275082, 0.13979258020275082, 0.13979258020275082, 0.16124451878349527, 0.13979258020275082, 0.13979258020275082, 0.13979258020275082, 
0.14016610875343316, 0.14016610875343316, 0.14016610875343316, 0.1590033474794011, 0.14016610875343316, 0.14016610875343316, 0.14016610875343316, 
0.13962318456597503, 0.13962318456597503, 0.13962318456597503, 0.16226089260414978, 0.13962318456597503, 0.13962318456597503, 0.13962318456597503, 
0.14073310311013407, 0.14073310311013407, 0.14073310311013407, 0.1556013813391956, 0.14073310311013407, 0.14073310311013407, 0.14073310311013407, 
0.13981727384251233, 0.13981727384251233, 0.13981727384251233, 0.16109635694492608, 0.13981727384251233, 0.13981727384251233, 0.13981727384251233, 
0.14074416512475707, 0.14074416512475707, 0.14074416512475707, 0.15553500925145758, 0.14074416512475707, 0.14074416512475707, 0.14074416512475707, 
0.14008172493068707, 0.14008172493068707, 0.14008172493068707, 0.1595096504158776, 0.14008172493068707, 0.14008172493068707, 0.14008172493068707, 
0.14047313654512805, 0.14047313654512805, 0.14047313654512805, 0.1571611807292318, 0.14047313654512805, 0.14047313654512805, 0.14047313654512805, 
0.13859476318037028, 0.13859476318037028, 0.13859476318037028, 0.16843142091777843, 0.13859476318037028, 0.13859476318037028, 0.13859476318037028, 
0.14097669136434834, 0.14097669136434834, 0.14097669136434834, 0.15413985181390996, 0.14097669136434834, 0.14097669136434834, 0.14097669136434834, 
0.13922824768019879, 0.13922824768019879, 0.13922824768019879, 0.16463051391880731, 0.13922824768019879, 0.13922824768019879, 0.13922824768019879, 
0.13898851816317542, 0.13898851816317542, 0.13898851816317542, 0.16606889102094743, 0.13898851816317542, 0.13898851816317542, 0.13898851816317542, 
0.13951733415227238, 0.13951733415227238, 0.13951733415227238, 0.16289599508636562, 0.13951733415227238, 0.13951733415227238, 0.13951733415227238, 
0.13912909399314854, 0.13912909399314854, 0.13912909399314854, 0.16522543604110876, 0.13912909399314854, 0.13912909399314854, 0.13912909399314854, 
0.13988667164911672, 0.13988667164911672, 0.13988667164911672, 0.1606799701052997, 0.13988667164911672, 0.13988667164911672, 0.13988667164911672, 
0.1407334179920024, 0.1407334179920024, 0.1407334179920024, 0.15559949204798582, 0.1407334179920024, 0.1407334179920024, 0.1407334179920024, 
0.14093613233552416, 0.14093613233552416, 0.14093613233552416, 0.15438320598685504, 0.14093613233552416, 0.14093613233552416, 0.14093613233552416, 
0.1407499775553367, 0.1407499775553367, 0.1407499775553367, 0.15550013466797974, 0.1407499775553367, 0.1407499775553367, 0.1407499775553367, 
0.14009439317277245, 0.14009439317277245, 0.14009439317277245, 0.1594336409633654, 0.14009439317277245, 0.14009439317277245, 0.14009439317277245, 
0.13689078136973162, 0.13689078136973162, 0.13689078136973162, 0.1786553117816102, 0.13689078136973162, 0.13689078136973162, 0.13689078136973162, 
0.14154851463203263, 0.14154851463203263, 0.14154851463203263, 0.15070891220780402, 0.14154851463203263, 0.14154851463203263, 0.14154851463203263, 
0.1406270538137728, 0.1406270538137728, 0.1406270538137728, 0.1562376771173633, 0.1406270538137728, 0.1406270538137728, 0.1406270538137728, 
0.14139117942439394, 0.14139117942439394, 0.14139117942439394, 0.15165292345363632, 0.14139117942439394, 0.14139117942439394, 0.14139117942439394, 
0.1394136801791258, 0.1394136801791258, 0.1394136801791258, 0.16351791892524503, 0.1394136801791258, 0.1394136801791258, 0.1394136801791258, 
0.1403331266571634, 0.1403331266571634, 0.1403331266571634, 0.15800124005701968, 0.1403331266571634, 0.1403331266571634, 0.1403331266571634, 
0.13968229022295398, 0.13968229022295398, 0.13968229022295398, 0.16190625866227615, 0.13968229022295398, 0.13968229022295398, 0.13968229022295398, 
0.1338652485211833, 0.1338652485211833, 0.1338652485211833, 0.1968085088729001, 0.1338652485211833, 0.1338652485211833, 0.1338652485211833, 
0.13806863797541805, 0.13806863797541805, 0.13806863797541805, 0.1715881721474917, 0.13806863797541805, 0.13806863797541805, 0.13806863797541805, 
0.13986353589695058, 0.13986353589695058, 0.13986353589695058, 0.16081878461829646, 0.13986353589695058, 0.13986353589695058, 0.13986353589695058, 
0.14097925086338498, 0.14097925086338498, 0.14097925086338498, 0.15412449481969015, 0.14097925086338498, 0.14097925086338498, 0.14097925086338498, 
0.1397491123692083, 0.1397491123692083, 0.1397491123692083, 0.16150532578475013, 0.1397491123692083, 0.1397491123692083, 0.1397491123692083, 
0.13937583521077335, 0.13937583521077335, 0.13937583521077335, 0.1637449887353599, 0.13937583521077335, 0.13937583521077335, 0.13937583521077335, 
0.14004477069393872, 0.14004477069393872, 0.14004477069393872, 0.1597313758363676, 0.14004477069393872, 0.14004477069393872, 0.14004477069393872, 
0.1394981306848752, 0.1394981306848752, 0.1394981306848752, 0.16301121589074866, 0.1394981306848752, 0.1394981306848752, 0.1394981306848752, 
0.14023652849430748, 0.14023652849430748, 0.14023652849430748, 0.15858082903415513, 0.14023652849430748, 0.14023652849430748, 0.14023652849430748, 
0.14100331027789748, 0.14100331027789748, 0.14100331027789748, 0.15398013833261506, 0.14100331027789748, 0.14100331027789748, 0.14100331027789748, 
0.13969659237104604, 0.13969659237104604, 0.13969659237104604, 0.16182044577372381, 0.13969659237104604, 0.13969659237104604, 0.13969659237104604, 
0.14004362606244708, 0.14004362606244708, 0.14004362606244708, 0.15973824362531747, 0.14004362606244708, 0.14004362606244708, 0.14004362606244708, 
0.13918993408012406, 0.13918993408012406, 0.13918993408012406, 0.1648603955192555, 0.13918993408012406, 0.13918993408012406, 0.13918993408012406, 
0.1411406845289754, 0.1411406845289754, 0.1411406845289754, 0.15315589282614767, 0.1411406845289754, 0.1411406845289754, 0.1411406845289754, 
0.14090173942021506, 0.14090173942021506, 0.14090173942021506, 0.1545895634787095, 0.14090173942021506, 0.14090173942021506, 0.14090173942021506, 
0.14088067189880119, 0.14088067189880119, 0.14088067189880119, 0.1547159686071929, 0.14088067189880119, 0.14088067189880119, 0.14088067189880119, 
0.13933266838221098, 0.13933266838221098, 0.13933266838221098, 0.1640039897067341, 0.13933266838221098, 0.13933266838221098, 0.13933266838221098, 
0.13960871592176227, 0.13960871592176227, 0.13960871592176227, 0.16234770446942617, 0.13960871592176227, 0.13960871592176227, 0.13960871592176227, 
0.14009549992447104, 0.14009549992447104, 0.14009549992447104, 0.15942700045317376, 0.14009549992447104, 0.14009549992447104, 0.14009549992447104, 
0.14142923956596354, 0.14142923956596354, 0.14142923956596354, 0.15142456260421872, 0.14142923956596354, 0.14142923956596354, 0.14142923956596354, 
0.14007699295345363, 0.14007699295345363, 0.14007699295345363, 0.15953804227927806, 0.14007699295345363, 0.14007699295345363, 0.14007699295345363, 
0.13852591486059546, 0.13852591486059546, 0.13852591486059546, 0.16884451083642724, 0.13852591486059546, 0.13852591486059546, 0.13852591486059546, 
0.14047491302746357, 0.14047491302746357, 0.14047491302746357, 0.15715052183521863, 0.14047491302746357, 0.14047491302746357, 0.14047491302746357, 
0.14006176232723372, 0.14006176232723372, 0.14006176232723372, 0.15962942603659774, 0.14006176232723372, 0.14006176232723372, 0.14006176232723372, 
0.14046985156340164, 0.14046985156340164, 0.14046985156340164, 0.15718089061958995, 0.14046985156340164, 0.14046985156340164, 0.14046985156340164, 
0.13968289631443986, 0.13968289631443986, 0.13968289631443986, 0.16190262211336065, 0.13968289631443986, 0.13968289631443986, 0.13968289631443986, 
0.14056106216848005, 0.14056106216848005, 0.14056106216848005, 0.15663362698911978, 0.14056106216848005, 0.14056106216848005, 0.14056106216848005, 
0.1406321250580388, 0.1406321250580388, 0.1406321250580388, 0.15620724965176733, 0.1406321250580388, 0.1406321250580388, 0.1406321250580388, 
0.1402004500609943, 0.1402004500609943, 0.1402004500609943, 0.15879729963403447, 0.1402004500609943, 0.1402004500609943, 0.1402004500609943, 
0.14041908891757457, 0.14041908891757457, 0.14041908891757457, 0.15748546649455267, 0.14041908891757457, 0.14041908891757457, 0.14041908891757457, 
0.14037627712375608, 0.14037627712375608, 0.14037627712375608, 0.15774233725746353, 0.14037627712375608, 0.14037627712375608, 0.14037627712375608, 
0.13928956319968877, 0.13928956319968877, 0.13928956319968877, 0.16426262080186751, 0.13928956319968877, 0.13928956319968877, 0.13928956319968877, 
0.14081211007786434, 0.14081211007786434, 0.14081211007786434, 0.15512733953281413, 0.14081211007786434, 0.14081211007786434, 0.14081211007786434, 
0.1404408776744773, 0.1404408776744773, 0.1404408776744773, 0.15735473395313634, 0.1404408776744773, 0.1404408776744773, 0.1404408776744773, 
0.14097274780407693, 0.14097274780407693, 0.14097274780407693, 0.15416351317553845, 0.14097274780407693, 0.14097274780407693, 0.14097274780407693, 
0.14078593594986738, 0.14078593594986738, 0.14078593594986738, 0.15528438430079575, 0.14078593594986738, 0.14078593594986738, 0.14078593594986738, 
0.13943318719383951, 0.13943318719383951, 0.13943318719383951, 0.16340087683696305, 0.13943318719383951, 0.13943318719383951, 0.13943318719383951, 
0.13885882205193206, 0.13885882205193206, 0.13885882205193206, 0.1668470676884076, 0.13885882205193206, 0.13885882205193206, 0.13885882205193206, 
0.13999871959223067, 0.13999871959223067, 0.13999871959223067, 0.16000768244661576, 0.13999871959223067, 0.13999871959223067, 0.13999871959223067, 
0.14003276819191032, 0.14003276819191032, 0.14003276819191032, 0.1598033908485381, 0.14003276819191032, 0.14003276819191032, 0.14003276819191032, 
0.14104601102386455, 0.14104601102386455, 0.14104601102386455, 0.15372393385681257, 0.14104601102386455, 0.14104601102386455, 0.14104601102386455, 
0.1402854304517459, 0.1402854304517459, 0.1402854304517459, 0.15828741728952436, 0.1402854304517459, 0.1402854304517459, 0.1402854304517459, 
0.14019755887890292, 0.14019755887890292, 0.14019755887890292, 0.15881464672658252, 0.14019755887890292, 0.14019755887890292, 0.14019755887890292, 
0.14002324119374288, 0.14002324119374288, 0.14002324119374288, 0.15986055283754264, 0.14002324119374288, 0.14002324119374288, 0.14002324119374288, 
0.14059956721801206, 0.14059956721801206, 0.14059956721801206, 0.1564025966919275, 0.14059956721801206, 0.14059956721801206, 0.14059956721801206, 
0.13984612405249663, 0.13984612405249663, 0.13984612405249663, 0.1609232556850202, 0.13984612405249663, 0.13984612405249663, 0.13984612405249663, 
0.1411645063179786, 0.1411645063179786, 0.1411645063179786, 0.15301296209212828, 0.1411645063179786, 0.1411645063179786, 0.1411645063179786, 
0.14134557797226624, 0.14134557797226624, 0.14134557797226624, 0.15192653216640276, 0.14134557797226624, 0.14134557797226624, 0.14134557797226624, 
0.14101525128285175, 0.14101525128285175, 0.14101525128285175, 0.15390849230288955, 0.14101525128285175, 0.14101525128285175, 0.14101525128285175, 
0.14005778103801736, 0.14005778103801736, 0.14005778103801736, 0.15965331377189582, 0.14005778103801736, 0.14005778103801736, 0.14005778103801736, 
0.14007682070175687, 0.14007682070175687, 0.14007682070175687, 0.1595390757894588, 0.14007682070175687, 0.14007682070175687, 0.14007682070175687, 
0.14051568747187285, 0.14051568747187285, 0.14051568747187285, 0.1569058751687627, 0.14051568747187285, 0.14051568747187285, 0.14051568747187285, 
0.14077109829311507, 0.14077109829311507, 0.14077109829311507, 0.15537341024130957, 0.14077109829311507, 0.14077109829311507, 0.14077109829311507, 
0.14081427208239508, 0.14081427208239508, 0.14081427208239508, 0.15511436750562946, 0.14081427208239508, 0.14081427208239508, 0.14081427208239508, 
0.13970075242925528, 0.13970075242925528, 0.13970075242925528, 0.1617954854244683, 0.13970075242925528, 0.13970075242925528, 0.13970075242925528, 
0.14099613881447776, 0.14099613881447776, 0.14099613881447776, 0.15402316711313352, 0.14099613881447776, 0.14099613881447776, 0.14099613881447776, 
0.13992025243727368, 0.13992025243727368, 0.13992025243727368, 0.16047848537635792, 0.13992025243727368, 0.13992025243727368, 0.13992025243727368, 
0.1403004854032864, 0.1403004854032864, 0.1403004854032864, 0.1581970875802816, 0.1403004854032864, 0.1403004854032864, 0.1403004854032864, 
0.1333659137303468, 0.1333659137303468, 0.1333659137303468, 0.19980451761791906, 0.1333659137303468, 0.1333659137303468, 0.1333659137303468, 
0.1395520920566253, 0.1395520920566253, 0.1395520920566253, 0.1626874476602482, 0.1395520920566253, 0.1395520920566253, 0.1395520920566253, 
0.14116394686109357, 0.14116394686109357, 0.14116394686109357, 0.15301631883343852, 0.14116394686109357, 0.14116394686109357, 0.14116394686109357, 
0.14031955357953416, 0.14031955357953416, 0.14031955357953416, 0.15808267852279503, 0.14031955357953416, 0.14031955357953416, 0.14031955357953416, 
0.14079065536674193, 0.14079065536674193, 0.14079065536674193, 0.15525606779954848, 0.14079065536674193, 0.14079065536674193, 0.14079065536674193, 
0.14085425965715195, 0.14085425965715195, 0.14085425965715195, 0.15487444205708825, 0.14085425965715195, 0.14085425965715195, 0.14085425965715195, 
0.14058890555821008, 0.14058890555821008, 0.14058890555821008, 0.1564665666507395, 0.14058890555821008, 0.14058890555821008, 0.14058890555821008, 
0.14023541359353703, 0.14023541359353703, 0.14023541359353703, 0.1585875184387777, 0.14023541359353703, 0.14023541359353703, 0.14023541359353703, 
0.1398793598908818, 0.1398793598908818, 0.1398793598908818, 0.16072384065470935, 0.1398793598908818, 0.1398793598908818, 0.1398793598908818, 
0.1411124140773004, 0.1411124140773004, 0.1411124140773004, 0.15332551553619764, 0.1411124140773004, 0.1411124140773004, 0.1411124140773004, 
0.13577327924357505, 0.13577327924357505, 0.13577327924357505, 0.18536032453854967, 0.13577327924357505, 0.13577327924357505, 0.13577327924357505, 
0.1412051727949855, 0.1412051727949855, 0.1412051727949855, 0.15276896323008676, 0.1412051727949855, 0.1412051727949855, 0.1412051727949855, 
0.13982725049214823, 0.13982725049214823, 0.13982725049214823, 0.1610364970471106, 0.13982725049214823, 0.13982725049214823, 0.13982725049214823, 
0.1399852750687706, 0.1399852750687706, 0.1399852750687706, 0.16008834958737647, 0.1399852750687706, 0.1399852750687706, 0.1399852750687706, 
0.140550718107602, 0.140550718107602, 0.140550718107602, 0.15669569135438802, 0.140550718107602, 0.140550718107602, 0.140550718107602, 
0.14034092267442508, 0.14034092267442508, 0.14034092267442508, 0.15795446395344953, 0.14034092267442508, 0.14034092267442508, 0.14034092267442508, 
0.1393221061183507, 0.1393221061183507, 0.1393221061183507, 0.16406736328989588, 0.1393221061183507, 0.1393221061183507, 0.1393221061183507, 
0.13981387465112088, 0.13981387465112088, 0.13981387465112088, 0.16111675209327475, 0.13981387465112088, 0.13981387465112088, 0.13981387465112088, 
0.1408128302543344, 0.1408128302543344, 0.1408128302543344, 0.15512301847399385, 0.1408128302543344, 0.1408128302543344, 0.1408128302543344, 
0.14102331261112144, 0.14102331261112144, 0.14102331261112144, 0.15386012433327131, 0.14102331261112144, 0.14102331261112144, 0.14102331261112144, 
0.14084394361273161, 0.14084394361273161, 0.14084394361273161, 0.15493633832361037, 0.14084394361273161, 0.14084394361273161, 0.14084394361273161, 
0.14023256549807722, 0.14023256549807722, 0.14023256549807722, 0.15860460701153656, 0.14023256549807722, 0.14023256549807722, 0.14023256549807722, 
0.14024645891295093, 0.14024645891295093, 0.14024645891295093, 0.15852124652229457, 0.14024645891295093, 0.14024645891295093, 0.14024645891295093, 
0.1410053141771233, 0.1410053141771233, 0.1410053141771233, 0.15396811493726015, 0.1410053141771233, 0.1410053141771233, 0.1410053141771233, 
0.14061508508656953, 0.14061508508656953, 0.14061508508656953, 0.15630948948058282, 0.14061508508656953, 0.14061508508656953, 0.14061508508656953, 
0.1406297026471979, 0.1406297026471979, 0.1406297026471979, 0.15622178411681278, 0.1406297026471979, 0.1406297026471979, 0.1406297026471979, 
0.14199891403499504, 0.14199891403499504, 0.14199891403499504, 0.1480065157900298, 0.14199891403499504, 0.14199891403499504, 0.14199891403499504, 
0.14076445645760874, 0.14076445645760874, 0.14076445645760874, 0.15541326125434754, 0.14076445645760874, 0.14076445645760874, 0.14076445645760874, 
0.1390355034909494, 0.1390355034909494, 0.1390355034909494, 0.1657869790543037, 0.1390355034909494, 0.1390355034909494, 0.1390355034909494, 
0.1399409691354565, 0.1399409691354565, 0.1399409691354565, 0.16035418518726097, 0.1399409691354565, 0.1399409691354565, 0.1399409691354565, 
0.14051175891649773, 0.14051175891649773, 0.14051175891649773, 0.1569294465010135, 0.14051175891649773, 0.14051175891649773, 0.14051175891649773, 
0.14030604083504505, 0.14030604083504505, 0.14030604083504505, 0.15816375498972954, 0.14030604083504505, 0.14030604083504505, 0.14030604083504505, 
0.13957888673158864, 0.13957888673158864, 0.13957888673158864, 0.1625266796104683, 0.13957888673158864, 0.13957888673158864, 0.13957888673158864, 
0.13991983658809476, 0.13991983658809476, 0.13991983658809476, 0.16048098047143142, 0.13991983658809476, 0.13991983658809476, 0.13991983658809476, 
0.14008430103840344, 0.14008430103840344, 0.14008430103840344, 0.15949419376957952, 0.14008430103840344, 0.14008430103840344, 0.14008430103840344, 
0.140507166278953, 0.140507166278953, 0.140507166278953, 0.15695700232628204, 0.140507166278953, 0.140507166278953, 0.140507166278953, 
0.13709868567414749, 0.13709868567414749, 0.13709868567414749, 0.1774078859551151, 0.13709868567414749, 0.13709868567414749, 0.13709868567414749, 
0.13963813882733392, 0.13963813882733392, 0.13963813882733392, 0.16217116703599666, 0.13963813882733392, 0.13963813882733392, 0.13963813882733392, 
0.13865258506289388, 0.13865258506289388, 0.13865258506289388, 0.16808448962263683, 0.13865258506289388, 0.13865258506289388, 0.13865258506289388, 
0.13911959634007512, 0.13911959634007512, 0.13911959634007512, 0.1652824219595493, 0.13911959634007512, 0.13911959634007512, 0.13911959634007512, 
