
0.1470917719830572,0.1452258057247381,0.1411100175182967,0.14391767570416233,0.14433861983977445,0.14178046409186099,0.1365356451381223,
0.014295875852858242,0.014251404606433787,0.3818224757763459,0.5635772518830152,0.008280601981142192,0.00958621774443104,0.008186172155775526,
7.202381418663362E-5,5.21221187833771E-5,0.313007341574915,0.6867248219973848,6.818176342468458E-5,4.23859842921599E-5,3.3122747012481426E-5,
0.0022790237034248846,0.0019294634938353912,0.05481574509202941,0.9353880532971397,0.002420407921360392,0.0015904269428458468,0.0015768795493643734,
2.1138980583451067E-4,1.772599043615523E-4,0.34854612855313233,0.6507184467830979,9.665039990552579E-5,1.4164040106500302E-4,1.0848415260219248E-4,
1.6173554841559604E-4,1.1548826765265624E-4,0.21646092066998798,0.7829542281966081,1.1568386244761827E-4,7.953735934855962E-5,1.1240609553989946E-4,
5.9254780081199734E-8,6.629652668095924E-8,0.20822058396380533,0.7917791931012488,5.145475616703195E-8,1.2522706895362976E-8,3.3406175741108454E-8,
0.004596921448385255,0.009203473726286696,0.2820132498488631,0.6930401368952737,0.003198413478954382,0.003990252876997455,0.003957551725238865,
8.76770172883387E-5,1.9905714987396048E-4,0.22232730369248827,0.7771517426111666,6.0749492935643385E-5,1.189497795729045E-4,5.4520256674953684E-5,
1.2554895785099563E-4,1.9604742311469945E-4,0.3211278183168178,0.6783058930667122,9.614206269847394E-5,8.060574884450539E-5,6.79444239616083E-5,
0.0012069929826830118,0.001531323269144544,0.16716488563458878,0.827951159085689,8.397252131243255E-4,7.004878011140831E-4,6.054260136563675E-4,
0.001119630229605104,0.0010316396652018875,0.12396016087374491,0.8724475244458676,4.121261608568926E-4,4.401082241503488E-4,5.888104005738907E-4,
2.0169520219958016E-8,1.8386196331120247E-8,0.29346643355449326,0.7065334905295844,1.5745407263152388E-8,9.931924000747326E-9,1.1682874806074044E-8,
2.265077243315741E-4,2.2131684756129713E-4,0.010585139496392686,0.9881160821683413,4.295381553307739E-4,2.180230953699851E-4,2.0339251267269124E-4,
5.697031039297076E-6,5.00803357002809E-6,0.005931824712893442,0.9940407961390407,6.873842768504346E-6,4.611630950882258E-6,5.1886097378420005E-6,
5.146430908465306E-6,3.0026387561271873E-6,0.11857912048587403,0.8814054176386903,2.3602931526149733E-6,2.5107148179326928E-6,2.4417978018126676E-6,
0.001311052651179006,0.0011575251924280225,0.18145596199482553,0.8127801414840692,9.411681471276657E-4,0.0013833519717025397,9.70798558667254E-4,
5.325684249278616E-4,9.512803596975813E-4,0.11600141682873392,0.8811090109849637,5.333452287624046E-4,3.990419715629952E-4,4.7333620135099147E-4,
0.0031039196240349935,0.007522585552430706,0.37391337921197315,0.6092688589759111,0.002427299494549101,0.0017580964039955412,0.0020058607371058576,
0.0023708654590642256,0.004278349174939712,0.8977233956821542,0.09220598384855742,0.001125454370763737,0.0010347450407064318,0.0012612064238142113,
5.939048206886615E-4,0.0011204799508427335,0.7845545266099181,0.21283494851546386,2.9659270948418227E-4,2.9386568414128825E-4,3.0568170946117533E-4,
2.5681407169889667E-4,5.9129664490329E-4,0.6590591410791995,0.3395265516505618,2.255725469875024E-4,1.96358051318876E-4,1.442659553296059E-4,
5.150077736536196E-6,5.605787481325465E-6,0.7465406447200362,0.2534392530825998,4.0363882882411205E-6,3.0114238392758446E-6,2.2985200177645787E-6,
5.276703984592697E-6,1.052541774637599E-5,0.512595281899798,0.48737946783554464,3.0423445824810883E-6,1.4501245569094364E-6,4.9556737877329865E-6,
6.234211281587771E-6,1.0999999301127989E-5,0.00377316946019035,0.99619033466743,6.055988262866028E-6,4.237641860707957E-6,8.968031673604773E-6,
4.2585029138970915E-4,6.012445593191751E-4,0.1399334497226005,0.8585023112757513,1.617582186359131E-4,2.2782222348391624E-4,1.4756370881906504E-4,
1.0967171448435525E-7,1.474203196551763E-7,0.09665009968089583,0.903349343916333,8.759258021441005E-8,9.438569516978797E-8,1.1733246062682841E-7,
2.0500481978329035E-4,3.403113762345891E-4,0.1523180606835289,0.8468311092952958,9.085987013875024E-5,1.1707121676545017E-4,9.758273825284354E-5,
2.7236220403595985E-4,5.066382232250344E-4,0.10520399439302085,0.8935486550061537,1.5355190950481763E-4,9.62645789653043E-5,2.1853368509322938E-4,
1.3477226481331144E-5,2.5319768897327263E-5,0.01172739119563961,0.9881775042177119,1.3162911514122711E-5,1.427668700037806E-5,2.886799275500982E-5,
3.46196555159383E-13,7.297483870650754E-13,0.04357458984155009,0.9564254101562529,5.100010389316353E-13,1.8118878065654076E-13,4.313361005551366E-13,
8.463674266752068E-7,7.481500620872294E-7,0.0030070690858284687,0.9969861036713331,3.1321375725228306E-6,1.1884542207451274E-6,9.121335569132633E-7,
0.0011378624769092787,0.003487614907523943,0.8658462389385633,0.12831834899243966,4.2642435212119224E-4,3.773841562466168E-4,4.061261761956652E-4,
1.0300159316679968E-4,3.179301285972715E-4,0.9001062730358079,0.09926963176711158,7.021847286658288E-5,7.400178639336691E-5,5.894321605653056E-5,
1.4242309959326319E-8,7.771852371752979E-8,0.9064887761298928,0.09351104552104685,2.557450742459957E-8,2.827097862163565E-8,3.254274023454918E-8,
1.0115595413351107E-4,5.177910772560981E-4,0.8986415931626814,0.10050986402304972,7.997338290738432E-5,8.295274913151621E-5,6.666965083905609E-5,
0.0017418142868277416,0.0021187603586130532,0.9182234294914616,0.07601473778456692,6.151703366948384E-4,6.126199539422274E-4,6.734677878934528E-4,
0.0011801898131719947,0.001765883754040823,0.91664660649561,0.07872947589499125,5.125988921155254E-4,5.046722867393523E-4,6.60572863331269E-4,
4.386827483349596E-4,0.0011079924895240909,0.8611830432973572,0.13621762747378,3.14435973559619E-4,3.628165100899037E-4,3.7540150735431804E-4,
0.001192848792917659,0.0021658799689102653,0.9163086048009016,0.07818992904610471,7.14043275462082E-4,7.026097904128265E-4,7.26084325290629E-4,
0.001898816030992079,0.006589637506072943,0.9190018405633674,0.07052491093180933,6.937756788712591E-4,6.09312763365666E-4,6.817065255209378E-4,
0.008881369060030845,0.019764612914848097,0.6687560933366934,0.002457789333146395,0.12290455245663497,0.015712997858056493,0.16152258504058986,
0.0023195264229675205,0.0051605924343836335,0.9608843556886864,0.0021823574617679965,0.011955214032956105,0.0030151198504974807,0.014482834108740737,
0.007718424964602883,0.024170644153051035,0.7654391734115682,0.0022277868476635165,0.06635623709209826,0.06215064350847935,0.07193709002253668,
2.4988382359578605E-5,9.247086652600294E-5,0.9996438892098256,2.400505049089029E-6,7.659506629565608E-5,6.72693037652404E-5,9.238666617863733E-5,
1.5643738773768863E-6,5.6787847930648835E-6,0.9999653371516187,2.497907286345406E-6,7.703231579366149E-6,8.74345135028779E-6,8.475099495022038E-6,
1.332304782670329E-5,8.156684099383661E-5,0.999700950247258,2.0873686171067538E-6,6.163900236869982E-5,6.061378965973656E-5,7.981970327627847E-5,
4.864360190758559E-6,1.5901377294234662E-5,0.9999240658484193,5.629496860518129E-7,1.9139645941038373E-5,1.75522423518608E-5,1.7913576115925107E-5,
1.2758072215249042E-11,7.139149744087056E-10,0.9999986410966941,1.3580053553828189E-6,5.103837706167699E-11,5.669210185609835E-11,6.354626097926651E-11,
3.3681965528382814E-12,2.9509995566733675E-10,0.9999995866200442,4.129019668042118E-7,8.022159577458926E-11,3.0027666099541237E-11,6.927478289996416E-11,
0.03544023448851351,0.0710397162927684,0.36241973716933373,0.0225720858126213,0.25902406324242117,1.9330672945395432E-4,0.2493108562648874,
0.008354325681631056,0.06432862368374306,0.4560244715232446,0.03052403575989527,0.21631967195706642,4.611282968506727E-5,0.22440275856473482,
0.013686904718882863,0.08660145748433677,0.5416813084706863,0.03936720590211581,0.15465089920474967,7.874567984482921E-5,0.16393347853938384,
3.2161367443844796E-6,7.33262109394581E-5,0.9639768644208371,0.03523099819297278,2.991117631464724E-4,1.606069515156693E-8,4.164672146641852E-4,
1.4817688317134532E-5,3.266308282127108E-4,0.9557534959461313,0.04266006990597677,5.978349370697767E-4,5.703565112569087E-7,6.465803377819365E-4,
0.005643556170738262,0.20540193036223503,0.2906560047107214,0.02532224589702031,0.18640286954750657,3.7784132466270255E-5,0.28653560917931215,
0.010915909012410394,0.06752355428819555,0.32750642077918607,0.1193590013402704,0.2955761543854348,1.802692561329012E-4,0.17893869093837036,
2.7136318553363506E-6,6.237192948433689E-4,0.9498667328700507,0.04869912867271108,4.0215984928649234E-4,2.8527041208597953E-7,4.0526041084212286E-4,
3.1402743759441733E-4,0.004155781572499334,0.9483802467287232,0.03316756730555021,0.006808132643543835,5.154141594832685E-6,0.0071690901704947975,
0.020488499262840014,0.3943124554934922,0.17763667466947,0.0031594398759126415,0.2337947424525405,1.3691210059809113E-4,0.17047127614514687,
0.028611402304129074,0.3472215819147311,0.1837668901100711,0.003990182781118566,0.17929454537224573,1.0970679268460046E-4,0.2570056907250204,
5.301450319380685E-4,0.006297016595845865,0.001576688826234667,7.25970104407579E-4,0.004550906159011231,0.9819254532612262,0.004393820021336046,
2.9415198192445926E-10,5.1927944872266786E-5,0.934253722472986,0.017120567495643838,2.302223895484416E-8,0.04857373574828108,2.302182760642595E-8,
2.55842987148723E-4,0.02044392137718304,0.0013395024424013417,8.963280899108552E-5,0.0048847761787148706,0.9691034478346949,0.003882876370865131,
6.847151348626414E-4,0.020101732326364703,0.005573289509688659,1.3971136438795895E-4,0.006435749239344509,0.9592064440655791,0.007858358359772609,
8.106371620218406E-4,0.003684447618397289,0.001902055634020777,4.112792958679844E-5,0.005283382471984516,0.9825136196055454,0.005764729578443588,
5.321473162095291E-7,9.50355463942488E-6,3.704074451324436E-6,9.026540860738725E-8,1.4124348443005699E-6,0.9999832391842118,1.5183391268827836E-6,
2.647985121396801E-6,1.2014107836629422E-5,3.176223553392141E-4,1.0392463320811052E-5,3.148746348946067E-5,0.9996043261597714,2.150946512150546E-5,
3.0116660461951303E-6,6.526989945793385E-5,5.239351810829974E-5,7.108765394664522E-7,1.897960339427185E-5,0.9998411948582959,1.843957815833081E-5,
3.034921920057061E-8,2.3106047176227424E-7,2.191647196415328E-5,2.4139195661332213E-6,1.0230063797694917E-7,0.9999750682518327,2.376463069453484E-7,
4.5089962456786244E-8,4.3133380070959445E-7,4.5758617645002E-5,1.2445245474612166E-5,3.6452075869352573E-7,0.999940558746636,3.9644572133589237E-7,
6.47565640026483E-8,1.8036900570023173E-6,8.623902906859548E-7,1.2047374738489912E-8,3.7119826056317884E-7,0.9999965698506387,3.1606681720840287E-7,
1.5902913527539296E-7,1.3319762867347783E-6,2.1454434625117236E-5,7.11001680415125E-7,1.8395578260802753E-6,0.9999726098624072,1.8941380391093325E-6,
2.0631542037089498E-10,1.7526162070341252E-7,0.0067711847141706,1.0760002766058986E-4,1.9167923905441037E-9,0.9931210351296587,2.743783850115688E-9,
7.006400920344274E-9,7.050992701083687E-6,2.8910977403827018E-6,1.0780469024776173E-7,8.564424229581338E-8,0.9999897313068378,1.2614738675427055E-7,
3.95859245252165E-9,1.6512944192752468E-8,1.5675998950296924E-8,2.1667469308028457E-10,1.5284487482646864E-8,0.9999999287410376,1.9610261384094547E-8,
1.9994500971420705E-9,1.624602914380553E-7,1.8266524283218624E-6,1.337401397560837E-8,1.9770347390397696E-8,0.9999979447995865,3.0943881475504776E-8,
1.0831338057465473E-9,3.184575367914911E-9,4.8090769858328396E-9,6.215340977891353E-11,4.128498730684041E-9,0.999999983098185,3.6343780334393026E-9,
1.9734550069373666E-11,1.7359991410494695E-10,4.760236692017558E-7,1.419184538882314E-7,1.4749964217484964E-10,0.9999993815792039,1.3783835084761968E-10,
1.3182540491611036E-11,2.1728901206530072E-10,2.4427707516200915E-4,1.2014671635626459E-4,1.2750635275105797E-10,0.9996355757857578,6.474452486157272E-11,
2.561864646106795E-11,1.0897710309192004E-9,1.137317105862304E-5,1.1808723514057529E-6,5.799310848959817E-10,0.9999874437832746,4.779949076978722E-10,
2.367677801452274E-9,2.922589566574962E-8,3.061157246713457E-8,3.10167581568343E-10,1.8756582691209676E-8,0.9999999002462069,1.8481897994080292E-8,
1.9591289649693127E-9,1.2649845957651171E-8,7.223277047571464E-9,1.0977754444369725E-10,1.1389049507417603E-8,0.9999999543869641,1.2281957664455715E-8,
7.820021330128191E-10,4.704348241422561E-9,4.130775023482063E-8,2.088072321175744E-9,9.290479043700972E-9,0.9999999305161633,1.1311183184192861E-8,
1.0721917155613433E-9,4.199519857560034E-9,1.386696744101188E-6,1.3376000957741738E-8,1.0919930844676709E-8,0.9999985715177473,1.2217865718893178E-8,
3.553690880579327E-10,1.530604487912442E-10,6.976547793519961E-8,1.5625404697683082E-9,2.6395831962546626E-9,0.999999922112106,3.411862450309089E-9,
1.4127120928353208E-9,4.028307078861032E-9,7.032870374653505E-9,7.182944650250571E-11,7.708738800808062E-9,0.9999999732239452,6.521596067740629E-9,
2.175019469908106E-9,4.122962164945934E-8,4.563768154312371E-6,1.7293583092114994E-7,2.203988886904136E-8,0.9999951710336438,2.6817838696754215E-8,
9.962965081267332E-10,8.238567379574042E-8,1.2087460203343566E-7,1.7871401489491685E-9,1.2856352247645707E-8,0.9999997695224606,1.157747626748868E-8,
1.3326727334975368E-7,1.615444976709789E-6,7.830049295409577E-7,1.0351718801637978E-8,7.833935457663544E-7,0.9999960074025019,6.671350541898529E-7,
4.840874112011125E-9,4.760489513234393E-7,0.03580803236243061,6.135763492019499E-4,5.8854176113329205E-8,0.9635777893279449,6.221641752795529E-8,
3.892136199181483E-7,6.794532121290283E-6,3.2057127056155434E-6,5.3874296776690426E-8,2.6180663016854386E-6,0.999984376475369,2.562125586820784E-6,
0.003768328360868312,0.4863589442605952,0.2991369466505555,0.0057101883027827205,0.08370600107748978,1.7306916686222833E-4,0.12114652218084654,
4.099170189896094E-6,2.6353969813288237E-4,0.9642505586704636,0.033697424962628265,9.959325409768702E-4,2.828863511187168E-7,7.881620712565937E-4,
0.003311304008138629,0.428895833013442,0.4357996442778701,0.006292943862881832,0.060350870399652985,2.6698408956438586E-4,0.06508242034845008,
0.01545359025452544,0.301423025525382,0.269743769328086,0.0040996968038144324,0.19545574818064748,8.478803716986908E-4,0.21297628953584577,
0.011296141230468064,0.10528857659880898,0.22046738045980033,0.0030784291138110987,0.3578931595243218,4.7307943187756323E-4,0.30150323364091225,
3.09291709038069E-5,0.1476613123005952,0.3886693390973516,0.2327083962976887,0.10615297709824392,1.8968300452007998E-5,0.1247580777347648,
5.790030135134802E-6,2.458362372993543E-4,0.924685692860824,0.06380734453379333,0.004607427843511411,3.005636240759547E-7,0.006647607930811926,
3.131198165591302E-4,6.55374425542799E-4,0.5954940503696461,0.1939598903982357,0.12114109357584303,8.759691884448492E-6,0.08842771172228825,
4.1897915530151903E-4,8.016648541715893E-4,0.4098874310853432,0.2219336053803635,0.19627238163398067,1.4935797565486511E-5,0.17067100209327435,
8.049743882723214E-4,0.13113127974822913,0.7423289792366631,0.012114219394039803,0.060783711520595224,1.0700551928099164E-4,0.052729830192920026,
6.048024504187213E-4,0.15481479358577763,0.7789750578828516,0.007171353137242306,0.024198961092517672,8.022008236839013E-5,0.03415481176882381,
3.8075062146154885E-4,0.016806144099216054,0.5579295511662266,0.008771428182151127,0.1930210321495303,0.013878652182008037,0.20921244159940583,
0.006371274126490864,0.11917535718140804,0.593072738774315,0.008012380367886745,0.127360351956707,0.031716115208550694,0.11429178238464203,
3.8720320248443534E-6,3.3018338758387277E-4,0.9422590781601583,0.01552774343326741,0.023703869553485708,3.0791866930673933E-4,0.0178673347641734,
1.3038138600784823E-6,1.2840579041909755E-5,2.6886858250655985E-5,2.6836586096485436E-7,5.144872241008609E-5,0.9998643661302135,4.288553036244134E-5,
1.048164943749552E-5,0.006561503354597955,4.835919539209693E-4,8.10913092385041E-6,1.6073091774435928E-4,0.9925189184843254,2.566645090496396E-4,
2.7147106660664546E-7,0.0042211810799436325,0.0026797536633722187,8.721321390655965E-5,1.1996372521036652E-4,0.9927183027781483,1.7331406835305993E-4,
2.7887203807170196E-6,1.0812695422428528E-4,2.6614210603114927E-5,3.1305272625824907E-7,4.315375617463032E-5,0.9997772978477231,4.1705458167877445E-5,
3.459539324973481E-6,6.161676674428653E-5,7.282995447306813E-5,7.313899132429809E-7,3.3456690078926246E-5,0.9997801144167493,4.77912427147905E-5,
1.1156149802276157E-5,7.614008937381763E-4,1.0232934351823296E-4,9.289714376485378E-7,1.36712040202927E-4,0.9988747389333351,1.127336679662933E-4,
5.696331722514643E-9,9.720217579019697E-8,1.240399985428423E-7,1.6669468956310117E-9,6.699153737215906E-8,0.9999996450923011,5.931070839206441E-8,
3.3045584049219963E-9,5.85048939541542E-8,6.640342419343912E-7,7.028191742818668E-8,4.903761435738437E-8,0.9999990997709551,5.506581601596524E-8,
2.4610926145671397E-10,4.782969697370436E-8,2.2813717131778326E-8,1.8028154182008087E-10,3.500578716603219E-9,0.999999922344521,3.0850948530642145E-9,
3.8208777069770615E-9,4.91360004495211E-7,8.724653487182828E-8,8.298126878308585E-10,6.470845523762293E-8,0.9999992885609917,6.347332306977723E-8,
3.788225777948577E-9,1.1014128282835861E-7,4.686701534239099E-8,3.625017664562383E-10,2.4943391866444834E-8,0.9999997857846646,2.8112919156100124E-8,
5.744550684957941E-9,2.0765329796611308E-7,5.786320362836039E-7,9.854529485835761E-9,8.220130079562555E-8,0.9999990474342233,6.848006038461951E-8,
4.2845995364006144E-9,1.959409169730647E-7,7.60347039463667E-7,5.3222571175168015E-9,9.047290117598865E-8,0.9999988776860508,6.594623577748125E-8,
2.5691699577260345E-9,5.223673818856975E-7,1.178965231021828E-6,1.4969903216734334E-8,7.528739909055162E-8,0.9999981338716819,7.196923171530192E-8,
5.383837097123127E-10,1.5962751607335017E-6,1.508908736674465E-7,2.3277923829656143E-9,3.1312243622055104E-8,0.9999981831881242,3.5467420778395774E-8,
1.6714376029277065E-9,1.2221285010787449E-7,7.664468960230436E-8,6.560014319759737E-10,2.95364099996912E-8,0.9999997347060635,3.4572548413875614E-8,
1.58153156430056E-9,2.8005996247816113E-6,6.738162115077754E-8,1.0912302809493282E-8,1.7246835661280557E-7,0.9999968083520466,1.3870451740124728E-7,
3.455549273927714E-9,4.197312239775405E-7,5.250944405744755E-7,1.528457324585358E-8,1.6066816635035944E-7,0.9999987764259373,9.93401077552937E-8,
1.2453519154872503E-9,4.1732606184442506E-6,4.876100996964091E-7,4.070489287969169E-9,5.246221685143883E-8,0.9999952225297325,5.8821489057000706E-8,
2.6912392493915173E-9,5.584243144931519E-7,4.997337090923903E-7,5.271581325939491E-9,1.509688589988993E-7,0.999998651286349,1.3162395040479434E-7,
3.5689710217899183E-10,1.128013927227773E-6,5.490754232733433E-7,6.7384532831135845E-9,3.0182065727326224E-8,0.9999982628367609,2.2796473839166046E-8,
3.2445938575596696E-9,5.470382689329094E-6,5.073342349883549E-4,9.479573448060274E-6,1.6131810439111637E-7,0.9994773627829251,1.8846325153436542E-7,
5.09471091458907E-6,0.01409621080265229,4.8677570896466725E-4,2.454088398589842E-5,2.9725035631640275E-4,0.9847147073638488,3.7542017331698447E-4,
1.0009973238955519E-7,7.331129776746597E-5,0.27047437749962955,0.003937598828304446,1.058305612510914E-5,0.7254897306917767,1.4298526664485553E-5,
7.660555148593134E-7,0.08834235238968705,0.05597181522719915,0.0016073038199691727,6.0142843781555316E-5,0.8539420090007738,7.561066307327987E-5,
1.5446090441327893E-5,0.004095037254065766,0.001403467263189869,1.105456265663947E-5,5.800239717578777E-4,0.9934594085299835,4.355623279041605E-4,
1.6844661946139263E-5,8.218653442849785E-4,0.002840761455623452,0.0010935088194085943,5.72049860226176E-4,0.994313654885626,3.4131497288380244E-4,
1.5866904084223257E-5,0.0016902001214600055,0.039652948510972306,0.02164565028622707,9.82030776376277E-4,0.9352492201677345,7.640832331455081E-4,
3.593488470025687E-5,0.003860722401888172,0.006116381577465006,1.3855120348340558E-4,3.2081351955003806E-4,0.9891372859886078,3.903104243044569E-4,
3.185015410008031E-6,0.10860117212869627,0.0030173952252848077,3.147302177202175E-4,2.3691911114748823E-4,0.8876373145670754,1.8928373466594093E-4,
1.0233297927979551E-10,4.2325685196268245E-6,0.004338364242854847,4.7716493352749714E-5,4.806524106408282E-7,0.9956088189189686,3.8702155884702815E-7,
1.4720069954872275E-9,6.345234909697162E-6,9.63957488128021E-4,7.897098474910795E-6,7.692215544078127E-6,0.999006151953903,7.954537033317558E-6,
9.9423122437524E-12,8.262770731339112E-6,0.032542744604278445,2.0568823228568568E-4,1.626809323620762E-7,0.9672429938032904,1.4789853909935785E-7,
6.6960790510370345E-6,0.006331465624288278,9.07838191307614E-4,9.062099441150019E-6,1.2381841138526132E-4,0.9924875180740763,1.336015204497383E-4,
2.2294718233682694E-8,6.938507595895114E-4,0.5957548111858278,0.007223682726325476,4.596168741440268E-6,0.3963158044497257,7.232415069929237E-6,
5.268486592245272E-9,1.3993228838496912E-4,0.007686830933849363,1.68798907127365E-4,1.2965717985850793E-5,0.9919767808228791,1.4686061285305408E-5,
2.2091330359277424E-9,0.03091876083020082,0.6523538779875419,0.01320307879720054,7.419968064066164E-7,0.3035228773758106,6.608033060519337E-7,
4.360697428018348E-6,0.003379087394663696,0.0015370946928667047,3.2416259539878205E-5,1.5034435517501669E-4,0.9947747371219299,1.2195947839747326E-4,
3.5860979005232324E-6,0.16948021506868255,0.05020670478089418,6.943684284673233E-4,1.6617394796488848E-4,0.7793432830455322,1.0566863055854413E-4,
1.7823330775239439E-7,1.6224054184336403E-4,0.9177291954203335,0.011559719128011481,2.1804055689218927E-6,0.07054472565877885,1.7606121557355535E-6,
1.8631235454741195E-6,0.0717841969338509,0.005705329215374559,2.03316270108091E-4,8.949220351706319E-5,0.9220959361685339,1.1986608507070728E-4,
3.317420394758113E-8,4.490569839299451E-4,0.5640363337434601,0.08953129115995434,3.042665823077227E-7,0.345982318015547,6.626563244280441E-7,
5.136162519013672E-6,0.10142209946499876,0.006372224201464021,2.67517387528586E-4,2.3293287764824595E-4,0.8914605756436279,2.3951426221411685E-4,
4.405456225409723E-12,0.19403490941143725,0.017226309079557914,4.0984121856343903E-4,9.040117785494005E-6,0.7883108256534598,9.074514789346686E-6,
8.629076651772441E-7,0.008603965018434715,6.022129736591166E-4,3.464901537963058E-6,6.692117254323037E-5,0.9906655510650303,5.702196112863362E-5,
5.272933472418802E-7,2.3164011871963267E-4,3.753970027738853E-5,5.79393147148323E-7,6.0734893836505405E-6,0.9997170036237576,6.63638136790429E-6,
4.0483753613358565E-5,0.020991279940623397,0.007362323823206789,7.487974123560346E-4,5.75052914391973E-4,0.9697733414819583,5.087206738504639E-4,
4.073525485723509E-5,0.002872086719813521,0.01732202082154094,7.996164802288241E-5,8.842635909281988E-4,0.9780102288344246,7.90703130413466E-4,
4.7051769575312506E-7,0.0028432716173400732,0.014438703559510827,1.4025034042878214E-4,5.953187380155277E-6,0.9825652357430109,6.115034633474493E-6,
6.52556280407401E-6,0.010846912731615107,0.05841583424598146,0.0010080499919503127,7.13688879093049E-5,0.9295823829583417,6.892562139876455E-5,
4.122986821300511E-6,0.7724367996662242,0.030349322831001748,5.293325575747479E-4,1.1808569764464978E-4,0.19645466096342937,1.0767529730391132E-4,
6.094212091116092E-6,0.12974762026437145,0.19777765334554562,0.00836187715687594,7.171192573558279E-5,0.6639270814879141,1.0796160746675614E-4,
5.252123251774923E-7,0.1775365681151955,0.3104341055052339,0.002016468341548636,2.1208552170863E-5,0.5099753942372954,1.5730036230784195E-5,
1.0814974980440435E-10,1.858870757385404E-5,0.9824526209134042,0.01626103163317073,8.006815813473697E-10,0.0012677568466947459,9.903217101463153E-10,
5.151254257506211E-13,0.7500727524056505,0.10264902681999075,0.0010913367426101622,1.409734729324041E-10,0.14618688370082206,1.8943973434246452E-10,
4.473429849307849E-6,0.039353986995554716,0.0014073250883909238,1.0049852248217957E-5,5.2676991670467594E-5,0.9591181696624141,5.33179798723132E-5,
2.39213318618858E-5,0.0036106519196746406,5.809079811116985E-4,3.3656604972699557E-6,3.043104537439689E-4,0.995143797582478,3.330450706316361E-4,
2.998711659796795E-8,0.0330465521687224,0.0024461861265827134,1.8792892935825242E-5,9.636484818343775E-5,0.9642632726296154,1.2880134684550268E-4,
5.879712529144881E-9,6.337565274229828E-4,0.4360580842314034,0.03523254317054138,1.9954892702241648E-6,0.5280704625882423,3.1521134069481996E-6,
2.6378490059657243E-5,0.05272681583841361,0.0012112051962117913,1.12956163058468E-5,6.493797071249229E-4,0.944756452503271,6.184726486123187E-4,
2.2978362184330333E-8,0.5227306921404261,0.01021513533402587,8.487448947135418E-5,1.5916550607752732E-5,0.46693703447899293,1.6324028112103867E-5,
7.215111353173078E-5,0.005616940403451057,0.06544017289253948,2.919372079615537E-4,0.002278349398670408,0.9240264300507486,0.0022740189330981197,
6.419814339454732E-10,4.46784788019615E-6,2.4736085633113043E-6,7.60181153601981E-9,9.406635566195087E-7,0.9999913663710107,7.432651966470062E-7,
1.606720757496596E-12,5.531847186020691E-4,0.5274441725744808,0.0061445140298418905,5.973503353153234E-11,0.46585812855526504,6.046906964895818E-11,
7.673193308590177E-7,0.002212364996081444,2.6326764134094945E-4,3.2671375204975427E-6,1.9099724094187077E-5,0.9974839713897813,1.7261791851299862E-5,
7.977223548958626E-9,0.014423067736707538,0.014446523805326144,1.2703317296245187E-4,3.446389531878596E-7,0.9710026964491191,3.262197093000142E-7,
7.896976120537732E-12,1.7377646472107461E-6,0.21269054629084982,0.003661714630862105,5.268175749403981E-10,0.7836460000820047,6.969208340390454E-10,
1.5931721249286996E-13,2.4684972093366194E-4,0.005767766688112568,7.300059616805681E-5,9.257822582660047E-11,0.9939123827572083,1.448384776570686E-10,
4.12465815334366E-10,0.5785261002914881,0.054488480100187434,8.471324661379717E-4,3.261490788414477E-8,0.36613822951002944,2.460478545801258E-8,
6.438712156935053E-12,0.8959662655814186,0.016043996105341227,8.744452408922694E-4,1.5779830991844406E-10,0.08711529256504741,3.4306613012228817E-10,
1.1250752328816688E-11,0.22880844437471054,0.02558506371551287,0.0034443364230130743,1.197446987781282E-9,0.7421621531117507,1.1663143028866961E-9,
4.6797703191212926E-11,0.3128811899909601,0.16475345957678858,0.0019045769478321327,7.511614435926179E-10,0.5204607710034673,1.682995291342402E-9,
7.375145432263639E-12,0.5841772403615987,0.36306644649122,0.0034834861909999134,2.0431646414210374E-10,0.04927282656536442,1.7912592689966223E-10,
1.356399618180455E-12,0.08800979823730508,0.2550545485218554,0.002537169562878119,2.348537121923771E-10,0.6543984831373529,3.0439654902535546E-10,
1.2151836108331023E-21,0.9944375163585405,0.00545712946516639,1.053541348468654E-4,2.2844923616777443E-20,4.144222003213124E-11,5.3856620904798626E-20,
3.390554450974373E-13,0.4470868944944697,0.14590243989466609,0.0039149394273691835,1.0793351780958133E-11,0.40309572615963324,1.2730277947913959E-11,
7.424225723014366E-8,0.012619989975145478,0.030788401818753662,5.786712440575798E-4,1.0410948590488452E-6,0.9560106674930461,1.154131879574648E-6,
5.85859702868245E-11,0.4183671847617384,0.30832532506770927,0.005702298200120837,7.139759020600194E-10,0.2676051904924662,7.054016018873787E-10,
1.1345231932690474E-9,0.12294954028589712,0.17931559206330475,0.001278070440856227,1.0338117656210689E-8,0.6964567759322036,9.805097476955993E-9,
2.5737852258335283E-13,0.795414395898473,0.0028219429523731474,0.024031145458566956,1.1553356022627447E-11,0.17773251564665749,3.211550044644676E-11,
5.772460058622013E-12,1.1071440231674421E-4,0.10590307678392723,0.005169826420051247,1.9753591730997297E-10,0.8888163819447549,2.456421220720278E-10,
3.26669483464551E-12,0.9976408045992804,0.0015217795333136892,3.980084958307108E-4,2.3839239775820246E-11,4.3940731249062604E-4,3.198104557318112E-11,
1.4598019037937014E-10,0.14211958089647375,0.25194185148083953,0.002373049179699337,5.019680615282153E-9,0.6035655090479937,4.229334207908988E-9,
5.2810858666928974E-12,0.8850502246950619,0.1137538795123912,0.0010985394891111484,6.050277035796844E-11,9.73562004148368E-5,3.723926645150423E-11,
3.0758448342914505E-9,0.025658543456354627,0.014688908190719307,1.3150479506900204E-4,9.936475495478267E-8,0.959520817463451,1.2365380628039227E-7,
7.762784775458801E-12,0.8632997331126749,0.07086881702394199,0.0013239570464505495,2.4121296241223143E-10,0.06450749239839249,1.695633372419527E-10,
5.262775639217292E-10,0.4733935082245578,0.09347996926954093,0.0016981082425479176,9.049571935838989E-9,0.4314283930404657,1.1647037914265926E-8,
3.1420041940151006E-11,0.8624371504850102,0.031571098890718706,4.8402441592082794E-4,3.2862556769529247E-10,0.10550772541053373,4.377710518592252E-10,
1.8337353840584045E-9,0.0028185877487193842,0.007621544970558796,6.832443014459347E-5,1.1877020871756392E-7,0.9894912234959986,1.9875063632646485E-7,
8.262700128109935E-11,0.447055425765069,9.584401921349555E-4,8.179074147750278E-5,5.9282706964445334E-8,0.5519041848652438,9.907073886274382E-8,
1.795791945368457E-16,0.961837446221019,5.580899845928831E-4,0.006689930287247625,5.2914761923946E-15,0.030914533507130623,4.218807241919761E-15,
6.879613862803065E-24,0.5956652898164582,0.39371231181522603,0.0022974995351330786,2.623175229482952E-19,0.008324898833183731,2.32428532625923E-19,
4.9484445973033715E-17,0.9422688957954524,0.006106184779285821,1.416596873347375E-4,2.3486907697181423E-14,0.051483259737875,2.2908042013901313E-14,
1.2695954744391352E-12,0.7572725591866203,0.2293215988834395,0.012431408497405707,2.615453821585674E-11,9.744333903348995E-4,1.4774601897472813E-11,
6.935631319206011E-12,0.8034567889798552,0.15223340435936336,0.0028231543329602232,5.514188998006448E-11,0.04148665219873656,6.700864669727401E-11,
6.337677724930373E-12,0.8798045870841572,0.11682060693164667,0.0017019096068860023,1.0045277725398628E-10,0.0016728962046702982,6.585003018501E-11,
1.212135497204553E-11,3.42309122546052E-4,0.28305430710127005,0.005755200063527849,1.3162922454016812E-9,0.7108481804561336,1.9281099848287328E-9,
1.7302222023250463E-13,0.0073318498606155585,0.36512551324373654,0.012813798535726926,1.317803586632678E-11,0.6147288383155659,3.1003364980833256E-11,
2.2533629837348313E-11,0.39369901989315836,0.010678272624528947,7.713703190135504E-4,4.108430501704856E-9,0.5948513297197049,3.3126308445063187E-9,
2.397028592971732E-11,0.17154101376833175,0.2356634452914069,0.003447766189742289,1.077382315006429E-9,0.5893477728417207,8.074433691304692E-10,
4.121293751805238E-27,0.991240554890916,0.008608904417921878,1.5053028825867744E-4,1.494132822489582E-24,1.0402903760937421E-8,1.7509114249623493E-24,
2.749316592008302E-13,0.334176888292368,6.772903126905686E-5,7.433860891987015E-5,2.2392123939666655E-9,0.6656810398148906,2.013063685998829E-9,
4.793980559819338E-12,6.049889367213741E-4,9.16488096726426E-4,7.868088636974213E-6,1.4267437220084316E-7,0.9984703720886295,1.4011011755010695E-7,
5.126999265573859E-13,0.2987153367701579,0.1278359174791285,0.0011320635293973489,3.8881004727418556E-10,0.5723166815942933,2.377022022902937E-10,
3.415279860847626E-20,1.0132017144513099E-4,0.3898359279014066,0.0017305682469110426,1.3725404355568998E-14,0.6083321836801953,3.026952347336058E-14,
9.961939321797235E-15,0.96629584678702,0.03213554073052498,0.0013101565764554936,1.007550849920813E-12,2.5845590412529144E-4,8.56089345228139E-13,
1.0011218268221758E-16,0.9457758441723262,0.027169856019582748,5.154939035051036E-4,9.972762637397095E-14,0.026538805904398704,8.683856434763706E-14,
4.763057754535302E-11,0.5335466742916787,0.0028903598702536945,1.0917185622190694E-4,1.2587725207068248E-8,0.46345377575743324,5.589056864152115E-9,
1.868005160901549E-16,0.9962667024881948,0.0013106195131658317,1.60497114443992E-4,4.534484203731927E-14,0.002262180884094805,4.890568679443204E-14,
4.929286255799209E-10,0.0038623582387868607,0.01033064592727337,1.2873170246154928E-4,1.38042153028387E-7,0.9856780318648729,9.373152290776302E-8,
2.4213401917107043E-9,7.891410955802949E-4,0.007553593096233242,1.7397064053146182E-4,7.798312807691329E-7,0.9914820296577447,4.832572898102959E-7,
6.298646174157347E-14,0.9599242423064158,0.03976015515339397,2.55647786853967E-4,1.3373797472573934E-12,5.995475033349407E-5,1.604245872164865E-12,
2.0312612145808282E-14,2.3586245211289528E-4,0.026336752375713847,2.4518164013949124E-4,1.2491860333028081E-9,0.9731822005470296,1.7357977979361234E-9,
2.3741975887446726E-14,0.19023621969450652,0.018921476179284635,2.88923655865624E-4,6.559672269703452E-11,0.790553380321413,8.331059228140161E-11,
2.309905879844854E-22,0.8871612244175486,0.08287727437080475,8.871485721918289E-4,5.689864133752862E-17,0.029074352639456215,4.0459579372873574E-17,
4.450179928941653E-16,0.17294027601216572,0.02140406915730389,0.001371668228581534,1.3971279033369547E-13,0.804283986601731,7.918212673789528E-14,
7.0742512127643165E-12,0.2753565417118124,0.1564378943727572,0.0033504962577000194,2.8620146181222306E-10,0.564855067138787,2.256694724995641E-10,
4.20144270003606E-17,2.207630115492779E-6,0.09275346303301844,7.968322108634885E-4,1.6436791564463392E-13,0.9064474971255854,2.481266647562553E-13,
6.406416437674247E-16,0.868879415107897,0.1299486260250275,0.0011262613594650004,3.061803573185359E-15,4.569750759936331E-5,6.407382994065191E-15,
9.908088780207971E-19,0.02782339390143086,0.9608020706300897,0.004837239170305859,5.003642604563241E-16,0.006537296298172981,5.628199291602596E-16,
3.1201179434270486E-16,0.9945192561876007,0.0024528695699338283,0.00299449682717088,2.0992796058258973E-15,3.337741528636024E-5,7.926832348380151E-15,
1.2544840624239963E-16,3.1833125081620254E-4,0.34980232058788635,0.0024501897563088313,2.1528397410079476E-12,0.6474291583954072,7.429757674680182E-12,
3.9294009082435155E-17,0.8262660287506408,0.034056716489317296,0.0014568359637251074,1.535849440085488E-14,0.13822041879628796,1.5012671825071056E-14,
2.0493883437877043E-17,0.9710904636707627,0.027536528442942527,1.6415652410031145E-4,4.6309405906822165E-15,0.0012088513621825664,3.7049310507163234E-15,
6.0120191703870665E-21,0.7019943882872087,0.24229184795809577,0.0024945393680237344,8.646112469120166E-18,0.05321922438667129,6.293286562154373E-18,
2.3945875026782605E-12,0.7972509761337226,0.1757860942523781,0.025609198363631184,2.257232816786298E-11,0.0013537311778592206,4.74395173963577E-11,
9.890104455239066E-16,0.5277930037721196,0.221026005155347,0.0032805832790411883,5.926983966917265E-14,0.24790040779338002,5.1496452861941146E-14,
1.4441171526579024E-11,0.02527916886189435,0.07228643067418013,0.004546902376124673,2.302360300598338E-9,0.8978874954597245,3.11275120422915E-10,
2.390042892390205E-12,0.2174592914286132,0.36611735719275706,0.004554961966073456,7.35005562790644E-11,0.4118683892458597,9.080533997951268E-11,
2.4221407877531327E-16,0.9381603448055945,0.04532560998527783,7.366779397443473E-4,1.3709768736654487E-13,0.015777367269117788,1.2648037476205526E-13,
1.0373301480839901E-14,0.7962179182849258,0.12780742447480256,0.0022728345731507344,3.1091639466217715E-13,0.0737018226665797,2.2377402218746832E-13,
1.0164914247851715E-13,0.5070733013645822,0.4419442659403991,0.006940363642332001,3.921471902239417E-12,0.044042069045842375,2.8217327226475665E-12,
5.649286364679296E-18,3.902897973402434E-4,0.8872752191675358,0.014048494497659655,4.611139482511129E-16,0.09828599653746664,3.0809924557849764E-16,
1.4341392455459024E-12,0.9151643453808891,0.08332577284320769,8.87166247416946E-4,2.6962165410380124E-11,6.22715454669122E-4,4.542069094004105E-11,
4.4730321443436687E-17,0.39561582460693173,0.5881214126589781,0.007889551389512839,1.792980170681671E-15,0.008373211344574458,1.1229810223247782E-15,
1.397211656078274E-17,0.9994553434434438,4.7994611634164296E-6,1.0025482208519833E-4,2.8181458742847777E-14,4.3960227327100336E-4,9.574573684007567E-15,
5.420039671970674E-14,0.020605998598403775,0.09848586364358007,0.002128394017916942,1.079943278812794E-10,0.8787797433366036,2.954446703745076E-10,
2.9966908491030437E-21,0.9935150616144901,0.006347760846335505,1.3340951913779752E-4,1.1787779165569724E-18,3.768020031536757E-6,7.576989655584293E-19,
1.2880208381965713E-35,0.3459208768779904,0.013468719142921748,2.0842407002664407E-4,3.268651342307458E-25,0.6404019799090548,3.2435879292774753E-25,
1.2708912704686661E-14,0.12975734976148698,0.10554894835635649,0.01228309811161042,1.0252125695376554E-11,0.7524106037496063,1.0675200867772674E-11,
3.4618438783789465E-18,0.7895299348056289,0.1613136677804906,0.002289890028552672,9.881716022441996E-16,0.0468665073853239,1.2389951978815153E-15,
2.682141972740146E-16,0.99836212007566,0.0013175701646365426,7.732085825565204E-5,5.5676607205140055E-14,2.4298890133651448E-4,5.960711705881628E-14,
1.8484460468337672E-11,0.10910717851404382,0.03136386943071363,5.505309693386671E-4,4.6561551126806534E-9,0.8589784143739576,2.0373056363098438E-9,
7.17829624794331E-15,0.02630109958421152,0.7618946487718327,0.020857321317765007,5.929750315018905E-12,0.19094693031713453,3.1213663222071664E-12,
1.1165851540960506E-9,0.5465614406734111,0.30487914220309714,0.01456613471376692,1.1964460905897072E-7,0.13399289696311195,2.646854190967173E-7,
4.890588080387671E-12,0.6535969687330232,0.019675226188391504,3.262023590372227E-4,4.993477369268384E-10,0.3264016017802346,4.3507337270395193E-10,
4.07878761975148E-19,0.9999178539393861,2.188333581257837E-5,5.969521164191586E-5,4.9566755855141543E-17,5.675131600993132E-7,6.465782415069079E-17,
1.3421650268135744E-14,4.989633823224177E-5,0.1260671488607026,4.293774555251372E-4,6.89003330429534E-11,0.873453577196519,8.011065635441304E-11,
2.48794364506837E-11,0.3026377369907366,0.0022857166071288864,1.5762627340132362E-4,4.431805832943692E-8,0.6949188572182521,1.8567545084521135E-8,
6.593849009487823E-17,0.9925392895021107,0.006397707075943883,4.21922934666393E-4,1.2232082327094035E-14,6.410804872574122E-4,8.507425712128693E-15,
1.3459719040047445E-16,0.7574480624296911,0.1718884990241143,0.0033899621783494696,8.26005486591877E-15,0.06727347636783003,6.67880218552586E-15,
2.8978618008380813E-18,0.05088061034588387,0.6058687813963737,0.007106010681054171,6.360846979663454E-14,0.33614459757654885,7.379156986954172E-14,
3.1388012347592974E-10,0.07631124193839343,0.007167787567534567,0.0011117284721660879,2.6730027804824465E-8,0.9154092072643832,7.71361635336065E-9,
3.9652523128628437E-16,0.36696675192237843,0.6028810384086468,0.006351918467444297,1.631762254881956E-14,0.023800291201496793,1.7090714230864966E-14,
1.53948524611298E-13,0.42348648926613425,0.05669015051945337,7.366760419930713E-4,1.412099271538519E-10,0.5190866839339967,9.70599760922202E-11,
4.809358387768301E-16,0.9683877577091136,0.019954683328124213,4.6878382894805653E-4,1.307770885351136E-13,0.011188775133550953,1.3847373585722408E-13,
1.185451996523671E-18,0.878440018642469,0.11795156198469633,0.0025411705903213276,8.009566895595646E-16,0.0010672487825075792,9.061609353042914E-16,
1.1219465431708506E-14,0.9950853128781431,0.0017631531893060799,8.414303933902565E-4,1.3064686079199363E-11,0.0023101035153353083,1.0748325619031894E-11,
1.0154382623840139E-23,0.21614697850725315,0.7782360857977768,0.005616928273601256,2.9795955778964447E-22,7.421367312517237E-9,3.5563055541867936E-22,
2.3606551457438413E-16,0.5033029650553386,0.4928867189436513,0.0018642404119602713,4.776213850550858E-15,0.0019460755890353184,5.401390716316276E-15,
4.931623587838375E-20,0.9844564685328846,0.006657758035742207,2.581458856357673E-4,1.5951215889576841E-16,0.00862762754573667,1.313205160825864E-16,
5.415689039533317E-15,0.9698499134875016,0.02829032738831716,0.001828530261664674,5.051399992041528E-13,3.1228861417460786E-5,5.908598973883815E-13,
1.4177905016122472E-31,0.9965044041018349,0.003383442239191101,1.1215365841320672E-4,2.7814799193341217E-28,5.563766671767705E-13,2.933640314844635E-28,
6.694819565105649E-18,0.9829971581333362,0.01629675358734337,3.694867744376584E-4,7.728867753241869E-16,3.36601504879764E-4,1.4500439701550513E-15,
3.324716934449099E-17,0.22781717763198434,0.7692557566887033,0.0028620844962208777,8.745086318856541E-16,6.4981183091758E-5,9.147219252781418E-16,
