
4.440246750866939E-39,4.178597665559207E-39,4.948944459117101E-39,1.0,2.5867308714457753E-39,2.8336614551389795E-39,
4.687442743222855E-36,4.743002935624541E-36,1.7781567670548736E-36,1.0,3.956154959139369E-36,2.7174683017665935E-36,
1.8670808185622762E-36,1.4447185972758672E-36,8.82613590034989E-37,1.0,7.56462523857582E-37,2.0154499663623007E-36,
6.676310400551104E-37,1.0787899580065521E-36,6.134679429012239E-37,1.0,7.737900272882726E-37,6.237867441758295E-37,
3.318593475361425E-36,4.258111778410126E-36,5.976473669630663E-36,1.0,7.551968661596419E-36,5.4203483514367356E-36,
1.789995013754128E-34,1.2064459430264615E-34,1.546980566584472E-34,1.0,1.7064253122588357E-34,1.4820896208428843E-34,
6.124695667492659E-36,6.488533825906669E-36,5.570208739389753E-36,1.0,1.9343668880653723E-36,7.3047971687794E-36,
3.523365988943781E-38,5.612687308709346E-38,3.8644443813599885E-38,1.0,3.0584191029916003E-38,4.3425550382912825E-38,
1.2086460641231939E-37,1.4698492628981864E-37,1.4816919722958743E-37,1.0,1.899186173988525E-37,1.7238031930003623E-37,
2.2532404722548032E-37,2.3346131424908837E-37,2.484065856089713E-37,1.0,1.4494784551239435E-37,6.836805474287156E-38,
1.9619399410054685E-39,1.2392016752244346E-39,1.479804910077265E-39,1.0,1.425448259569582E-39,1.470272327928966E-39,
2.151247804880883E-39,2.4225735624380196E-39,4.196716744477685E-39,1.0,4.2422071843933067E-39,2.6664237233936716E-39,
2.4949238081715543E-42,2.7337308719734995E-42,3.473836092748704E-42,1.0,1.1165771941658424E-42,2.1308034084769625E-42,
4.1849509057660216E-42,4.360737481630839E-42,2.165893354262833E-42,1.0,2.2626900281286193E-42,2.05755951293909E-42,
2.2253875093586753E-42,1.8649767974220732E-42,6.034022915506055E-43,1.0,1.2180879809324213E-42,2.186357118661769E-42,
4.399969991032778E-43,3.435803325844717E-43,4.0196181685428834E-43,1.0,4.980983135422406E-43,4.535364120367093E-43,
3.2259438167947583E-43,2.7170722664134064E-43,4.4804496437758414E-43,1.0,5.022852701222285E-43,1.8455302694032904E-43,
5.61120325695341E-44,9.265199404158992E-44,1.1844003216089382E-43,1.0,9.226828791165633E-44,1.790633039827576E-43,
7.254847592259551E-40,1.3839745584577216E-39,1.3268598113618881E-39,1.0,7.833141395575236E-40,2.2906999735581765E-39,
1.0543750819049849E-40,2.98246984931237E-41,1.2553002716793158E-40,1.0,1.169319407621572E-40,9.94343696416597E-41,
3.862373970963648E-42,7.300093791650362E-42,4.9305069143772767E-42,1.0,1.9063225720652845E-42,6.29828841804941E-42,
2.7841195963689734E-42,1.5615571367442768E-42,2.434250001867688E-42,1.0,7.72356512437534E-43,2.3938205769922115E-42,
7.512527072283086E-43,1.2270462583161566E-43,7.385079383719445E-43,1.0,4.187192502352957E-43,3.53254347396386E-43,
5.852433916150104E-43,3.689471008867917E-43,4.267539988382737E-43,1.0,3.0680502775176092E-43,6.976170966208016E-43,
1.0293463564153074E-46,5.138958267140531E-46,5.176644306516753E-46,1.0,3.580399617320646E-46,2.5336947081586727E-46,
1.2823587027482025E-36,1.4958122863228134E-36,1.0111461880164645E-36,1.0,4.7874233796270305E-37,6.88060757720642E-37,
1.412123311811198E-42,1.9921202643287233E-42,4.9882031850357216E-42,1.0,4.7752111081421595E-42,4.0874175549447325E-42,
1.2785367575438203E-41,4.2971395002344946E-42,6.643584157713029E-42,1.0,1.1444591857703717E-41,1.549930987800655E-41,
3.3367863889977175E-37,3.4932499610143027E-37,1.936130223075251E-37,1.0,1.2812368551360005E-37,1.7964072732383713E-37,
4.199543797575862E-37,5.010355774179017E-37,3.199254945781199E-37,1.0,4.39866374300727E-37,5.529369550279719E-37,
1.8800146382884415E-37,2.239993622238038E-37,2.572108406608671E-37,1.0,2.2169428089370105E-37,1.8005599966365856E-37,
5.687174728420777E-37,3.1498114484403537E-37,2.772241514864285E-37,1.0,3.1775696225747086E-37,3.5053274113291172E-37,
3.015991483858167E-38,3.5214982901013114E-38,5.378628715444368E-38,1.0,3.054014524245023E-38,6.461712982312268E-38,
1.6780888896007008E-38,1.3353939360938395E-38,1.329514554806842E-38,1.0,1.7180896053351172E-38,1.332498181138373E-38,
4.534948689682136E-39,2.022691401195906E-39,6.027374217683408E-39,1.0,3.8221997829262425E-39,3.3579465765761925E-39,
4.628972811039594E-37,4.856184007507323E-37,1.7631329757200556E-37,1.0,4.857328887851975E-37,4.200866020778973E-37,
3.1102445375667473E-38,1.2484622998112616E-37,1.488141505997288E-37,1.0,8.412576007819589E-38,3.600319791937354E-38,
8.969251945621164E-30,2.3664677104822246E-38,2.90468903551937E-38,1.0,3.523157557271258E-38,3.3812174044022585E-38,
1.0071675016382153E-29,2.4277398161096403E-38,3.975090590477322E-38,1.0,2.4791655958890215E-38,2.727566619198238E-38,
3.8063733913391557E-28,1.5364734656890642E-36,1.746553887805385E-36,1.0,1.3519698251317694E-36,1.411527523374255E-36,
5.979201899139831E-29,7.452796645647874E-29,2.7943466410738385E-37,1.0,1.7531816297667044E-37,1.1265321276040234E-37,
2.0618648827974173E-28,3.3262729403981966E-28,4.277420661012631E-37,1.0,1.0013589341967104E-36,9.936376350749434E-37,
2.6249755633701697E-28,1.2154765441316877E-28,1.0613965315084717E-36,1.0,1.2163831853956537E-36,5.865624868017922E-37,
4.759335612599133E-30,9.016626140794846E-30,3.0486324442802134E-38,1.0,2.1783002479320043E-38,2.946915723102698E-38,
1.0640521991494266E-28,3.199257367978155E-29,2.811097085286249E-37,1.0,4.436159800514676E-37,1.913444463036075E-37,
1.1296679543524027E-29,9.203314547617183E-30,1.5884653888153287E-38,1.0,1.512522480196004E-38,3.399889647775018E-38,
3.547055749350176E-29,3.185858376882753E-29,5.400409873683078E-38,1.0,1.1868413092631516E-37,9.231660329887824E-38,
5.918509730181025E-32,3.4115266529679543E-26,1.198899257720578E-40,1.0,8.363922205322068E-41,4.507819709027466E-40,
7.342858310331929E-32,7.178283801897525E-26,1.0950122083036096E-40,1.0,3.1657200703261016E-40,2.6575285768768824E-40,
3.378613704057806E-31,1.8306792776761737E-25,1.514321148259663E-39,1.0,4.629068706004433E-40,1.4213014139153902E-39,
1.089722763275399E-31,2.015369857564561E-25,1.3807179621032672E-39,1.0,1.0726695655814867E-39,5.155708760811364E-40,
1.000624585672304E-31,7.4956123801182655E-25,5.821261872425379E-39,1.0,5.4753068833217216E-39,3.4491998194992935E-39,
7.015209583018582E-39,7.205318137368883E-33,7.474443101272329E-48,1.0,2.2638069226454156E-47,6.937779801719698E-48,
2.701458028772147E-39,1.092690281157887E-33,4.4985684158589654E-48,1.0,1.258208154562005E-47,1.080921712789932E-47,
1.5663357939922186E-39,2.1162252651522274E-33,2.3371907019019404E-47,1.0,2.1378705636888133E-47,1.6677619939456143E-47,
7.692895261625646E-40,4.8352489203684395E-34,3.312717737626444E-48,1.0,5.1232749744469314E-48,4.633832983787046E-48,
2.291492307734392E-40,1.5054264101148998E-34,6.1216331837081465E-49,1.0,4.272506224578875E-49,6.789865145080156E-49,
2.71551272428771E-35,3.196547949425404E-29,1.0389653468251878E-43,1.0,1.6449148355787145E-44,5.957830257211624E-44,
9.087894344382541E-35,8.501153082293194E-29,2.648222280851937E-43,1.0,3.324266987234192E-43,2.209232025718218E-43,
2.4068406418035038E-35,3.3823653054277916E-29,5.347688518560354E-44,1.0,2.935575136016394E-44,4.815778109146646E-44,
1.4944607210542112E-29,1.155823748263851E-23,3.553442181131889E-38,1.0,2.016408656032613E-38,4.967976284623882E-38,
1.3007899410169587E-29,1.6517216726346227E-23,4.3327057194166106E-38,1.0,3.530385518560196E-38,3.8140120509360317E-38,
3.1139346926866747E-31,3.1573100084261655E-25,3.4610911462888017E-31,1.0,1.0997010073523158E-39,1.044982603263751E-39,
6.178060638412943E-31,1.9833715089005549E-25,4.705111363523972E-31,1.0,2.2695767990920164E-39,1.1597163641828185E-39,
2.874696996258488E-31,1.57537386537601E-25,2.7713416796526778E-31,1.0,7.343450940387639E-40,5.643781122586232E-40,
7.864367949785243E-31,3.20961691832112E-25,6.9856126149468194E-31,1.0,4.8561006325361133E-39,3.5833469876868965E-39,
4.3769561029502014E-29,4.6414171237406626E-23,9.291797292662167E-29,1.0,1.1417050654924173E-37,1.8917541869554452E-37,
1.1880154560954663E-29,1.7926141382546596E-23,2.4905275470026246E-29,1.0,2.1388689269055645E-38,8.899543280006793E-38,
2.894032753793656E-29,1.0053768602141094E-23,1.1204461785974937E-29,1.0,2.809075968098432E-38,8.039321436695461E-38,
8.690387019704774E-29,6.991285027734048E-23,7.810551552899435E-29,1.0,1.5497490119631252E-37,5.07854770446372E-37,
1.6818476887219008E-29,5.9941521186201286E-24,8.25480828452114E-30,1.0,2.0211969616581047E-38,2.5156554776292146E-38,
2.5088471463446636E-29,3.9332699174304344E-23,5.313553465230873E-29,1.0,2.1059225698329236E-37,1.5591602070587085E-37,
2.292281940396764E-29,1.5185307543207417E-23,3.0480894632307586E-29,1.0,5.647748643430562E-38,4.3791739175652667E-38,
4.668950409423633E-25,0.9997678766350155,1.3711206998236416E-17,2.321233649844605E-4,3.885722341434252E-26,3.2413484152685066E-26,
8.727574010662112E-25,1.016180841292978E-11,1.1148714485519028E-19,0.9999999999898382,9.155728646209081E-29,3.986301888381037E-28,
2.4358975810899501E-32,4.550576187389612E-14,5.476964307817301E-31,0.9999999999999545,3.850020173898257E-39,3.800497708611088E-39,
6.610314386397531E-37,2.1416305482100902E-17,3.428037258705197E-37,1.0,1.717283939828007E-45,8.131506355888408E-46,
5.133933584513798E-38,8.034137328906126E-20,6.364992393324597E-38,1.0,9.09931069824658E-47,1.816532721555052E-46,
3.5575500950419684E-35,5.538323620404854E-16,2.1804900136655826E-34,0.9999999999999994,1.153408188687563E-42,1.7071937334255194E-42,
2.636721559001716E-37,5.646835162753707E-18,3.506402972582052E-37,1.0,1.6734765436982565E-45,2.3411619288653955E-45,
7.389569305882559E-37,1.0453224490520615E-17,4.2756372413416214E-37,1.0,3.054612273744477E-45,1.6472142008309678E-45,
3.3753957315925304E-37,5.542249097950691E-18,1.757386840424468E-37,1.0,1.339200439716699E-45,7.217772067145908E-46,
1.1737275564484793E-37,2.7127356990187817E-18,3.0561590205167716E-37,1.0,6.9472931199920066E-46,1.1107285595926624E-45,
6.229729013060337E-37,1.7708028186590543E-17,7.254839447179881E-37,1.0,1.1785369214971946E-45,2.7169711332559962E-45,
1.3503572043573425E-37,5.9104640642473305E-18,8.984119222119514E-38,1.0,4.9095736729847085E-46,4.498985571347759E-46,
1.7534704840833327E-37,5.275908433619368E-18,2.856875884132141E-37,1.0,3.0068675365751764E-46,1.3578278687246929E-45,
7.948731951256837E-38,1.3827975847014477E-18,1.1084552136406053E-37,1.0,2.3995398392784936E-46,2.139963363343206E-46,
4.4679713099254805E-38,1.4722935345775613E-18,4.580462848172258E-38,1.0,1.1946045337456244E-46,8.798078817019381E-47,
2.9077185679508742E-36,1.8423081310274468E-12,6.388556436923595E-36,0.9999999999981577,5.3573550678375427E-45,1.2361099791581465E-44,
5.265409600747467E-33,0.9286614935758447,9.008644478214111E-24,0.0713385064241553,4.907164956952004E-42,1.962270748020469E-41,
1.317224249627042E-31,0.9976844056960358,2.811949272955516E-22,0.002315594303964236,2.3266574852559955E-40,5.517361914621131E-40,
2.6064540783793127E-31,0.9903958387113044,2.6291730362287583E-22,0.009604161288695552,1.5967622001908135E-40,7.312179728493807E-40,
7.308644836758412E-32,0.9916509906618114,2.1241935582047123E-22,0.008349009338188567,1.9711737355129314E-40,3.4454426061052392E-40,
2.6002589883866223E-31,0.4312357045402668,2.197472975017585E-22,0.5687642954597333,2.3011594257722023E-40,6.502760382598921E-40,
9.749851364676584E-32,0.5994663639403423,1.6821119961695323E-22,0.40053363605965775,3.093659985547963E-40,3.233603384107767E-40,
5.349196599195589E-32,0.45266689098023666,5.2191947477961136E-23,0.5473331090197633,1.3616818684570204E-40,5.869897284180483E-41,
2.3596234794867156E-31,0.9943696953136986,4.816394708607426E-22,0.00563030468630133,5.901942528620938E-40,6.085443238264191E-40,
5.699239413315744E-30,0.06024361319658482,8.418785990240995E-21,0.9397563868034151,2.66149593102953E-38,1.568835108488942E-38,
5.308619568172591E-30,0.24565034129314547,9.78758834044344E-21,0.7543496587068547,7.102618408604839E-39,1.0994114024223667E-38,
3.5434383658998285E-32,4.0956393074538216E-5,4.194669662434759E-23,0.9999590436069254,4.272699527856544E-41,1.9389684677872153E-41,
7.422723508577394E-26,2.609612717195745E-4,5.854016969679919E-23,0.9997390387282804,4.2057674227410755E-40,2.465203835822254E-40,
9.255327368929248E-26,6.976376915433984E-5,3.280185204105584E-22,0.9999302362308456,2.952385871814299E-40,2.11000739503111E-40,
4.820607732426158E-28,0.5306585673236457,4.270127042768266E-25,0.46934143267635425,8.163717266398663E-43,5.7188951704943855E-43,
3.67146814919854E-30,3.678702273222474E-7,2.264784345566992E-27,0.9999996321297727,4.004000884922596E-45,4.1128383638779996E-45,
8.351700412322014E-30,9.201740837199133E-7,1.692265085034297E-26,0.9999990798259163,4.279485362828889E-44,1.8309589815030393E-44,
4.71027237471754E-29,2.4021333688582457E-10,2.565715050875415E-31,0.9999999997597867,2.5528131353053714E-43,3.685690558394591E-43,
2.726497739635776E-30,5.534449564243079E-7,7.589847066346344E-27,0.9999994465550437,5.870927613816829E-45,4.3336893766551865E-45,
1.3419853720482448E-31,1.1585947863504084E-8,6.817991012801861E-29,0.9999999884140521,1.3251579664046164E-46,1.3815203232060733E-46,
1.04757292577986E-33,1.6130982923609074E-7,3.803212143791429E-30,0.9999998386901708,1.6675787838341183E-48,2.5340987723755414E-48,
1.6243935037879484E-28,0.00645667769329284,1.4090990679256974E-24,0.9935433223067072,1.3805860706073452E-42,2.314924508805849E-43,
2.027024879134924E-24,0.6598468511253662,4.713672827392668E-21,0.3401531488746338,8.039588204921154E-39,1.1075208121473707E-38,
5.204107107647162E-24,0.6244467052881352,1.3028812818630068E-20,0.37555329471186477,1.5953424074674334E-38,1.373107037200404E-38,
6.238531242957465E-25,0.46950193449982025,2.957259296106766E-21,0.5304980655001797,5.514976902345617E-39,4.1959148699771936E-39,
1.1308213040494116E-22,0.006305426854613231,2.508318424526501E-19,0.9936945731453868,7.614785415131649E-37,2.91308485761769E-37,
1.6671917935078518E-23,0.0017701658604307264,4.707648771107845E-20,0.9982298341395693,1.9010432854597258E-38,5.750973719300541E-38,
3.8938157889106915E-25,0.002362274355004011,8.558413654923964E-22,0.997637725644996,9.231453870517892E-40,1.1520930505811514E-39,
1.494221576485298E-26,6.639334462709281E-5,4.740582353297471E-23,0.9999336066553728,1.0325154455336664E-40,1.2624392641761739E-40,
6.517649531217771E-27,3.224425374466762E-5,6.427150463709879E-23,0.9999677557462554,5.452142747227766E-41,5.273815269323782E-41,
4.244399273085323E-26,7.524672919098538E-5,8.925519704696507E-23,0.999924753270809,1.877042136266885E-40,1.4257553477551774E-40,
4.2381103783884717E-29,6.792852481331343E-5,7.661274779706634E-26,0.9999320714751867,1.7427830876869292E-43,9.031904135496634E-44,
9.376640556552494E-26,0.6416077487970109,1.100437515232202E-22,0.3583922512029891,2.5704548595079186E-40,2.0456854382988323E-40,
8.079543629076962E-26,0.044479132087390356,1.4941587119296198E-22,0.9555208679126097,2.0261614903579034E-40,1.238773097522079E-40,
6.984330953044582E-28,0.025686725513230608,2.71161193436651E-24,0.9743132744867694,6.27194693827723E-42,6.547108369839287E-42,
1.2841977323167208E-29,2.062154411952569E-4,1.5892909545243474E-26,0.9997937845588047,6.39259473155779E-44,6.353472267311679E-44,
2.4857840818814385E-29,1.8099604851001495E-6,7.430029504153755E-26,0.9999981900395148,7.271207431226856E-44,6.078920228381679E-44,
5.243691659313358E-26,0.8125859267186794,8.823848919627934E-23,0.18741407328132068,5.75361792485861E-41,9.27820767719907E-41,
7.592738014735501E-26,0.7380238598058528,6.445951215135983E-15,0.26197614019414067,1.8508186675242607E-40,2.125738894458767E-40,
1.4551846769690987E-25,0.8443728854507082,7.72397702121451E-15,0.15562711454928402,9.873089515824106E-40,1.5387950577997904E-39,
1.9010588648343543E-23,0.6349211174009476,7.418496205352449E-13,0.3650788825983106,1.6553975310561958E-37,2.5549117582829162E-37,
5.704922725666584E-24,0.7749843509937338,9.705016990861517E-13,0.22501564900529583,5.506500133022802E-38,3.0365924594256323E-38,
5.952912392226445E-26,0.005097943960519747,3.015488574892542E-15,0.9949020560394771,5.718199838048625E-41,2.0834942969798593E-40,
5.956592260633492E-32,0.9999880755805736,2.3914432336477697E-20,1.1924419426356264E-5,1.898860934130467E-46,4.701682981204276E-47,
3.236445537689331E-32,0.9999942101198726,2.1587123582590805E-20,5.789880127538984E-6,1.1449695703365849E-46,8.704071009097906E-47,
1.1876006967150607E-32,0.9999992927497433,1.1574334285433556E-20,7.072502567199664E-7,4.134351491558971E-47,5.361522408684797E-47,
2.585372028326778E-32,0.9999989905220491,4.943588994274707E-21,1.0094779508978957E-6,3.5715772299251475E-47,3.664362703679399E-47,
2.7352969832783602E-28,0.0020780144039233136,1.0076275056369098E-16,0.9979219855960765,1.436756990870261E-42,1.709878131906555E-42,
2.971368804685463E-28,9.092214908364506E-4,7.39235397764023E-17,0.9990907785091635,6.202871072435286E-43,4.38292365513905E-43,
9.835378392270911E-28,3.3884645088537836E-4,3.0222896170831297E-16,0.9996611535491143,4.140733795180929E-42,4.3243012561889096E-42,
4.225408230826883E-28,3.66171477847449E-4,3.1825982587470115E-16,0.9996338285221522,3.591263695740258E-42,3.8869200514199356E-42,
3.246082359194859E-26,0.01620251913318271,1.5532556936521106E-14,0.9837974808668017,1.2669256304118282E-40,1.4901200609497655E-40,
4.887280885677972E-26,0.9930658576822098,2.4059533858838212E-14,0.006934142317766183,4.803802907039212E-40,3.5847828278736004E-40,
6.601149432491996E-25,0.5967792168739612,3.448176531112582E-8,0.40322074864427354,1.53834841628401E-39,2.43549974842349E-39,
1.877707129102781E-24,0.6427526735862532,6.655085554223982E-8,0.35724725986289124,2.3522492813470906E-38,2.0295857697419264E-38,
7.8666986709452705E-25,0.054816893108373295,1.2614199502829072E-8,0.9451830942774273,1.850739757528823E-39,2.481250564130784E-39,
2.3714658739959963E-26,0.0029947881583030724,4.4387118445091947E-10,0.9970052113978258,6.787919460420898E-41,7.630949777725605E-41,
1.872716075863573E-28,1.3824453620257286E-4,1.6717794648091332E-11,0.9998617554470797,3.778949815854738E-42,4.039786416375569E-42,
1.50900411064031E-24,0.4060688825260706,1.0097806705857545E-7,0.5939310164958622,1.2696609825431288E-39,7.001305906000689E-39,
8.247810623186602E-25,0.39185360274367775,5.578671451742467E-8,0.6081463414696077,4.728280754123364E-39,4.6242291563252305E-39,
3.8620122930695237E-26,0.005883511176150569,7.267286582569927E-10,0.9941164880971208,1.4743092342695957E-40,1.1488437450243158E-40,
3.030928844997854E-28,3.892064903213156E-5,1.9804519623202302E-7,0.9999608813057715,8.933354780071624E-43,6.596679360636398E-43,
2.691192757620863E-29,4.751610077463018E-6,1.0130114202745216E-8,0.9999952382598083,2.797627707240219E-43,2.524483116461135E-43,
2.0667195069390934E-23,1.533484111419441E-6,4.201144278606141E-10,0.9999984660957741,8.303298511645427E-46,2.3548289077940268E-45,
2.3114942794615943E-23,1.5295348846552702E-6,4.659786138338806E-10,0.9999984699991368,6.808888189005719E-45,8.000294574886658E-45,
1.2062292588739798E-23,1.693749969631746E-6,5.835983789241496E-10,0.9999983056664319,3.9759179224182696E-45,2.451296519098034E-45,
4.2398582164224416E-23,1.066749529250687E-6,5.285315640470528E-10,0.9999989327219391,2.6960614217975123E-45,4.1382588796101184E-45,
2.021087095029869E-19,0.08546868949506779,4.678972889806744E-6,0.9145266315320425,5.6340811511718723E-42,1.3808970378345026E-41,
9.348263634747038E-20,0.026075164725198517,0.779438725691292,0.19448610958350948,6.839278949008645E-42,1.3831866286231882E-41,
2.7112795710313766E-22,0.01494098697760135,0.8820061119680797,0.10305290105431895,2.048765171802114E-45,1.820366109323005E-45,
1.909497543034532E-22,0.09154377247379963,0.6275098712149585,0.2809463563112419,7.32065933124257E-46,5.555492619275893E-46,
7.345950473847004E-22,0.12174167927293657,0.4919655610498488,0.3862927596772147,1.0430398583096886E-44,6.944399614167667E-45,
2.332320497112215E-22,0.999990316952608,9.672497794220278E-6,1.054959788413113E-8,2.8026636241968725E-44,5.085333890069978E-44,
1.956944579219086E-15,3.6837108545831366E-9,0.05691641733601551,0.9430835789802716,3.0150920682733487E-37,3.038745879859191E-37,
5.305070327472641E-22,0.9999556308818479,4.1740251966211964E-5,2.628866185995399E-6,8.33509538518442E-44,4.829164546433938E-44,
1.4644383046449452E-17,0.4908371275578692,0.0012909170194299647,0.5078719554227008,2.9328774624703923E-39,4.1960425499482716E-39,
6.198245816451058E-22,0.9999986758616328,6.887568949025007E-8,1.2552626777971206E-6,6.281160561060052E-44,1.7171731374271365E-43,
3.0348399041410768E-6,0.05911644248684897,5.6365827015198226E-5,0.9408241568462317,1.7440010828535475E-27,7.048011220929143E-28,
0.9624321125519265,7.745111463618305E-6,8.305321679207065E-10,0.03756014150607765,2.2121604940331455E-34,1.3787887559340682E-34,
7.060231380386614E-5,0.10705119343239085,0.892485884915778,3.923193380274034E-4,8.432557579777887E-33,2.737592347491216E-33,
1.6571900238454562E-13,0.002696850402067473,0.9973031470018563,2.5959105221202515E-9,2.86732927226165E-44,2.642525072951776E-44,
6.566367173801428E-9,0.8650554373881933,0.1349275410962865,1.7014949153051812E-5,3.9056266923423486E-39,7.752398226324671E-39,
1.3297782289499063E-6,0.6223498742337424,0.11281963617483443,0.26482915981319416,8.589275052678951E-37,4.847886130483607E-37,
4.88996323630491E-6,0.39397132399756163,0.09964610504861322,0.5063776809905889,2.938589823112693E-35,2.2880525751635618E-35,
5.770425842008831E-7,0.6951593823138329,0.05655380876084801,0.2482862318827349,1.2831381009294065E-37,3.121769794790844E-37,
4.088218043908311E-8,0.02480731476544993,0.004067647729682617,0.971124996622687,5.642352128603568E-38,6.880281580325177E-38,
1.1792806822286046E-6,0.652192850428041,0.10218136684863319,0.2456246034426435,3.5823141255087393E-37,3.2928733742476797E-37,
2.6094847518613283E-11,0.9998795370653062,1.794238574499045E-6,1.1866867002440268E-4,4.192813159670948E-42,5.4708749252513197E-42,
1.2106234623226486E-16,0.9999997104503171,2.2895614892972075E-11,2.8952678705550974E-7,8.407922391549589E-47,6.423438286075073E-47,
1.4217963709193945E-17,0.9999601059319522,1.282976903969163E-12,3.989406676486078E-5,2.5408301895722492E-48,3.202874590962855E-48,
1.6996308398864825E-14,0.008630315423707409,1.7073098936985775E-9,0.9913696828689658,1.3272459529224086E-44,1.199495948274806E-44,
2.899223835177407E-15,1.2447185532405817E-6,2.160530226475389E-10,0.9999987550653908,5.9661306258581306E-46,3.0928125575620783E-46,
1.0225148236305202E-17,1.4174081896471072E-8,1.0781523289707985E-12,0.9999999858248398,4.8306782917451385E-48,3.8316533996969404E-48,
6.972678963309382E-28,2.418383783684666E-28,7.907875094600546E-24,1.0,6.411293621923701E-48,7.836054756863956E-48,
8.762576716545964E-18,3.854937945678502E-7,4.497639878154044E-11,0.999999614461229,4.023303198247003E-48,3.0077801913013613E-48,
1.3653153373144849E-17,1.198803932027836E-7,3.9533743566707965E-11,0.999999880080073,2.1242567141973584E-48,1.9383824097015967E-48,
5.915586863471387E-12,0.07605699934984896,1.3840774371955688E-5,0.9239291598698635,1.9389231614639787E-42,2.494607982783508E-42,
2.5577198418600258E-17,5.3998773527527706E-20,0.09065791653951223,0.9093420834604877,1.1062938403836503E-33,1.3820076180935206E-33,
5.542835000855916E-8,0.470721112531637,0.004571745861880971,0.5247070861781319,2.575495707181494E-38,2.3039672412978492E-38,
5.575230199174617E-21,4.101043712550851E-17,3.178541445274645E-8,0.9999999682145855,8.43922360049563E-40,5.2887558485187885E-40,
2.622211363086187E-19,2.0701615683756473E-14,4.5170515144332293E-10,0.999999999548274,4.2552974015304633E-45,2.0693481851620232E-45,
1.4850467501658092E-19,8.977872942679919E-14,1.3987851992595383E-10,0.9999999998600317,1.3155634256098733E-46,2.5672020574943976E-46,
2.636667101877354E-17,1.7598778072592368E-9,4.534815215882634E-10,0.9999999977866406,2.9035088856167477E-46,1.6841427172191956E-46,
2.277463800715561E-18,3.093845916250778E-10,3.008638631597271E-11,0.9999999996605291,1.0088521545940398E-47,1.3021071894946555E-47,
3.84470356218881E-18,4.668764625996743E-10,3.7760552720795385E-11,0.999999999495363,1.0980320653069768E-47,1.2771963051596092E-47,
7.691148157782567E-19,1.611846261585261E-10,4.386155211733489E-12,0.9999999998344293,5.21872388716451E-49,4.477197327271541E-49,
2.245895713600094E-18,2.8238410483289245E-10,1.2132955478101152E-11,0.9999999997054829,3.972620099443034E-49,1.8409721617492886E-49,
1.6826882992238235E-8,0.9550258595791772,0.01797558892645395,0.026998534667485814,4.007902012375055E-38,5.051086507968076E-38,
1.6126035576938589E-18,1.0841741342295069E-10,6.3389974313404885E-12,0.9999999998852436,1.744685177563017E-48,1.333428655415971E-48,
1.4870748281471564E-18,4.172137367852254E-10,7.358904998501083E-12,0.9999999995754274,5.7515834347126965E-49,3.3485152614721237E-49,
2.1701184808796117E-18,1.841746019306835E-10,3.968262043723068E-12,0.999999999811857,3.2849068210742374E-49,1.146893431708308E-49,
6.7890847276914555E-19,1.692762161974817E-10,3.776077615961998E-12,0.9999999998269478,3.686486820187756E-49,3.220196880359312E-49,
2.3277632578120043E-18,3.8634808465266863E-10,1.3738681272763966E-11,0.9999999995999133,2.4491025074616803E-48,1.8650298928188922E-48,
7.557353665221331E-19,2.0486186308320406E-10,3.3758515673689734E-12,0.9999999997917624,5.0684006113621494E-49,3.365566042257119E-49,
4.4537913069556914E-13,6.170660545438079E-4,3.3257099959631626E-6,0.9993796082350149,1.4752422945467592E-43,1.094746021080624E-43,
2.2307810714962648E-13,2.1250223184502548E-4,9.553821319900435E-7,0.9997865423858,9.174905367413824E-44,1.296183103768021E-43,
1.1701025608385432E-14,1.0793398221927479E-5,6.247061610899107E-8,0.9999891441311501,1.7546489146856979E-44,1.6548429166887974E-44,
9.513690441945294E-14,4.1495546728732994E-5,2.961977843765528E-7,0.9999582082553918,2.1022153887938E-44,2.700301818919534E-44,
2.619959301136399E-14,4.8848080537628064E-5,1.4540456052205617E-7,0.9999510065148756,9.696721888781849E-45,1.004153361079572E-44,
4.084944824804174E-16,3.4147112153100193E-7,1.6368265492377555E-7,0.9999994948462232,1.4269202094859325E-46,3.0012698114828134E-46,
1.122575017202909E-16,5.280041808105428E-8,6.448279712238566E-8,0.9999998827167847,3.181369041770499E-47,1.8947688729241328E-47,
9.60985609570947E-17,1.0502948262488755E-7,1.5226505816891E-8,0.9999998797440115,9.757442298764205E-48,1.0427112739311225E-47,
3.8654654092159614E-17,3.69209739661867E-8,7.3930484060426165E-9,0.9999999556859775,6.045860707035495E-48,3.482529291641033E-48,
7.755053261863108E-11,0.3767201950050881,0.08934431183451066,0.5339354930828508,4.4634797753836667E-41,5.669185133489201E-41,
2.838559136232044E-10,0.5459492612631639,0.13842143752226693,0.3156293009307133,4.4849547611352624E-42,3.8492377665672086E-42,
3.5280898523388926E-16,0.9999990422543248,9.57745674857502E-7,7.783354477960562E-28,8.59632173338881E-41,8.282684365114415E-41,
4.66205033575637E-20,0.9999994000960635,5.999039364858272E-7,2.552601337553517E-19,7.334638659840561E-40,6.654107631132685E-40,
5.491529475255178E-18,0.9999860305071959,1.394274143079735E-5,2.6751373162856195E-8,5.393135419900443E-41,1.1235269902207268E-40,
1.6941089345096885E-14,6.981024932720536E-5,3.0298159899748566E-6,0.999927159934666,8.625366376925958E-45,1.8691617161098595E-44,
1.4283262751019015E-15,0.9997699722709954,2.3002772530690378E-4,3.696273978485272E-12,3.0578610623410924E-41,3.1663088575170005E-41,
6.541368585339664E-12,0.9942686433814161,0.005712140766948122,1.921584509443879E-5,5.0689094179885097E-42,5.460525533771473E-42,
3.348062695686006E-14,0.9999445317707093,5.5259414694854743E-5,2.0881456246551722E-7,5.151169780202758E-44,3.7578596059605427E-44,
9.571288686588862E-12,0.9958891877174061,0.0034768375068565237,6.339747661659782E-4,5.115846217535428E-42,8.892070470299314E-42,
8.913229686189673E-12,0.9840651814166138,0.0143000566558306,0.0016347619186423876,9.254908063357464E-42,1.741019766014196E-41,
4.2339611677775484E-11,0.9801633673358146,0.013560534138664728,0.006276098483181279,4.940745111086818E-42,3.5980641762481815E-42,
3.613896457980645E-11,0.9904759869349554,0.006948123584415029,0.0025758894444905854,1.0279217547441727E-41,6.189106342326831E-42,
2.1785424193651274E-11,0.9871201653012882,0.007029002332588413,0.005850832344337943,4.348297562417062E-42,7.859370577645656E-42,
4.093751995311675E-11,0.9568081578221166,0.006336159037010205,0.036855683099935706,1.4641697885733574E-41,2.3245666279010907E-41,
6.854105476855963E-11,1.523288073477999E-4,0.8462080227238907,0.1536396484002205,1.2541920490599175E-40,1.7164825975636106E-40,
3.477532540591447E-11,8.405124950543008E-5,0.1622725454502376,0.8376434032654817,1.5619265995688297E-41,5.2131822773704646E-42,
4.209612660466954E-14,4.4192551889077514E-7,9.668381055038468E-4,0.9990327199689353,1.49236827466755E-43,1.5457935084674773E-43,
3.3955944876366335E-15,5.007150107227734E-9,2.0491102722008983E-5,0.9999795038901245,1.0650429797262414E-45,5.267788729338709E-46,
1.3188212438772943E-15,5.347325197798927E-9,3.309502072858361E-5,0.999966899631945,1.3304583079231901E-46,1.1201025502030157E-46,
2.2805288274306775E-15,9.448228664859058E-9,3.3092669941325866E-5,0.9999668978818277,1.4766574814988835E-45,6.84666069760597E-46,
2.397498558501423E-13,1.0396531707259825E-5,0.111082972345352,0.888906631122701,9.8291800433884E-44,7.88624116675261E-44,
2.424473985741277E-16,1.515446358779695E-8,0.0014637246637266516,0.9985362601818095,1.6837418459552743E-46,1.6547522276030217E-46,
2.7182567226497236E-16,1.2646003971277916E-8,0.0038653232286951483,0.9961346641253006,4.530434279998222E-47,7.378400267895677E-47,
1.0239690627250905E-15,2.6061312739544466E-6,0.9999973778967788,1.5971946284749748E-8,1.294158688819377E-45,9.163615072797458E-46,
8.757538671027121E-10,3.21160505951771E-6,1.8595941691717746E-4,0.9998108281022694,5.4064443158754334E-17,6.652927357673441E-17,
1.9239188390950764E-21,6.618757175335366E-17,1.0024941320006452E-15,0.999999999999999,4.6719473749028614E-36,3.92054978880039E-36,
2.2324237226900024E-11,1.581713011165196E-5,0.9999688472262936,1.5335621270505928E-5,3.0892546086406223E-31,3.993930212507603E-31,
3.832250340724878E-18,3.3799387873018865E-12,1.7293589259104963E-11,0.9999999999793265,8.018532387348714E-38,1.243658982816633E-38,
1.215251900972872E-17,6.375967641698634E-11,7.1776758531572656E-9,0.9999999927585644,1.5290942029465576E-47,6.264272516327009E-48,
2.0672744680809588E-17,4.354070753207227E-11,3.901363741990656E-9,0.9999999960550956,1.0335601442268216E-47,2.8920859980111386E-48,
9.975602362104657E-11,1.0803339965287812E-5,1.1058105428606454E-6,0.9999880907497359,1.6393115065731757E-35,6.250415571076933E-36,
1.6349879986974958E-8,0.019815117784625615,7.37219763622246E-4,0.9794476461018721,3.894951330708761E-36,2.2029105146189148E-36,
7.05542974178088E-8,0.2652856831543444,0.003547457461055629,0.7311667888303025,2.1491447178887967E-38,1.6029335928395955E-38,
2.1853079488302226E-9,0.015197620783355596,1.4491219080196589E-4,0.9846574648405345,1.788480445722974E-38,2.1791374059515585E-38,
3.1961328024702734E-9,0.008754264273884078,2.3092879645478953E-4,0.9910148037335283,5.9168115444773E-39,5.071240138902473E-39,
2.9678978912364706E-13,0.0014276883769995322,5.8812228550532304E-8,0.9985722528104751,7.501785888060695E-43,1.0194801179640898E-42,
6.380801652329262E-8,0.006287232545091625,0.7431872773685452,0.2505254262783467,3.14358560905889E-38,2.131336863573294E-38,
1.8584195411310715E-15,3.6312672524765183E-11,0.99999119802005,8.801943635507384E-6,3.2056150399494517E-46,5.281627054999312E-46,
4.415339755209616E-13,4.9089828292359235E-9,0.9986350464812911,0.001364948609284581,1.391519462982757E-43,1.376561069589125E-43,
3.0904959554461056E-11,2.091481695808028E-6,0.2837904080038988,0.7162075004835003,8.567630350190738E-41,7.312135926980786E-41,
7.548743681621386E-10,1.1437807449312198E-6,0.21127867408059475,0.7887201813837859,3.645569882780873E-43,1.9646096986861403E-43,
7.585887798114934E-10,3.110932939828478E-7,0.618752480090972,0.3812472080571453,6.446102961631217E-43,5.041934657660773E-43,
4.524097621147062E-11,4.9561822811173066E-8,0.999733506916276,2.6644347666015167E-4,1.8856015859046423E-43,1.4890741761801105E-43,
4.141868081429814E-8,0.0011281181160889804,0.9810390185789293,0.017832821886300854,1.661255921193019E-41,3.430595432293648E-41,
6.226941177549516E-8,0.0012734044130703881,0.985892414155242,0.012834119162275857,1.228162362885535E-40,1.2058458778357021E-40,
1.622066869846849E-8,0.0014325792596731558,0.8094807324128874,0.1890866721067708,2.5720262380383335E-41,2.439812139337718E-41,
3.164767577908296E-8,0.001745102390512763,0.5164560205736961,0.4817988453881154,2.4748263417460274E-41,2.6215581697164317E-41,
1.6453793631555574E-8,0.0012229889089527541,0.5878567035621922,0.4109202910750613,2.0163119386227766E-41,9.51762414061345E-42,
4.433844022476552E-8,6.812720686417497E-5,0.4260952402785204,0.5738365881761753,1.8465846465017407E-41,1.8875760934078503E-41,
3.121192230459619E-11,3.425328364999167E-5,0.9999653990682892,3.476168490162445E-7,8.273995269656412E-45,1.3208715832913943E-44,
1.045803983753976E-9,0.9999916374213511,2.037468380745723E-6,6.324064464115543E-6,1.6815066041511264E-42,5.399818685236585E-43,
1.6808211123583214E-5,0.8814726216197054,0.0078284421595149,0.11068212800965624,1.5328957661013457E-38,2.3431374316803784E-38,
1.4982031164907792E-5,0.8650961119614915,0.03103212326417445,0.1038567827431692,2.7629242648687618E-39,3.526091989474039E-39,
1.174667049885462E-5,0.882353113214512,0.02819086585196321,0.08944427426302588,3.621693363064733E-39,1.4065952060307522E-39,
1.26465136667385E-13,0.9999996511813882,3.48185938833435E-7,6.325463409587708E-10,1.7968654415379284E-46,5.677694103280856E-47,
1.5419862883673138E-7,0.09743772832706966,0.9000799028044595,0.0024822146698420125,6.076512581669342E-41,4.3457535818729815E-41,
2.2128909467418453E-7,0.43137764323803957,9.22786795632451E-4,0.5676993486772334,1.664880942933949E-40,1.3796088553355952E-40,
1.4122468048655145E-8,0.02139214319017537,3.902327297137153E-5,0.9785688194143851,2.3357325199792192E-42,5.5824689635765355E-42,
1.053809750810398E-8,0.019938215420522543,3.334172500261174E-5,0.9800284323163774,1.523439812518771E-42,3.7781673329578526E-42,
2.206327648942848E-11,1.7806306293675368E-5,1.0086718618437689E-7,0.9999820928044568,1.0663640815514573E-44,1.5167893129505784E-44,
2.8511412623296687E-8,0.022996902841487192,1.053948541496476E-4,0.9768976737929506,7.993413287736448E-42,6.113497209428635E-42,
6.27404083723007E-8,0.05176502401911341,1.414318959885046E-4,0.9480934813444898,1.1349450802758228E-41,5.45556981245336E-42,
5.865325049233781E-8,0.05880080368649317,1.9553330004336172E-4,0.941003604360213,1.1239122599870866E-40,6.820587259193722E-41,
7.578866623256773E-7,0.6840957235289642,0.002892305300912764,0.3130112132834607,3.5945309297496488E-40,2.6364248381901978E-40,
2.5070600968893157E-8,0.04595636520275571,8.523765165859953E-5,0.9539583720749848,7.116664253469282E-42,6.052238876939217E-42,
7.597343698744967E-7,0.20173940756641326,5.736663978382308E-4,0.7976861663013787,8.808037012092486E-41,5.709103274612431E-41,
1.051643447481426E-6,0.1409211441737642,8.128723483227683E-4,0.8582649318344656,4.906570642708516E-41,5.800685099488705E-41,
2.353223067308134E-8,7.701004229869158E-7,2.0052774652614526E-5,0.9999791535926936,1.7558396011316252E-42,1.2992858413077495E-42,
2.0850000101223925E-7,4.343280018186607E-5,1.5453688747440626E-4,0.9998018218123428,1.0172532901248826E-41,1.6538627764722175E-41,
4.006029784056793E-5,0.002429265416598791,0.0354806422210656,0.962050032064495,7.351210403611297E-37,2.7751437551763088E-36,
7.293534744070498E-8,7.3009924119490654E-6,5.257197147452556E-5,0.9999400541007661,3.862672146882611E-42,3.9196502213138896E-42,
2.3358234831695934E-5,8.801733873617259E-4,0.014067080834005307,0.9850293875438012,5.526658534849679E-39,5.0695324409386016E-39,
1.7985961351102885E-5,0.0010458535870947467,0.8435791740403026,0.15535698641125148,2.481802858989858E-39,3.332035001317891E-39,
7.643665982805018E-7,3.0930396155621706E-4,0.5199166580347814,0.47977327363706407,1.2112717836820166E-39,1.2080638548084504E-39,
1.2244366751664974E-5,6.94713911231793E-4,0.9462100458380771,0.05308299588393957,1.6618152905692115E-39,1.895894553913894E-39,
4.984451895648291E-6,4.334274331268797E-4,0.33614266842446694,0.6634189196905106,6.17123957428831E-40,1.0559010196644199E-39,
7.100659130831781E-11,6.201412835130183E-9,5.19953528607722E-6,0.9999947941922944,2.472207040516298E-44,2.604859542380406E-44,
1.0733792829805015E-10,7.882626319678337E-9,6.105528767881304E-6,0.9999938864812679,6.859919415889675E-45,7.968188202145025E-45,
2.7464386134746727E-10,2.078774136607871E-8,1.6347511373977815E-5,0.9999836314262408,1.3940180014483127E-43,1.0891335565089582E-43,
1.0038501417772458E-8,4.867665871450936E-7,8.017080263048308E-4,0.9991977951686066,1.1041560258218167E-42,1.507255447238044E-42,
7.549729638253876E-10,1.0729340093810653E-7,9.11071456719548E-5,0.9999087848059542,1.0304369649055686E-43,1.4070857694021002E-43,
2.1705373334470363E-9,2.099590967229629E-7,1.3611159270908544E-4,0.9998636762776568,8.446683760972176E-43,7.900616018735378E-43,
4.877968926181684E-6,1.1640372472480959E-4,0.1623245917656335,0.8375541265407155,3.6679469986944664E-40,7.96921832151217E-40,
9.781349168526205E-8,1.22487030784912E-5,0.00577146274875778,0.994216190734672,5.0654678285175604E-42,8.1695531875336E-42,
2.764482405861972E-7,5.47027885803078E-5,0.012352246416665588,0.9875927743465135,3.412411157852014E-40,1.2266344323695324E-40,
9.345660125203559E-9,9.077099645957723E-7,5.562538268103302E-4,0.999442829117565,9.409569713661576E-43,1.0504423917577752E-42,
1.0907087215536585E-8,2.6918047178832698E-8,7.208380251221324E-4,0.9992791241497435,5.41243172577067E-43,6.250454694715674E-43,
1.0953630855792535E-8,5.169662370096917E-8,4.121923048099827E-4,0.9995877450449354,2.388845545438156E-42,5.5559653411496994E-43,
1.108744769535098E-7,3.0394761739060746E-8,6.400823927165927E-4,0.9993597763380447,3.1127471741787694E-42,1.742702408525107E-42,
8.34643719674303E-8,2.755078710409559E-8,9.312068291233774E-4,0.9990686821557175,4.926975716856784E-43,5.665608933336796E-43,
4.498166781462609E-12,2.63781259366911E-12,5.292213043161008E-8,0.9999999470707335,1.8338221210114772E-47,3.8525355471245543E-47,
3.8217125568942565E-12,1.9770594592245596E-12,1.0783018808132621E-7,0.9999998921640132,6.857019223288142E-48,1.5105443047849288E-47,
3.037160354205444E-12,1.9208637333592345E-12,9.738704768399136E-8,0.9999999026079943,5.803988333618119E-47,4.427423066985701E-47,
7.115939934751277E-12,4.160593109574028E-12,9.383125832800725E-8,0.9999999061574653,3.3627690904459455E-46,2.4370556856870457E-46,
1.699685207159707E-12,1.2667894232167595E-12,2.8839698644643396E-8,0.999999971157335,3.050833923617495E-47,3.147462187495074E-47,
5.791213164796034E-13,2.974841922557177E-13,8.002965689644175E-8,0.9999999199694666,3.5036900708338966E-48,3.2883362457436036E-48,
5.603685738094211E-13,9.725882146608348E-14,2.119287439301916E-7,0.9999997880705985,4.921901868797395E-48,5.573560104671855E-48,
7.521608647233562E-14,4.9178252786812786E-14,1.3830401110124005E-8,0.9999999861694745,2.4768462969592408E-48,3.9753989937062106E-48,
4.9996749692115915E-12,8.568955981047028E-15,4.6136352603439724E-11,0.9999999999488554,8.535026176196584E-50,1.4071561250546E-49,
7.860524071799011E-7,4.100888622456598E-9,8.692702118707223E-6,0.9999905171445855,1.3049949488987796E-43,7.83144412046543E-44,
9.696881151177807E-5,4.469938127200088E-9,8.70901164990809E-6,0.9998943177069002,5.45373716858105E-44,1.1432734770237384E-43,
1.4916709814456115E-4,2.129548886737452E-9,1.6706175902024838E-5,0.9998341245964044,9.90202645194847E-44,1.6153929175504292E-43,
1.428414761355339E-11,1.43479056549504E-12,6.7292360915743526E-9,0.999999993255045,1.732321050979215E-47,2.2388110686439826E-47,
0.9981322473089428,1.5247036652375357E-9,9.536595219939815E-6,0.0018582145711335976,8.033999896503591E-44,6.043008174210109E-44,
0.7631263612732128,1.1272985098471665E-6,0.23683060451929722,4.190690898008871E-5,4.4894045572660334E-41,6.486201900302716E-41,
