
0.004533802712403606,0.06148686002315211,0.3413136370465676,0.21209556617590772,0.19305615875394916,0.18751397528801964,
0.16438634919752876,0.16816355345683098,0.1630678981694583,0.17173458683032639,0.16758886383976726,0.16505874850609778,
3.0569480841957945E-4,0.0937106349725939,3.8737154782094476E-4,0.9053237310333911,1.5967021826553777E-4,1.1289741950935447E-4,
1.688591890137112E-6,0.003403390294301749,1.8491342415805177E-6,0.9965910829385782,7.389632784928206E-7,1.2500777097285553E-6,
1.3816271030793525E-7,0.17369854608033597,1.1385851487794402E-7,0.826301059355717,8.495567560439411E-8,5.758704550937485E-8,
1.3211949982440735E-7,0.18522813181565462,1.1450274724182311E-7,0.8147713999094537,7.127687180126181E-8,1.50375771758694E-7,
1.190887638087673E-8,0.33309667890157413,2.4918022073502137E-8,0.6669032591779661,1.7378357360135397E-8,7.715203556645764E-9,
5.3385566203935914E-5,0.01818303534545492,1.2923371288060404E-5,0.9816893906649253,3.696889400918331E-5,2.429615811966607E-5,
7.246543137840576E-8,0.20217638561285223,7.250981580432354E-8,0.7978234163067535,2.9136891047607692E-8,2.3968255526822106E-8,
9.291574270711795E-12,0.10144045753276407,7.98338057481136E-12,0.8985595424373715,7.01428612454936E-12,5.574996876201652E-12,
2.325276097768588E-10,0.2649139769204581,1.2594240137751002E-10,0.7350860225012261,7.079444789256323E-11,1.490505187570844E-10,
9.378539470388245E-7,0.002676507370678106,1.074497740318562E-6,0.997320242655436,3.1714798108083673E-7,9.204742165812504E-7,
5.173474154682652E-6,0.011010138665687782,6.940879597504807E-7,0.9889810525961832,1.7643490441625435E-6,1.1768269717217644E-6,
1.0838240538345543E-11,0.0363900589708138,6.397198361818403E-12,0.9636099409840457,1.5164952804313464E-11,1.2737979116539778E-11,
3.841885634227219E-11,0.038213486477903645,2.6202879282390545E-11,0.9617865134338728,8.764941098195744E-12,1.483703846417481E-11,
1.9220538260815956E-10,0.19742236881934536,1.7987698331376636E-10,0.8025776306099301,1.2368049702982922E-10,7.496139706888078E-11,
2.237347451937127E-11,0.10668703717803571,4.6580510728059734E-11,0.8933129627243601,1.9940732494016632E-11,8.708229929573701E-12,
1.8040388602497812E-16,0.014473172897733746,4.471700893616257E-16,0.9855268271022627,2.114831223980895E-16,2.779657729344212E-16,
9.67743595273947E-10,0.21481323977147668,5.346155051717328E-10,0.7851867569989424,9.7160835328761E-10,7.55613883749746E-10,
6.793533063626092E-13,0.22768568401360545,7.137870718412309E-13,0.7723143159841226,3.5837970484714335E-13,5.219338083170449E-13,
3.5126991296989233E-13,0.2603176802163079,3.9482556991694794E-13,0.7396823197826151,1.878709519235265E-13,1.4183702399191372E-13,
6.974016778174487E-16,0.17735321956190714,1.7887003789300624E-15,0.8226467804380897,3.852899893522312E-15,7.568838408722822E-16,
2.867888452853697E-7,0.020748384306280475,2.60497776789799E-7,0.9792509322979646,7.231958993164E-8,6.378954336812695E-8,
1.7198620873088368E-13,0.04921690037206833,1.2267234895654416E-13,0.9507830996274982,7.220929550227302E-14,6.911092794563555E-14,
2.5318683249471443E-14,0.027622638563318987,1.6445964799448075E-13,0.9723773614363843,8.965478725609566E-14,1.8999644447823233E-14,
1.381979369135656E-13,0.07650104249206552,1.894755703616795E-13,0.9234989575072421,2.6915664080133464E-13,9.758095057480477E-14,
3.858639033784446E-12,0.2394270370042597,4.539836021975416E-12,0.7605729629780854,7.0629337807286586E-12,2.1927774546336534E-12,
9.4367600231731E-14,0.14946378382779052,1.2744346196838998E-13,0.8505362161719259,3.711217094268039E-14,2.524983653411106E-14,
8.594443064794824E-11,0.039152275883808325,6.103564011313655E-11,0.9608477238994448,3.443214533982779E-11,3.533310640304217E-11,
1.6065230587403922E-9,7.728008225908761E-4,1.3269347792106251E-9,0.9992271941991074,1.1562765335152203E-9,8.885680308301484E-10,
1.4728919823564212E-13,0.05663506523587055,1.16191113076258E-13,0.9433649347637769,1.7704799702555985E-14,7.398689168673596E-14,
6.49501615708173E-12,4.542708534399592E-5,1.0805486224781534E-11,0.9999545728878322,4.960545483729562E-12,4.562014947177167E-12,
5.3951897658584725E-12,0.0011888962938103873,2.774774697301596E-12,0.9988111036945274,2.9465953070427507E-12,5.471454169737231E-13,
1.049756698243082E-11,0.07283493502701169,3.9215469240627354E-11,0.927165064903506,1.642543705378684E-11,3.3461608041999983E-12,
2.6667349102865353E-15,0.16973158689749213,1.928396031049539E-15,0.8302684131025012,5.485334699822224E-16,1.192285470886351E-15,
4.649398054802063E-13,0.05319378828002811,4.0000262860500256E-13,0.9468062117186149,3.7157931889339247E-13,1.2263337403645193E-13,
8.09488705917186E-19,0.22415585882704225,1.1860423272974374E-18,0.7758441411729571,4.1727245639511453E-19,8.644397622863661E-19,
7.158877642285675E-19,0.2113446798628127,2.239249356899297E-19,0.7886553201371891,4.80771709086394E-19,4.382824990697909E-19,
1.7581202030923632E-11,0.18771032118993908,4.091793973517747E-11,0.8122896787054077,2.0260399579957134E-11,2.5892794177822145E-11,
4.4345401691704307E-14,8.278155110787801E-4,5.952296260220849E-14,0.9991721844885595,1.4010563395212514E-13,1.180204535984533E-13,
5.289060392841372E-13,0.09161554520451398,6.712847911731526E-13,0.9083844547930356,6.368262350115645E-13,6.130262501670016E-13,
2.465465000467798E-15,0.047131153913076075,2.240097213007756E-15,0.95286884608692,1.5440173523110282E-15,1.757247422018932E-15,
4.320975015919293E-15,0.0041136013715695405,4.233410789492239E-15,0.9958863986284141,4.11868699767262E-15,4.331461730770451E-15,
2.1076743980617596E-17,0.020120664630870956,2.2000127908919173E-17,0.9798793353691305,2.4256448503600884E-17,5.214351352484319E-17,
1.4391021653178778E-12,0.15173221234501413,5.331861440167096E-13,0.8482677876504788,1.1067834318965978E-12,1.4278513922437885E-12,
9.324455613674574E-11,0.1560161056999002,3.967322900588907E-11,0.8439838940302169,5.379123456664107E-11,8.317468192182585E-11,
5.566515505398571E-12,0.22639305897366713,1.091822476939971E-11,0.7736069409948932,8.668787878789053E-12,6.283494917786907E-12,
6.32805758626993E-11,0.1836745154605453,5.404346843300737E-11,0.816325484340481,3.73674907414994E-11,4.4280929584544183E-11,
8.17878839480877E-12,0.06819232919998469,1.280394844567568E-11,0.9318076707720845,2.1955614386638977E-12,4.7503371493164246E-12,
2.204932013415421E-12,0.009122624475948606,6.976578597963337E-13,0.9908773755174728,6.634421561657133E-13,3.0128066174062603E-12,
7.212914079979844E-15,0.14590914330841034,1.5203763840382164E-14,0.8540908566915477,1.506762850050486E-14,3.363120912632577E-15,
4.696013382593986E-14,0.12863978293108655,2.648832398342791E-14,0.8713602170688183,6.591747209684077E-15,1.5499066268401894E-14,
3.712197082559042E-17,3.5981405837732865E-5,8.701661077854139E-17,0.9999640185941604,1.1126998935560496E-17,1.550131747387725E-18,
6.788852081359706E-14,0.24235480827787853,3.1283920755532833E-14,0.7576451917219612,2.675486623986155E-14,3.4893025003154726E-14,
8.10383063151932E-17,0.2273623870085714,5.606433724402425E-17,0.772637612991432,2.7278240461109012E-17,5.579979964268645E-17,
5.183294490224595E-16,0.10697193217621655,1.1823883116548367E-16,0.8930280678237811,2.451109540046655E-16,7.292089731303468E-16,
4.247909768070636E-18,0.003021294746301873,7.133709252898296E-18,0.9969787052537025,2.151946637480154E-18,5.509230289358206E-18,
3.3021831612477705E-19,0.22301738088716874,3.308051715530861E-19,0.7769826191128304,3.3907657413179707E-19,1.0273767939090598E-19,
7.716343250026094E-16,0.19871741916004454,1.2385951866998053E-15,0.8012825808399521,2.39874717674498E-16,8.382978344892024E-16,
2.686753073905338E-15,0.028926922398128885,1.465265991400203E-15,0.9710730776018708,3.6762898493979813E-16,3.0583923997065486E-16,
2.8174570454462185E-19,0.18377394994887603,1.4124139895951529E-18,0.8162260500511269,9.294315377404975E-19,4.2207041130168507E-19,
2.8053825117760372E-18,0.3717792458293179,2.6655351498000656E-18,0.628220754170682,2.620970468246794E-18,1.757289592970829E-18,
5.728064695348012E-15,0.0019685974658933806,3.483337715723102E-15,0.998031402534091,3.2911780369233497E-15,2.6718525272192473E-15,
2.062309243676735E-16,0.00790297655506467,4.3693552719468206E-17,0.9920970234449367,1.6954243447195559E-16,1.742414921176366E-16,
4.222887342292308E-14,0.17748874426689806,1.0468235785461223E-13,0.8225112557328496,6.559420224888521E-14,4.229832157918316E-14,
1.7100302936116262E-13,0.03224026952107672,4.2255497979818337E-13,0.9677597304778748,2.0116827544953927E-13,2.5343976054122954E-13,
7.345947724964156E-15,0.038060409246414226,1.4993296472908933E-14,0.9619395907535402,1.3205427259021342E-14,7.388434487770394E-15,
4.145607595975559E-18,0.03272575430911633,3.901012601208663E-18,0.9672742456908818,3.3056049922487828E-18,3.513734128603513E-18,
8.350017252080266E-13,0.061555999859123425,1.74181618755767E-12,0.9384440001344242,1.719440652791942E-12,2.1554031072433876E-12,
2.0595483535778604E-14,0.045270281139570254,1.0674649957995693E-14,0.9547297188603762,1.3869121986460623E-14,6.87549973509247E-15,
1.6012047568245534E-14,0.020696000729418115,1.0473990369478165E-14,0.9793039992705409,1.0829772535738901E-14,3.327821534711711E-15,
1.7299680436972924E-16,0.23273775854116444,2.148058416344443E-16,0.7672622414588319,3.7162464449888676E-17,2.1128948405178288E-16,
7.386783846797379E-19,0.3824778951755342,6.04333015960468E-19,0.6175221048244635,5.121037536077939E-19,3.006263674433735E-19,
7.789516171737534E-23,0.1887587404563793,2.163179682307616E-22,0.8112412595436189,1.8140206441104865E-22,1.3506923653585757E-22,
3.673787961806372E-16,0.16017667225646148,3.1428233646166674E-16,0.8398233277435317,2.60330657508356E-16,2.2824170511147263E-16,
1.152257478076407E-12,0.1503767684810923,7.412333361466496E-13,0.8496232315159665,5.13090446631832E-13,5.37169191196593E-13,
7.552865012424654E-16,0.10015977728220428,1.0675701917688426E-15,0.8998402227177894,9.304606490170407E-16,9.29585029250225E-16,
1.3489095535876821E-15,0.056855590964447575,5.666753817325356E-16,0.9431444090355459,1.4284878393997162E-15,3.2460670730165905E-17,
2.875016514207238E-20,0.0010664740203379611,2.423458977700046E-20,0.9989335259796588,4.381058499233098E-20,2.0358904097829334E-20,
6.187591181980494E-12,0.28327863626173155,8.601792882882878E-12,0.7167213637101153,9.846955913555396E-12,3.5176560422556604E-12,
5.186635022312761E-19,0.1618048795391024,1.1767069265574891E-18,0.8381951204609009,7.895877842270697E-19,5.544520402680159E-19,
2.1817894776715393E-18,0.045171791612282526,1.7570317719667462E-18,0.9548282083877208,4.0367449597125235E-19,3.1047518782529762E-18,
6.99203147065519E-11,0.059112477539768095,7.145874571603286E-11,0.9408875222457594,3.062056191529708E-11,4.247247797162254E-11,
8.980298293932805E-21,0.3880257561075169,1.3997566759667856E-20,0.611974243892483,4.7035918593273896E-21,9.251276292204364E-21,
5.652200669971813E-16,0.25957834424843634,7.546923745478312E-16,0.7404216557515617,2.3234657615914265E-15,1.5822862133663996E-15,
1.0908028246993844E-18,0.16013873499793557,7.164283629543818E-19,0.839861265002066,5.892112482865882E-19,1.1328679215694695E-18,
5.094055380362162E-18,0.1392266140922816,1.0534579775761356E-18,0.8607733859077159,3.915084790954282E-18,3.075455427340639E-18,
1.4513103962187716E-13,0.004625583746934715,2.422567264032524E-13,0.9953744162517917,6.33281271266683E-13,2.522199858113572E-13,
6.6006658071793565E-19,0.335196383785245,4.528014141916735E-19,0.6648036162147524,7.451829671999528E-19,5.679637200216645E-19,
1.97850333000494E-11,0.16772740335765013,1.4403485490413228E-11,0.832272596575057,1.956004167715921E-11,1.3545575987322473E-11,
4.134542705450693E-12,0.058119148540961285,3.754695500678836E-12,0.9418808514455418,3.4504690398634386E-12,2.1580115856531457E-12,
2.728427366582338E-17,0.06789435216566675,5.459273085858919E-17,0.9321056478343308,1.9204656220693515E-16,5.21786509698157E-17,
2.1655904182164842E-17,0.013379787246895418,2.47564606776552E-17,0.9866202127531024,2.1453738058469478E-17,2.8463733105638027E-18,
1.886236981837881E-14,0.3705980653271386,2.357500238678192E-14,0.6294019346727407,4.113996019481345E-14,3.550474603429676E-14,
2.00054561597734E-14,0.3057425790409612,1.1651234066344594E-14,0.6942574209589922,3.2842724381359733E-15,1.2796082550467987E-14,
3.324925515831241E-16,0.044065504260243714,3.5989345997930087E-16,0.9559344957397551,2.2445740502659484E-16,1.9007680541484034E-16,
2.488040109115764E-16,0.0629650952046939,3.9896365147752825E-16,0.9370349047953046,8.690934158448629E-17,3.270530486038508E-16,
8.548882789546833E-17,0.061613874692305476,5.640695476810138E-17,0.9383861253076953,5.36336275798334E-17,6.39265485583643E-17,
1.0274929405361801E-13,0.0029661831856666525,4.484677592701442E-13,0.9970338168130055,5.785066516818879E-13,1.9971685125383575E-13,
3.226668850306047E-17,0.0468796203784132,3.172691863404761E-17,0.9531203796215881,1.4679007735540864E-17,3.4439990872886074E-17,
1.1348193452347522E-20,0.06542758021295737,1.7335529704716867E-20,0.9345724197870433,2.1332003445031023E-20,1.725517454861592E-20,
3.789048040547226E-15,0.15117106450866655,4.500432515522842E-15,0.8488289354913086,1.0736447073957124E-14,6.838065226579595E-15,
4.473912180868433E-22,0.35597596368346607,5.233873197044991E-22,0.6440240363165355,2.31223104682745E-22,4.935897704578968E-22,
4.5467688157596656E-23,0.2587056614858278,2.2493868669836245E-23,0.7412943385141688,3.456451581886355E-23,4.6213683424202456E-23,
1.2238048259757393E-15,0.17534448414988643,2.2142481706121667E-15,0.8246555158501082,1.7318570892036708E-15,1.2818933407891362E-15,
8.236594565283904E-17,0.3578300524799938,1.189316512391937E-16,0.6421699475200054,1.454878090794145E-16,5.734357382024609E-17,
1.576222365744032E-16,0.1910439726111396,5.363276930947919E-17,0.8089560273888595,8.955356175107376E-17,1.1388429164033548E-16,
8.088459550249495E-18,0.05110071498676769,3.2445059639091118E-18,0.9488992850132357,3.811043992692128E-18,2.895633156231278E-18,
7.816293324953482E-15,0.1075043509815246,7.688984428200881E-15,0.892495649018458,2.3935468119175053E-15,4.503937707094548E-15,
2.159722195296785E-16,0.003025092294855553,4.567949962052485E-17,0.996974907705141,6.1204762457004E-17,5.153084337297722E-17,
9.374351761084714E-17,0.01651863433755981,6.875478586741852E-17,0.9834813656624399,7.86175129552234E-17,3.2157645317905546E-17,
1.6358101982436658E-16,0.4752258763557775,2.243127961313519E-16,0.524774123644221,5.286921704062051E-16,3.6704052621173694E-16,
1.7419459084888409E-16,0.04313094424572435,1.6830244717111252E-16,0.9568690557542777,1.067068579354066E-16,2.05318488965728E-16,
1.0724345521263652E-13,0.027718616193619313,1.0342876418431978E-13,0.972281383806013,1.0872414779223658E-13,4.685806473530294E-14,
7.402563919031473E-16,0.3110556636921593,3.4553758305588305E-16,0.6889443363078396,1.7210928638930797E-15,9.994060764617942E-17,
2.7409733181855875E-14,0.07487634857657983,5.863914174378563E-14,0.9251236514230355,1.697664105004219E-13,1.281611477029729E-13,
9.444847135311464E-16,0.17306952455727645,1.0974715765192707E-15,0.8269304754427228,6.718517974267305E-16,1.0592547075035581E-15,
1.3700056510638881E-15,1.5828210216450777E-4,2.951096538594732E-15,0.9998417178978233,2.761392522220329E-15,2.3295995411533647E-15,
2.432542456223772E-15,0.1606187525192777,5.173498545211311E-15,0.839381247480703,7.656452371579402E-15,4.543300395427806E-15,
1.87348132645845E-13,0.36339400367063895,1.5041288319224175E-13,0.6366059963286412,2.3784457843003254E-13,1.4513270665318358E-13,
1.7103465526452746E-16,0.4116881078748526,1.793265185154946E-16,0.5883118921251452,1.634924749386287E-16,1.4676479249238315E-16,
2.9873576665892195E-19,0.009014385803992718,3.867751022704127E-19,0.9909856141960067,3.519443871711979E-19,3.828663605861668E-19,
9.324122652855751E-20,0.005988858330443599,7.74429636401468E-20,0.9940111416695552,5.0195008384104644E-20,5.3432947364456524E-20,
9.280216446613627E-16,0.03818648118105848,6.369692837280716E-16,0.9618135188189418,1.0455830169156688E-15,3.8475035273988094E-16,
5.666033600690864E-19,0.01482762022847561,8.346759419083991E-19,0.9851723797715264,3.4973423248153933E-19,2.014771423244634E-19,
2.222370386653519E-19,0.23360516049958596,1.5138783755756205E-19,0.7663948395004093,1.8719895025703441E-19,1.5343936992526967E-19,
1.853922651417881E-16,0.2029775294869796,2.687549103346081E-16,0.797022470513023,2.6462688370430286E-16,1.790585111679039E-16,
2.019113676161474E-23,0.2207156700131867,1.9464143721270683E-23,0.7792843299868155,2.0918481446141067E-23,7.02621165185612E-24,
1.5083240356675856E-20,5.938055156207508E-4,7.535596388741417E-21,0.999406194484378,2.918109472146099E-20,8.585008230986887E-21,
6.623246431405428E-19,0.0047485426272712026,2.951029362916643E-19,0.9952514573727305,3.762949016103796E-19,3.7364280961895684E-19,
3.810638836547877E-19,0.12562866921719762,5.649622815807293E-19,0.8743713307828042,5.570864467892438E-19,4.681804188592363E-19,
3.019942936451771E-27,0.08543702081716667,8.928918677301748E-28,0.9145629791828328,2.6719335170666916E-27,6.694741434145775E-28,
9.21825850897232E-20,0.023310036337663237,5.2679800232829906E-20,0.9766899636623391,3.064012190147305E-20,1.0658630181925109E-19,
1.830770790519273E-22,1.151113173689352E-4,1.8493673406863894E-22,0.9998848886826348,2.527198778299577E-22,1.508456551678235E-22,
2.352269579561488E-24,0.05453136916348683,5.9071121747052235E-25,0.9454686308365138,1.734672770043006E-24,1.80597955920192E-24,
6.858309004965185E-22,0.23995459908831357,7.504502154686051E-22,0.7600454009116862,1.3819849123647286E-21,3.576341017320861E-22,
5.532982984539555E-22,1.7046853881985412E-5,3.2481640464914623E-23,0.9999829531461127,7.182613947803021E-23,3.312187197489277E-22,
8.240788854268272E-26,0.13837721513581713,6.010025843446184E-26,0.8616227848641814,1.190768142098915E-25,3.245068234640401E-26,
7.512340488588573E-19,0.009212133453423593,3.1198966784569175E-18,0.9907878665465804,5.593426965019956E-18,2.4190144377090414E-18,
1.4096245286280249E-25,0.06264838528057608,1.7166193994865551E-25,0.9373516147194295,3.256163275780139E-25,2.4856382574695434E-25,
2.135895582575283E-22,0.13368246019597682,5.486854389332255E-23,0.8663175398040238,4.977658321181234E-22,1.713385570794681E-22,
9.324277467715306E-23,0.009276752417365848,3.3035089715385124E-24,0.9907232475826314,5.660353346569704E-22,1.495207384728763E-22,
1.2569880662143125E-24,0.04428550172945078,2.3123460717299396E-24,0.9557144982705522,3.4796206073612834E-24,1.4892435600063526E-24,
7.052835699919078E-27,0.2705909174993052,5.1627735548096534E-27,0.7294090825006918,1.0981780984119496E-26,2.2947249434824666E-27,
4.491065324858114E-23,0.12335556958989757,1.6285327784747636E-23,0.8766444304101013,7.261916648588413E-23,5.799414312380363E-23,
5.6561898836832736E-27,0.18716480918020006,2.5324971939561267E-27,0.8128351908197952,1.5145137246008694E-26,1.898221946547235E-27,
3.540922728728023E-18,0.11074324653259429,4.0608060135565825E-18,0.8892567534674033,3.1530226867981504E-18,8.830462344958233E-19,
1.386154874331193E-18,3.8549196524437316E-4,2.3641826930640235E-18,0.9996145080347538,3.1736403623933845E-18,9.015853383086088E-19,
2.2161739241311083E-19,0.034263160596258904,3.533345994676827E-19,0.9657368394037418,4.989820241097203E-19,7.45462520285873E-20,
4.026215027544704E-21,0.29894877092893,2.6559224916122845E-21,0.7010512290710738,5.914811154648914E-21,1.2009221527859332E-21,
1.4004456492093785E-20,0.17186448079012379,1.0225213840407964E-20,0.8281355192098712,6.240780978209123E-21,1.200890170470403E-20,
5.499677316312899E-20,0.20170243249407455,5.914289663403551E-20,0.798297567505922,4.5531904388215445E-20,2.227573418006678E-20,
8.431448757521831E-23,0.1524630277588787,2.0798467012248318E-22,0.8475369722411235,1.6389636758195157E-22,1.0335381996399155E-22,
5.1319253058383995E-20,0.008578216682716584,3.8471351552653413E-20,0.991421783317284,9.528274683301384E-20,3.081432967667239E-20,
2.6926097534288836E-21,0.29491354801277386,1.86999075038121E-21,0.7050864519872285,2.437499503584008E-21,1.1309147798142717E-21,
2.0249635368850493E-26,0.09945889288350625,1.4847927791098728E-26,0.9005411071164932,3.1296100821625886E-26,1.9596895716300986E-26,
8.712225765653105E-27,0.06083347870268145,1.8476965274926132E-26,0.9391665212973165,9.324441036190486E-27,8.458085427300568E-27,
1.3795319013902065E-29,0.14640238755306328,1.2818930062530664E-29,0.8535976124469379,2.367483540345389E-29,7.2927484984324E-30,
1.2274043746161433E-17,0.015382684612520566,1.9676539624002223E-17,0.9846173153874751,2.1441548987287556E-17,1.207080229619023E-17,
2.553806686942126E-19,0.22823881394413947,2.1559406103469192E-19,0.7717611860558585,2.636330209631883E-19,4.3320230477265655E-20,
2.94448925737938E-19,0.021047919056557292,2.2937837111137023E-19,0.9789520809434444,1.0690173729762526E-19,1.9357826297821255E-19,
5.564900334630423E-21,0.0010500543168716204,2.4969405180675456E-20,0.9989499456831292,4.9708842803808366E-20,8.090227456618208E-21,
6.3985613753073395E-24,0.19728289495429896,5.430536494262015E-24,0.8027171050457029,1.5550040567483657E-23,1.2091541172507405E-24,
1.1517917983509662E-22,0.13649083734727718,1.192045394670703E-22,0.863509162652723,3.0263738213888115E-22,4.632855042184166E-23,
2.5474573812262366E-24,0.06665917124279984,2.2253127467369894E-24,0.9333408287571998,5.143984340684788E-24,2.1281393849413926E-24,
3.5619413445082347E-23,0.2477859210259132,2.8011938973480336E-23,0.7522140789740874,2.1209516769782327E-22,4.843837531670395E-23,
9.795341884870284E-23,0.052702803066347025,3.56576073766936E-23,0.9472971969336549,2.5410382504571557E-23,2.699988040135548E-23,
3.888452047967775E-25,0.005235355778678468,9.912233552002834E-25,0.9947646442213239,2.1816420305165242E-24,4.780367920916623E-25,
7.107017125665892E-23,0.026633039281459176,5.336975488651811E-23,0.9733669607185406,1.706689327549041E-22,5.707388307226792E-23,
5.622818761305741E-28,0.26722905057496854,3.0553589490797193E-28,0.7327709494250327,3.590202705530474E-26,3.1133005187961155E-28,
1.4838266597720287E-23,0.0072733914525485305,9.310962080054507E-24,0.9927266085474519,4.0872145415104993E-23,3.8022762710771164E-24,
9.301581927422325E-24,0.012495461623835108,9.435090554893609E-24,0.9875045383761619,3.7567129488729414E-23,6.2365930381625266E-24,
4.707316254550864E-26,0.022240363888090288,1.3300989273618686E-26,0.9777596361119091,7.313454451509095E-26,2.831629774893985E-26,
2.072129816412604E-28,0.1216863004822371,6.807532024632416E-29,0.8783136995177657,1.742115825052317E-27,1.7035432703809484E-28,
2.1200088755705568E-27,0.12327641991007084,1.2363756447682233E-27,0.8767235800899298,1.349289960068562E-26,1.7405932061024183E-27,
1.9670280777793862E-24,0.051111013902900286,7.0901370024162755E-25,0.948888986097099,1.4614803874579143E-23,2.0753424042593346E-24,
1.6307399893163537E-28,0.033912733726080765,3.358685890664824E-29,0.9660872662739185,6.603738595732512E-28,6.107082144696924E-29,
3.415677968098532E-30,0.0032258170234693148,7.622933690592073E-29,0.9967741829765384,4.46489278061366E-28,4.239174471700522E-29,
1.396266193730778E-25,0.027070581383493407,7.843781008729501E-26,0.972929418616506,6.7378509612993695E-25,2.7841017914319935E-26,
5.334041613085128E-27,0.008597786480211967,1.298736264151996E-26,0.9914022135197924,6.969014489758067E-26,7.611802055272379E-27,
8.197391999943643E-16,0.0013772101597337484,7.538327161428175E-16,0.9986227898402273,3.6813549280820215E-14,9.00936531551045E-16,
1.1651567939552629E-18,0.12328461010606599,1.939409725872025E-18,0.8767153898939354,4.0824890827411425E-18,9.9636385635514E-19,
2.536623163491955E-23,0.08917740461572737,2.6188489705253238E-23,0.9108225953842719,2.0459428775847697E-22,2.186227550244559E-23,
5.492853301910581E-22,0.13470251383605117,8.797226795400016E-23,0.8652974861639543,2.9721303550901753E-21,1.1523875077352037E-22,
3.8114213332922355E-22,0.10117156743622849,2.8878126561318267E-22,0.8988284325637671,6.765070852471689E-21,3.5324882560368186E-22,
1.2857171696919475E-19,0.16439927593329395,6.694727317311737E-20,0.8356007240667116,2.3792114781669515E-18,4.548209021261727E-20,
8.045652165951063E-17,9.696639831891872E-4,1.4631815387478668E-17,0.999030336016811,7.312257248378292E-16,2.1272793358350748E-17,
5.952115408466818E-22,0.10770779385250712,6.843043166041056E-22,0.8922922061474943,1.0517142526058502E-20,1.758256384761235E-22,
1.661025799481294E-20,0.02682972978431535,2.962628990363513E-20,0.973170270215683,2.0772222906293191E-19,6.064104279794009E-21,
5.212935928961126E-19,0.06287250631414412,8.877678444649324E-19,0.9371274936858568,3.6172258172820256E-18,4.67714663127814E-19,
2.5390334071551795E-21,0.16438935507679514,2.9059547232081344E-21,0.8356106449232061,3.766053892301046E-20,5.953106511434919E-22,
1.4198356058908138E-22,0.21659527101149587,9.274675567750195E-23,0.783404728988504,7.75167053404721E-21,1.918900779500447E-22,
1.8520862360179705E-22,0.09553992148997566,1.7172217366711E-22,0.9044600785100242,9.08624076590717E-21,5.67730785433476E-23,
1.757575226596269E-22,0.19289149716901685,5.622253563604168E-22,0.8071085028309828,4.993435628778329E-21,2.415865463774767E-22,
1.5408344998195954E-19,0.023549449639485975,7.470870716580387E-20,0.9764505503605129,3.2285903218258078E-18,6.633786335015263E-20,
2.0032905925339224E-22,0.05953066000872251,1.6732925951960102E-22,0.9404693399912754,2.2938363245100006E-21,1.0504849953769666E-22,
4.4166662617126047E-26,0.06029747891329523,4.907541395750282E-27,0.9397025210867045,1.3763109875368563E-24,1.6729254912877958E-26,
5.337921143159131E-21,0.025519002217834538,9.029611391910737E-21,0.9744809977821658,1.8676690177371666E-19,2.7278160764084124E-21,
3.551627250882667E-22,0.016312664697867175,4.049806029098372E-22,0.9836873353021339,8.178056230120237E-21,4.176955697595146E-22,
5.13226168393281E-24,0.037084398969060135,1.7369393547546014E-24,0.9629156010309414,1.5929957055758406E-22,9.593898654075277E-25,
1.5476612673949446E-21,0.05828793650165783,4.997693201371847E-22,0.941712063498344,2.900315522944935E-20,6.863517090980413E-22,
6.394688336087602E-27,5.757102528011242E-6,3.816712672960466E-27,0.9999942428974734,4.8809982447693046E-26,1.9307843920705904E-27,
1.6804947482768873E-24,0.1434057122314185,1.1910069285348366E-24,0.8565942877685836,1.844875746121493E-23,3.7045520024050807E-25,
3.060175669236475E-21,0.07606870827957797,3.686610336738743E-21,0.9239312917204224,2.1827926051842305E-19,1.399768505259202E-21,
2.4875739009910508E-24,0.021177015377281994,5.014316565530643E-25,0.978822984622723,1.0996008926892357E-23,3.2605766877832975E-24,
2.4349067216792613E-23,3.5685809467376545E-4,3.372471302532502E-23,0.999643141905328,4.124510875108502E-22,1.735193049322452E-23,
1.7739976058125697E-20,0.02831713353968125,5.757435890781263E-20,0.9716828664603191,9.998807880204255E-19,4.9659605532142834E-21,
7.075080926982851E-24,0.24222900387904892,1.5431802526961128E-23,0.7577709961209479,2.252665609957327E-21,1.41782347108843E-23,
1.9498196296241252E-23,0.05707445831479544,4.900539268622113E-24,0.9429255416852025,6.6177372231029085E-22,1.3373134921944802E-23,
1.210279854817347E-22,0.008925565536831711,3.4440299499701614E-23,0.991074434463166,3.3609084470229414E-21,2.2473895435500634E-23,
2.1717602234128213E-25,0.0340286035501136,1.7911526083406367E-25,0.9659713964498845,1.3195617863751545E-23,2.132730351166438E-25,
6.075219114706012E-20,0.027210058280259325,3.1704770826722305E-20,0.9727899417197435,2.00982776463808E-18,2.204603041250119E-20,
1.3478523907990153E-19,0.03781674227442848,5.838801165735925E-20,0.962183257725572,2.5245585199946718E-18,3.0500943313459646E-20,
2.8876872944547795E-19,0.04672674975691248,3.791605346932355E-20,0.9532732502430825,2.1796089672212857E-18,1.0245624709500878E-19,
3.26558636247155E-23,0.028142422718579835,2.2905387941631886E-23,0.9718575772814152,1.6492138755562452E-21,7.070205895594409E-24,
9.545969099752138E-24,0.09204344969401135,3.6419703904596856E-24,0.907956550305986,7.486174078647334E-22,6.3331067564514734E-24,
1.0923754580925195E-14,0.017809538716612654,1.1901439924095379E-14,0.9821904612826909,6.682564661845207E-13,5.212725663723564E-15,
1.0793280361281249E-12,5.273143949213387E-5,2.2983595109397726E-12,0.9999472684948307,6.108153947548026E-11,1.2199063255654287E-12,
1.3586910958624286E-14,0.164189437242511,5.513243259747804E-15,0.8358105627497016,7.76039159857375E-12,8.204421061354987E-15,
9.899546568928329E-16,0.025299117258901046,2.0659613274787042E-15,0.9747008827408864,2.074889889721951E-13,2.107644145398941E-16,
5.196160465871004E-16,0.18479461489189591,5.200432983597755E-16,0.8152053851073617,7.399117842880187E-13,4.915961047719064E-16,
2.0033874035992546E-17,0.017932282599313426,2.7352034710651666E-17,0.9820677174006822,2.4538973640367495E-15,5.6805209079126786E-18,
2.6326434899354194E-15,8.43992103734227E-4,2.6010413518126512E-15,0.9991560078955231,7.313008755420262E-13,2.387918300027074E-15,
3.378432378513196E-17,0.007013697674940287,6.706377140833673E-17,0.9929863023250354,2.625586812190816E-14,4.886313679658329E-17,
2.048446403441171E-18,0.08236637152591395,1.3987061168704718E-18,0.917633628474082,1.5419311035318036E-15,6.773146287724798E-19,
2.117834963856835E-21,0.015228849585521027,6.297728475151388E-21,0.9847711504144794,1.0984633231493993E-18,9.221685692075025E-22,
1.2418197280960993E-18,0.011394411983911857,4.8097037472819574E-18,0.98860558801609,3.8038514738774923E-16,9.360996857926468E-19,
1.7479162394694614E-20,0.022448855841494305,9.453727265738081E-21,0.9775511441585057,1.2552997674340876E-18,7.4044367516185E-21,
1.5918144605703422E-18,0.06580872979507461,1.38075707375526E-18,0.9341912702049255,8.993960293629113E-16,5.309060836061436E-19,
3.150444112826385E-15,0.08036340268494024,5.056553966223299E-16,0.9196365973147365,3.152798498121688E-13,1.8326756246384576E-15,
4.106674145384295E-17,0.14355012517751792,4.086353272330037E-17,0.8564498748223791,1.0420691827830729E-13,2.4496850288315528E-17,
2.875647531609299E-15,9.521782615282332E-4,1.8632129479677133E-15,0.9990478217377742,6.946489400146176E-13,1.3503499544163606E-15,
8.187535005917077E-20,0.06804416347155973,4.391035561829657E-20,0.9319558365284373,1.6154502180825316E-16,6.284998614121067E-20,
9.721206095911131E-18,0.05122782549172243,1.1923646055849778E-17,0.9487721745082611,1.5533845111389646E-14,8.609561139653978E-18,
1.0931345105348996E-15,0.01832841163424143,5.632281788139431E-16,0.9816715883653719,3.8206881970558756E-13,1.98085227408127E-16,
3.994454657561303E-18,9.93848915870809E-4,2.9550427202066653E-18,0.9990061510841314,4.432888820984005E-16,1.745018424332455E-18,
1.616583393407913E-15,9.87026864839897E-4,6.868984109226692E-16,0.999012973135027,1.2907909962486885E-13,6.849035350316056E-16,
1.8432235121762014E-18,0.016957776142649643,9.732692620750327E-19,0.9830422238573486,1.0878797811998399E-16,7.028277585255323E-19,
1.879945410991073E-15,0.027662541131480388,4.26707028400142E-15,0.9723374588610998,7.404856198549717E-12,7.306655817317725E-15,
3.4374765376558146E-20,0.0553896613228037,5.1471144388872287E-20,0.9446103386771992,3.697594236107835E-17,3.088586461492016E-20,
1.6716692680200063E-19,5.772533066482685E-4,5.064988797282302E-20,0.9994227466933545,2.483451369616283E-17,7.870276140565909E-20,
2.875723230249123E-16,0.01438995199134642,7.248579183205261E-17,0.9856100480084136,2.4341919547492475E-13,8.034847374788687E-17,
2.088448088186364E-16,0.034043914801929094,1.219648598549494E-16,0.9659560851973388,7.328039822800129E-13,1.798126296629678E-16,
5.90227452343046E-21,0.046466872521397105,2.2479933262922245E-21,0.9535331274786008,1.04452893550469E-17,2.3186350726540536E-21,
1.2511101148335834E-14,0.004284583135910194,1.0228246600152488E-13,0.9957154167651465,9.87543384628742E-11,7.403575556607281E-14,
8.362292856125384E-18,0.04387744648307159,2.079871391672305E-17,0.9561225535168679,5.5777940648414396E-14,4.692338972468895E-18,
9.535311969618368E-28,0.03608171850035115,1.5571045839896045E-28,0.9639182814996521,7.88386563631208E-25,3.1029454089837767E-28,
2.6047114402026702E-12,0.012041318860284266,3.6376613113673066E-12,0.9879586704429164,1.0686474778998893E-8,4.082287774968368E-12,
5.2841785797006367E-14,0.0023642714170120887,5.119247434499595E-14,0.9976357284196797,1.6316822860189903E-10,3.6962285559863237E-14,
7.282457448623154E-16,0.04922289961971746,2.0769989071266098E-16,0.9507771003795296,7.481163172657346E-13,2.1789583530960065E-16,
2.1948132722398265E-16,0.03648133635536476,2.985874538425165E-16,0.9635186636443572,2.758563543674209E-13,1.8226645614205595E-16,
8.671754102783246E-19,0.003431892902154796,8.971533588106115E-19,0.996568107097844,3.934821847318274E-15,3.5128444545001646E-19,
4.513187161461544E-18,0.09504342970720007,4.777230703724727E-18,0.9049565702927665,3.17297088479064E-14,1.0229556576555136E-18,
4.322916074625364E-14,0.006079150570146525,2.287791478929892E-14,0.9939208491658373,2.6394001661042406E-10,1.0418753379060879E-14,
5.167630309383671E-19,0.012305285729100007,1.1372962932855157E-18,0.9876947142708964,1.2013764192528318E-15,1.0829456723328048E-18,
6.764772456290027E-21,0.015176728279425988,8.547799488137457E-21,0.9848232717205735,4.6751050135181875E-18,2.936231143268126E-21,
8.457584482776186E-20,0.007697410983237582,5.945866310402305E-20,0.992302589016757,1.9337486542313065E-15,2.819526850849655E-19,
2.97126261890962E-21,0.11132757320456434,4.206444097610833E-21,0.8886724267954361,6.414299600502173E-17,3.544718106146092E-21,
3.700066867659619E-19,0.00992513561172061,1.2812509539516963E-19,0.9900748643882824,6.763992435165206E-16,2.5515754164488335E-19,
1.5752634018575474E-22,0.025546808661986217,1.6945618049174227E-22,0.9744531913380149,4.446312305919376E-18,1.8223787394136418E-22,
1.887528399851056E-21,0.11012330755744536,1.1641974848780637E-21,0.8898766924425586,7.101933794526146E-17,6.164535958745393E-22,
1.2597964705330838E-20,0.07930714291830049,3.8236704319526195E-21,0.9206928570817049,4.663884275862794E-16,8.304092398268168E-21,
7.900533714833331E-26,0.06098474726815155,6.344238522852098E-26,0.9390152527318504,1.532880819347181E-21,4.827100558486603E-26,
8.400330141770635E-19,0.010475284818172935,8.466442970783181E-19,0.9895247151818164,5.9413463416455284E-15,4.673328308479568E-19,
5.12987170230502E-24,0.058724674940067355,3.64002233992563E-24,0.9412753250599262,1.8422182246467192E-19,3.321659305137721E-24,
2.1313996427434278E-14,0.10054480990036437,5.5086742655093757E-14,0.8994551899424608,1.5707134900992348E-10,2.871036920510961E-14,
1.7020201065298205E-16,0.00406259045357068,5.701744001201512E-17,0.9959374095415326,4.891983405002245E-12,1.9248507815432065E-16,
2.1936552146594896E-20,0.0215093861455025,2.2221434985102253E-20,0.9784906138544934,1.8895918954413778E-16,1.3123921359540799E-20,
1.8231342016645274E-17,0.021818998092212553,4.1401175475120584E-17,0.9781810019070845,7.016100156403429E-13,1.7245203108375475E-17,
4.173914320782213E-19,0.04554776259428236,3.8285787725596467E-19,0.9544522374057107,5.882293308341496E-15,1.6895235914278668E-19,
8.930279493982369E-24,0.03189533404480455,1.6279161226498206E-23,0.9681046659551948,2.9421681884120937E-20,1.5629365744848468E-24,
3.181724346210091E-19,0.021374204342259638,3.955419613132502E-19,0.978625795657743,3.3782661690086893E-15,4.7732960941676015E-20,
4.41454886022609E-22,0.007051034097190908,2.9076896071073878E-22,0.9929489659028065,1.0785716150680467E-18,2.013642363226141E-22,
5.323383376295809E-22,4.7473800170896695E-4,4.487310555909541E-22,0.9995252619982873,2.776705546314865E-18,8.051586394886041E-23,
2.24975377901883E-19,0.006736287932862223,3.360326057142271E-19,0.9932637120671259,1.519788596017242E-14,1.8951123634573185E-19,
6.319334589049919E-19,0.06091766037395472,5.055606714464156E-19,0.9390823396259349,1.1272882711353598E-13,2.7000297533314797E-19,
1.7969032197386299E-22,0.08521431853132959,1.3018576460138564E-22,0.9147856814686697,8.05266318862419E-18,1.192300580514123E-22,
7.756758998761612E-21,0.00521299340208476,1.2514579463864068E-20,0.9947870065979169,2.3855089070104426E-16,4.783995350618332E-21,
7.540976579277353E-19,0.012521790681483696,2.67495915351658E-18,0.9874782093183593,1.5168947506065604E-13,1.970906434967663E-18,
3.0000018621651423E-21,0.023063604414012794,2.304453643854824E-21,0.9769363955859839,5.5116806633062275E-17,1.30715357856942E-21,
1.1395928177407774E-21,0.027100002187274454,2.0289231646189816E-22,0.9728999978127282,4.6003784615108096E-18,2.08744446299501E-22,
6.347220873427955E-26,0.006470604605475798,6.979521802874409E-27,0.9935293953945278,5.752148379746491E-22,5.605509751597074E-26,
4.949091439368199E-22,0.06384577794737575,2.6226931672677137E-22,0.9361542220526213,2.242381729204556E-17,1.5915101140928825E-22,
5.1564164849926277E-20,0.022257454890369337,3.33635552231932E-20,0.9777425451096314,2.0815341961218335E-16,1.418119847703728E-20,
8.808106484763235E-22,0.04284549647630039,3.8501688152637874E-22,0.9571545035237023,5.4381297733310034E-17,2.891628644675974E-22,
1.8315616665718006E-24,0.028421521995669604,1.4117555424967947E-24,0.9715784780043324,3.034094963273804E-20,7.578961236682412E-25,
2.365862175116414E-23,0.012629684904007047,9.310062086028477E-24,0.9873703150959932,4.981549184714468E-19,3.995640209741939E-24,
2.8419516855705966E-22,0.008903254047806744,6.863437970359193E-23,0.9910967459521963,6.122446833655342E-19,9.674327064771388E-23,
1.761761794995011E-24,0.10784619825833427,1.7818439761988437E-24,0.8921538017416654,6.126331457723145E-19,7.515521259764705E-25,
4.3850914101679346E-18,0.07128773455629785,5.0624591592432955E-18,0.9287122654424903,1.2085695125114112E-12,6.292561925060158E-18,
1.394975132684896E-20,7.297002667768256E-4,4.775177503335368E-20,0.9992702997332176,4.511298427312463E-16,1.907130409635017E-20,
8.706249264951233E-22,0.005504173661358209,2.6023816083991196E-22,0.9944958263386406,1.7007537468307976E-17,7.313639338111223E-23,
2.50135129185339E-19,0.030049513967239712,2.524412044983453E-19,0.969950486032755,7.467915985037652E-15,1.8607806251781922E-19,
1.2428904052795272E-21,0.018288981698414784,5.175302063410667E-21,0.9817110183015888,4.335073312017811E-16,8.722243675831333E-22,
4.755223748578783E-20,0.02456580874652777,9.794511280090658E-21,0.9754341912534651,2.3323264777221918E-15,3.0045358263811193E-20,
6.035311983801783E-23,0.017890686601521148,3.83692810563816E-23,0.9821093133984753,3.728741541998208E-18,5.769564322818018E-23,
1.0968570084945163E-20,0.0186962736795607,6.573415925072316E-21,0.9813037263204317,1.9345516365594853E-15,5.253256625779264E-21,
1.4392046903919773E-20,4.2721648695220356E-4,1.245572061420407E-20,0.9995727835130467,3.241707054650816E-17,1.8158271450286856E-21,
4.357557248048831E-23,0.014706184059396402,3.752934249382836E-23,0.9852938159406026,1.7156581524984633E-18,8.275756944025426E-24,
4.587708255392069E-20,9.25750188102115E-5,6.632973843451634E-20,0.9999074249811878,1.6553256217087624E-16,4.429375859842175E-20,
2.998137109411582E-22,0.0030868880719778623,1.5106538171267033E-22,0.9969131119280267,4.043956217648354E-18,1.1495917029852714E-22,
1.1568225108908714E-20,0.014353612400902058,8.813212834129136E-21,0.9856463875990973,1.1162769844453286E-16,5.99208994662163E-21,
6.67587409234517E-21,0.04521275083233116,7.20208620008736E-21,0.9547872491676658,2.965470393553468E-17,2.6846076391398436E-21,
2.2092165431549107E-23,0.009136900988590279,1.1142494663974552E-23,0.9908630990114081,6.205871915078843E-19,1.064110395921649E-23,
3.277680188683101E-22,0.07045081090850996,1.0946057971088746E-22,0.929549189091493,3.13181858791704E-17,1.9701851184425145E-22,
6.5702402438656946E-24,8.062133439290201E-4,4.545494638770714E-24,0.9991937866560767,4.71224704843467E-19,9.232516178453309E-25,
1.0804264566642139E-23,0.09177299656009434,9.74249202965475E-24,0.9082270034399084,9.540888343000542E-19,4.878439486507253E-24,
3.1555521575642915E-24,0.003601329183538747,6.177883854485885E-25,0.9963986708164665,3.1180362888966357E-20,2.986549723989752E-25,
1.1646917256461527E-24,0.0037388564404943533,7.384775177113385E-25,0.9962611435595025,6.369434563616823E-20,1.012296624004071E-24,
