
0.14285714285714288,0.14285714285714288,0.14285714285714288,0.14285714285714288,0.14285714285714288,0.14285714285714288,0.14285714285714288,
0.14285714285714288,0.14285714285714288,0.14285714285714288,0.14285714285714288,0.14285714285714288,0.14285714285714288,0.14285714285714288,
0.14285714285714288,0.14285714285714288,0.14285714285714288,0.14285714285714288,0.14285714285714288,0.14285714285714288,0.14285714285714288,
0.14285714285714288,0.14285714285714288,0.14285714285714288,0.14285714285714288,0.14285714285714288,0.14285714285714288,0.14285714285714288,
0.14285714285714288,0.14285714285714288,0.14285714285714288,0.14285714285714288,0.14285714285714288,0.14285714285714288,0.14285714285714288,
0.14285714285714288,0.14285714285714288,0.14285714285714288,0.14285714285714288,0.14285714285714288,0.14285714285714288,0.14285714285714288,
0.14285714285714288,0.14285714285714288,0.14285714285714288,0.14285714285714288,0.14285714285714288,0.14285714285714288,0.14285714285714288,
0.14285714285714288,0.14285714285714288,0.14285714285714288,0.14285714285714288,0.14285714285714288,0.14285714285714288,0.14285714285714288,
0.14285714285714288,0.14285714285714288,0.14285714285714288,0.14285714285714288,0.14285714285714288,0.14285714285714288,0.14285714285714288,
0.14285714285714288,0.14285714285714288,0.14285714285714288,0.14285714285714288,0.14285714285714288,0.14285714285714288,0.14285714285714288,
0.14285714285714288,0.14285714285714288,0.14285714285714288,0.14285714285714288,0.14285714285714288,0.14285714285714288,0.14285714285714288,
0.14285714285714288,0.14285714285714288,0.14285714285714288,0.14285714285714288,0.14285714285714288,0.14285714285714288,0.14285714285714288,
0.14285714285714288,0.14285714285714288,0.14285714285714288,0.14285714285714288,0.14285714285714288,0.14285714285714288,0.14285714285714288,
0.14285714285714288,0.14285714285714288,0.14285714285714288,0.14285714285714288,0.14285714285714288,0.14285714285714288,0.14285714285714288,
0.14285714285714288,0.14285714285714288,0.14285714285714288,0.14285714285714288,0.14285714285714288,0.14285714285714288,0.14285714285714288,
0.14285714285714288,0.14285714285714288,0.14285714285714288,0.14285714285714288,0.14285714285714288,0.14285714285714288,0.14285714285714288,
0.14285714285714288,0.14285714285714288,0.14285714285714288,0.14285714285714288,0.14285714285714288,0.14285714285714288,0.14285714285714288,
0.14285714285714288,0.14285714285714288,0.14285714285714288,0.14285714285714288,0.14285714285714288,0.14285714285714288,0.14285714285714288,
0.14285714285714288,0.14285714285714288,0.14285714285714288,0.14285714285714288,0.14285714285714288,0.14285714285714288,0.14285714285714288,
0.14285714285714288,0.14285714285714288,0.14285714285714288,0.14285714285714288,0.14285714285714288,0.14285714285714288,0.14285714285714288,
0.14285714285714288,0.14285714285714288,0.14285714285714288,0.14285714285714288,0.14285714285714288,0.14285714285714288,0.14285714285714288,
0.14285714285714288,0.14285714285714288,0.14285714285714288,0.14285714285714288,0.14285714285714288,0.14285714285714288,0.14285714285714288,
0.14285714285714288,0.14285714285714288,0.14285714285714288,0.14285714285714288,0.14285714285714288,0.14285714285714288,0.14285714285714288,
0.14285714285714288,0.14285714285714288,0.14285714285714288,0.14285714285714288,0.14285714285714288,0.14285714285714288,0.14285714285714288,
0.14285714285714288,0.14285714285714288,0.14285714285714288,0.14285714285714288,0.14285714285714288,0.14285714285714288,0.14285714285714288,
0.14285714285714288,0.14285714285714288,0.14285714285714288,0.14285714285714288,0.14285714285714288,0.14285714285714288,0.14285714285714288,
0.14285714285714288,0.14285714285714288,0.14285714285714288,0.14285714285714288,0.14285714285714288,0.14285714285714288,0.14285714285714288,
0.14285714285714288,0.14285714285714288,0.14285714285714288,0.14285714285714288,0.14285714285714288,0.14285714285714288,0.14285714285714288,
0.14285714285714288,0.14285714285714288,0.14285714285714288,0.14285714285714288,0.14285714285714288,0.14285714285714288,0.14285714285714288,
0.14285714285714288,0.14285714285714288,0.14285714285714288,0.14285714285714288,0.14285714285714288,0.14285714285714288,0.14285714285714288,
0.14285714285714288,0.14285714285714288,0.14285714285714288,0.14285714285714288,0.14285714285714288,0.14285714285714288,0.14285714285714288,
0.14285714285714288,0.14285714285714288,0.14285714285714288,0.14285714285714288,0.14285714285714288,0.14285714285714288,0.14285714285714288,
0.14285714285714288,0.14285714285714288,0.14285714285714288,0.14285714285714288,0.14285714285714288,0.14285714285714288,0.14285714285714288,
0.14285714285714288,0.14285714285714288,0.14285714285714288,0.14285714285714288,0.14285714285714288,0.14285714285714288,0.14285714285714288,
0.14285714285714288,0.14285714285714288,0.14285714285714288,0.14285714285714288,0.14285714285714288,0.14285714285714288,0.14285714285714288,
0.14285714285714288,0.14285714285714288,0.14285714285714288,0.14285714285714288,0.14285714285714288,0.14285714285714288,0.14285714285714288,
0.14285714285714288,0.14285714285714288,0.14285714285714288,0.14285714285714288,0.14285714285714288,0.14285714285714288,0.14285714285714288,
0.14285714285714288,0.14285714285714288,0.14285714285714288,0.14285714285714288,0.14285714285714288,0.14285714285714288,0.14285714285714288,
0.14285714285714288,0.14285714285714288,0.14285714285714288,0.14285714285714288,0.14285714285714288,0.14285714285714288,0.14285714285714288,
0.14285714285714288,0.14285714285714288,0.14285714285714288,0.14285714285714288,0.14285714285714288,0.14285714285714288,0.14285714285714288,
0.14285714285714288,0.14285714285714288,0.14285714285714288,0.14285714285714288,0.14285714285714288,0.14285714285714288,0.14285714285714288,
0.14285714285714288,0.14285714285714288,0.14285714285714288,0.14285714285714288,0.14285714285714288,0.14285714285714288,0.14285714285714288,
0.14285714285714288,0.14285714285714288,0.14285714285714288,0.14285714285714288,0.14285714285714288,0.14285714285714288,0.14285714285714288,
0.14285714285714288,0.14285714285714288,0.14285714285714288,0.14285714285714288,0.14285714285714288,0.14285714285714288,0.14285714285714288,
0.14285714285714288,0.14285714285714288,0.14285714285714288,0.14285714285714288,0.14285714285714288,0.14285714285714288,0.14285714285714288,
0.14285714285714288,0.14285714285714288,0.14285714285714288,0.14285714285714288,0.14285714285714288,0.14285714285714288,0.14285714285714288,
0.14285714285714288,0.14285714285714288,0.14285714285714288,0.14285714285714288,0.14285714285714288,0.14285714285714288,0.14285714285714288,
0.14285714285714288,0.14285714285714288,0.14285714285714288,0.14285714285714288,0.14285714285714288,0.14285714285714288,0.14285714285714288,
0.14285714285714288,0.14285714285714288,0.14285714285714288,0.14285714285714288,0.14285714285714288,0.14285714285714288,0.14285714285714288,
0.14285714285714288,0.14285714285714288,0.14285714285714288,0.14285714285714288,0.14285714285714288,0.14285714285714288,0.14285714285714288,
0.14285714285714288,0.14285714285714288,0.14285714285714288,0.14285714285714288,0.14285714285714288,0.14285714285714288,0.14285714285714288,
0.14285714285714288,0.14285714285714288,0.14285714285714288,0.14285714285714288,0.14285714285714288,0.14285714285714288,0.14285714285714288,
0.14285714285714288,0.14285714285714288,0.14285714285714288,0.14285714285714288,0.14285714285714288,0.14285714285714288,0.14285714285714288,
0.14285714285714288,0.14285714285714288,0.14285714285714288,0.14285714285714288,0.14285714285714288,0.14285714285714288,0.14285714285714288,
0.14285714285714288,0.14285714285714288,0.14285714285714288,0.14285714285714288,0.14285714285714288,0.14285714285714288,0.14285714285714288,
0.14285714285714288,0.14285714285714288,0.14285714285714288,0.14285714285714288,0.14285714285714288,0.14285714285714288,0.14285714285714288,
0.14285714285714288,0.14285714285714288,0.14285714285714288,0.14285714285714288,0.14285714285714288,0.14285714285714288,0.14285714285714288,
0.14285714285714288,0.14285714285714288,0.14285714285714288,0.14285714285714288,0.14285714285714288,0.14285714285714288,0.14285714285714288,
0.14285714285714288,0.14285714285714288,0.14285714285714288,0.14285714285714288,0.14285714285714288,0.14285714285714288,0.14285714285714288,
0.14285714285714288,0.14285714285714288,0.14285714285714288,0.14285714285714288,0.14285714285714288,0.14285714285714288,0.14285714285714288,
0.14285714285714288,0.14285714285714288,0.14285714285714288,0.14285714285714288,0.14285714285714288,0.14285714285714288,0.14285714285714288,
0.14285714285714288,0.14285714285714288,0.14285714285714288,0.14285714285714288,0.14285714285714288,0.14285714285714288,0.14285714285714288,
0.14285714285714288,0.14285714285714288,0.14285714285714288,0.14285714285714288,0.14285714285714288,0.14285714285714288,0.14285714285714288,
0.14285714285714288,0.14285714285714288,0.14285714285714288,0.14285714285714288,0.14285714285714288,0.14285714285714288,0.14285714285714288,
0.14285714285714288,0.14285714285714288,0.14285714285714288,0.14285714285714288,0.14285714285714288,0.14285714285714288,0.14285714285714288,
0.14285714285714288,0.14285714285714288,0.14285714285714288,0.14285714285714288,0.14285714285714288,0.14285714285714288,0.14285714285714288,
0.14285714285714288,0.14285714285714288,0.14285714285714288,0.14285714285714288,0.14285714285714288,0.14285714285714288,0.14285714285714288,
0.14285714285714288,0.14285714285714288,0.14285714285714288,0.14285714285714288,0.14285714285714288,0.14285714285714288,0.14285714285714288,
0.14285714285714288,0.14285714285714288,0.14285714285714288,0.14285714285714288,0.14285714285714288,0.14285714285714288,0.14285714285714288,
0.14285714285714288,0.14285714285714288,0.14285714285714288,0.14285714285714288,0.14285714285714288,0.14285714285714288,0.14285714285714288,
0.14285714285714288,0.14285714285714288,0.14285714285714288,0.14285714285714288,0.14285714285714288,0.14285714285714288,0.14285714285714288,
0.14285714285714288,0.14285714285714288,0.14285714285714288,0.14285714285714288,0.14285714285714288,0.14285714285714288,0.14285714285714288,
0.14285714285714288,0.14285714285714288,0.14285714285714288,0.14285714285714288,0.14285714285714288,0.14285714285714288,0.14285714285714288,
0.14285714285714288,0.14285714285714288,0.14285714285714288,0.14285714285714288,0.14285714285714288,0.14285714285714288,0.14285714285714288,
0.14285714285714288,0.14285714285714288,0.14285714285714288,0.14285714285714288,0.14285714285714288,0.14285714285714288,0.14285714285714288,
0.14285714285714288,0.14285714285714288,0.14285714285714288,0.14285714285714288,0.14285714285714288,0.14285714285714288,0.14285714285714288,
0.14285714285714288,0.14285714285714288,0.14285714285714288,0.14285714285714288,0.14285714285714288,0.14285714285714288,0.14285714285714288,
0.14285714285714288,0.14285714285714288,0.14285714285714288,0.14285714285714288,0.14285714285714288,0.14285714285714288,0.14285714285714288,
0.14285714285714288,0.14285714285714288,0.14285714285714288,0.14285714285714288,0.14285714285714288,0.14285714285714288,0.14285714285714288,
0.14285714285714288,0.14285714285714288,0.14285714285714288,0.14285714285714288,0.14285714285714288,0.14285714285714288,0.14285714285714288,
0.14285714285714288,0.14285714285714288,0.14285714285714288,0.14285714285714288,0.14285714285714288,0.14285714285714288,0.14285714285714288,
0.14285714285714288,0.14285714285714288,0.14285714285714288,0.14285714285714288,0.14285714285714288,0.14285714285714288,0.14285714285714288,
0.14285714285714288,0.14285714285714288,0.14285714285714288,0.14285714285714288,0.14285714285714288,0.14285714285714288,0.14285714285714288,
0.12594411580663914,0.23146721076699941,0.12594411580663914,0.138812210199805,0.12594411580663914,0.12594411580663914,0.12594411580663914,
0.12589216795120178,0.23174814690013842,0.12589216795120178,0.1387910133438527,0.12589216795120178,0.12589216795120178,0.12589216795120178,
0.12584079293408348,0.23202602927815602,0.12584079293408348,0.1387700060514266,0.12584079293408348,0.12584079293408348,0.12584079293408348,
0.12578997792386049,0.23230092579218484,0.12578997792386049,0.13874918458851251,0.12578997792386049,0.12578997792386049,0.12578997792386049,
0.12573971051959476,0.23257290206730016,0.12573971051959476,0.1387285453347262,0.12573971051959476,0.12573971051959476,0.12573971051959476,
0.1256899787316951,0.23284202156287126,0.1256899787316951,0.13870808477865318,0.1256899787316951,0.1256899787316951,0.1256899787316951,
0.1256407709638343,0.2331083456673993,0.1256407709638343,0.13868779951342936,0.1256407709638343,0.1256407709638343,0.1256407709638343,
0.12559207599585112,0.23337193378819923,0.12559207599585112,0.138667686232545,0.12559207599585112,0.12559207599585112,0.12559207599585112,
0.12554388296757515,0.23363284343626314,0.12554388296757515,0.13864774172586097,0.12554388296757515,0.12554388296757515,0.12554388296757515,
0.1254961813635137,0.23389113030660927,0.1254961813635137,0.13862796287582224,0.1254961813635137,0.1254961813635137,0.1254961813635137,
0.12544896099834724,0.23414684835440513,0.12544896099834724,0.1386083466538585,0.12544896099834724,0.12544896099834724,0.12544896099834724,
0.12540221200318216,0.2344000498671292,0.12540221200318216,0.13858889011696002,0.12540221200318216,0.12540221200318216,0.12540221200318216,
0.12535592481251334,0.2346507855330144,0.12535592481251334,0.1385695904044188,0.12535592481251334,0.12535592481251334,0.12535592481251334,
0.125310090151854,0.23489910450600468,0.125310090151854,0.13855044473472525,0.125310090151854,0.125310090151854,0.125310090151854,
0.12526469902599083,0.2351450544674339,0.12526469902599083,0.13853145040261178,0.12526469902599083,0.12526469902599083,0.12526469902599083,
0.12521974270782812,0.23538868168462454,0.12521974270782812,0.13851260477623475,0.12521974270782812,0.12521974270782812,0.12521974270782812,
0.12517521272778456,0.23563003106659033,0.12517521272778456,0.1384939052944869,0.12517521272778456,0.12517521272778456,0.12517521272778456,
0.12513110086371093,0.23586914621701194,0.12513110086371093,0.13847534946443343,0.12513110086371093,0.12513110086371093,0.12513110086371093,
0.12508739913129788,0.23610606948464616,0.12508739913129788,0.1384569348588646,0.12508739913129788,0.12508739913129788,0.12508739913129788,
0.1250440997749453,0.23634084201131503,0.1250440997749453,0.13843865911395836,0.1250440997749453,0.1250440997749453,0.1250440997749453,
0.1250011952590673,0.2365735037776159,0.1250011952590673,0.13842051992704768,0.1250011952590673,0.1250011952590673,0.1250011952590673,
0.12495867825980721,0.2368040936464778,0.12495867825980721,0.13840251505448603,0.12495867825980721,0.12495867825980721,0.12495867825980721,
0.12491654165714082,0.2370326494046893,0.12491654165714082,0.1383846423096069,0.12491654165714082,0.12491654165714082,0.12491654165714082,
0.1248747785273446,0.23725920780250603,0.1248747785273446,0.13836689956077117,0.1248747785273446,0.1248747785273446,0.1248747785273446,
0.12483338213581055,0.237483804591448,0.12483338213581055,0.13834928472949934,0.12483338213581055,0.12483338213581055,0.12483338213581055,
0.1247923459301871,0.237706474560382,0.1247923459301871,0.1383317957886826,0.1247923459301871,0.1247923459301871,0.1247923459301871,
0.12475166353382945,0.23792725156998323,0.12475166353382945,0.1383144307608696,0.12475166353382945,0.12475166353382945,0.12475166353382945,
0.12471132873954222,0.23814616858566354,0.12471132873954222,0.1382971877166253,0.12471132873954222,0.12471132873954222,0.12471132873954222,
0.1246713355035993,0.23836325770904634,0.1246713355035993,0.13828006477295748,0.1246713355035993,0.1246713355035993,0.1246713355035993,
0.12463167794002539,0.2385785502080649,0.12463167794002539,0.13826306009180808,0.12463167794002539,0.12463167794002539,0.12463167794002539,
0.12459235031512712,0.23879207654575776,0.12459235031512712,0.13824617187860655,0.12459235031512712,0.12459235031512712,0.12459235031512712,
0.12455334704225879,0.23900386640782534,0.12455334704225879,0.13822939838088072,0.12455334704225879,0.12455334704225879,0.12455334704225879,
0.12451466267681244,0.23921394872901341,0.12451466267681244,0.13821273788692426,0.12451466267681244,0.12451466267681244,0.12451466267681244,
0.12447629191141996,0.2394223517183833,0.12447629191141996,0.13819618872451678,0.12447629191141996,0.12447629191141996,0.12447629191141996,
0.12443822957135649,0.23962910288352307,0.12443822957135649,0.13817974925969423,0.12443822957135649,0.12443822957135649,0.12443822957135649,
0.12440047061013561,0.23983422905375443,0.12440047061013561,0.13816341789556777,0.12440047061013561,0.12440047061013561,0.12440047061013561,
0.12436301010528578,0.24003775640238317,0.12436301010528578,0.13814719307118772,0.12436301010528578,0.12436301010528578,0.12436301010528578,
0.12432584325430077,0.2402397104680436,0.12432584325430077,0.13813107326045249,0.12432584325430077,0.12432584325430077,0.12432584325430077,
0.1242889653707534,0.24044011617517572,0.1242889653707534,0.13811505697105755,0.1242889653707534,0.1242889653707534,0.1242889653707534,
0.12425237188056648,0.2406389978536822,0.12425237188056648,0.13809914274348542,0.12425237188056648,0.12425237188056648,0.12425237188056648,
0.12421605831843292,0.24083637925780213,0.12421605831843292,0.13808332915003313,0.12421605831843292,0.12421605831843292,0.12421605831843292,
0.12418002032437721,0.24103228358423792,0.12418002032437721,0.13806761479387594,0.12418002032437721,0.12418002032437721,0.12418002032437721,
0.12414425364045237,0.24122673348957288,0.12414425364045237,0.13805199830816553,0.12414425364045237,0.12414425364045237,0.12414425364045237,
0.12410875410756565,0.24141975110701042,0.12410875410756565,0.1380364783551614,0.12410875410756565,0.12410875410756565,0.12410875410756565,
0.12407351766242745,0.2416113580624687,0.12407351766242745,0.13802105362539424,0.12407351766242745,0.12407351766242745,0.12407351766242745,
0.12403854033461684,0.24180157549005712,0.12403854033461684,0.1380057228368588,0.12403854033461684,0.12403854033461684,0.12403854033461684,
0.12400381824375933,0.2419904240469673,0.12400381824375933,0.13799048473423633,0.12400381824375933,0.12400381824375933,0.12400381824375933,
0.12396934759681111,0.2421779239278002,0.12396934759681111,0.13797533808814433,0.12396934759681111,0.12396934759681111,0.12396934759681111,
0.12393512468544547,0.24236409487835958,0.12393512468544547,0.13796028169441293,0.12393512468544547,0.12393512468544547,0.12393512468544547,
0.1239011458835363,0.2425489562089315,0.1239011458835363,0.13794531437338675,0.1239011458835363,0.1239011458835363,0.1239011458835363,
0.12386740764473475,0.2427325268070755,0.12386740764473475,0.13793043496925073,0.12386740764473475,0.12386740764473475,0.12386740764473475,
0.12383390650013466,0.24291482514994722,0.12383390650013466,0.13791564234937953,0.12383390650013466,0.12383390650013466,0.12383390650013466,
0.12380063905602329,0.24309586931617422,0.12380063905602329,0.13790093540370918,0.12380063905602329,0.12380063905602329,0.12380063905602329,
0.12376760199171317,0.24327567699730368,0.12376760199171317,0.13788631304413024,0.12376760199171317,0.12376760199171317,0.12376760199171317,
0.12373479205745176,0.24345426550883995,0.12373479205745176,0.1378717742039011,0.12373479205745176,0.12373479205745176,0.12373479205745176,
0.12370220607240563,0.24363165180089066,0.12370220607240563,0.1378573178370814,0.12370220607240563,0.12370220607240563,0.12370220607240563,
0.12366984092271588,0.24380785246843661,0.12366984092271588,0.1378429429179841,0.12366984092271588,0.12366984092271588,0.12366984092271588,
0.12363769355962216,0.24398288376124336,0.12363769355962216,0.13782864844064585,0.12363769355962216,0.12363769355962216,0.12363769355962216,
0.1236057609976517,0.24415676159342667,0.1236057609976517,0.1378144334183146,0.1236057609976517,0.1236057609976517,0.1236057609976517,
0.12357404031287139,0.24432950155268887,0.12357404031287139,0.13780029688295398,0.12357404031287139,0.12357404031287139,0.12357404031287139,
0.12354252864119974,0.2445011189092376,0.12354252864119974,0.13778623788476396,0.12354252864119974,0.12354252864119974,0.12354252864119974,
0.12351122317677644,0.24467162862440134,0.12351122317677644,0.13777225549171643,0.12351122317677644,0.12351122317677644,0.12351122317677644,
0.12348012117038783,0.24484104535895437,0.12348012117038783,0.13775834878910648,0.12348012117038783,0.12348012117038783,0.12348012117038783,
0.12344921992794448,0.2450093834811606,0.12344921992794448,0.13774451687911704,0.12344921992794448,0.12344921992794448,0.12344921992794448,
0.1234185168090104,0.24517665707455005,0.1234185168090104,0.13773075888039785,0.1234185168090104,0.1234185168090104,0.1234185168090104,
0.12338800922538098,0.2453428799454379,0.12338800922538098,0.13771707392765742,0.12338800922538098,0.12338800922538098,0.12338800922538098,
0.1233576946397075,0.24550806563019487,0.1233576946397075,0.13770346117126767,0.1233576946397075,0.1233576946397075,0.1233576946397075,
0.12332757056416743,0.24567222740228178,0.12332757056416743,0.13768991977688091,0.12332757056416743,0.12332757056416743,0.12332757056416743,
0.12329763455917747,0.24583537827905408,0.12329763455917747,0.1376764489250588,0.12329763455917747,0.12329763455917747,0.12329763455917747,
0.12326788423214827,0.24599753102834682,0.12326788423214827,0.13766304781091174,0.12326788423214827,0.12326788423214827,0.12326788423214827,
0.12323831723627977,0.2461586981748503,0.12323831723627977,0.1376497156437507,0.12323831723627977,0.12323831723627977,0.12323831723627977,
0.12320893126939432,0.2463188920062806,0.12320893126939432,0.13763645164674818,0.12320893126939432,0.12320893126939432,0.12320893126939432,
0.12317972407280692,0.24647812457935547,0.12317972407280692,0.1376232550566098,0.12317972407280692,0.12317972407280692,0.12317972407280692,
0.12315069343023193,0.24663640772558415,0.12315069343023193,0.1376101251232564,0.12315069343023193,0.12315069343023193,0.12315069343023193,
0.12312183716672266,0.24679375305687276,0.12312183716672266,0.137597061109514,0.12312183716672266,0.12312183716672266,0.12312183716672266,
0.12309315314764525,0.246950171970959,0.12309315314764525,0.13758406229081452,0.12309315314764525,0.12309315314764525,0.12309315314764525,
0.12306463927768359,0.24710567565667793,0.12306463927768359,0.13757112795490417,0.12306463927768359,0.12306463927768359,0.12306463927768359,
0.12303629349987485,0.2472602750990652,0.12303629349987485,0.13755825740156058,0.12303629349987485,0.12303629349987485,0.12303629349987485,
0.12300811379467494,0.24741398108430704,0.12300811379467494,0.1375454499423185,0.12300811379467494,0.12300811379467494,0.12300811379467494,
0.12298009817905181,0.24756680420453844,0.12298009817905181,0.13753270490020258,0.12298009817905181,0.12298009817905181,0.12298009817905181,
0.1229522447056066,0.24771875486249822,0.1229522447056066,0.13752002160946875,0.1229522447056066,0.1229522447056066,0.1229522447056066,
0.12292455146172086,0.2478698432760439,0.12292455146172086,0.1375073994153521,0.12292455146172086,0.12292455146172086,0.12292455146172086,
0.12289701656872905,0.24802007948253288,0.12289701656872905,0.13749483767382212,0.12289701656872905,0.12289701656872905,0.12289701656872905,
0.12286963818111618,0.2481694733430742,0.12286963818111618,0.13748233575134527,0.12286963818111618,0.12286963818111618,0.12286963818111618,
0.12284241448573835,0.24831803454665494,0.12284241448573835,0.13746989302465334,0.12284241448573835,0.12284241448573835,0.12284241448573835,
0.12281534370106684,0.24846577261414687,0.12281534370106684,0.13745750888051914,0.12281534370106684,0.12281534370106684,0.12281534370106684,
0.12278842407645342,0.24861269690219545,0.12278842407645342,0.13744518271553724,0.12278842407645342,0.12278842407645342,0.12278842407645342,
0.12276165389141784,0.24875881660699853,0.12276165389141784,0.1374329139359121,0.12276165389141784,0.12276165389141784,0.12276165389141784,
0.12273503145495494,0.24890414076797474,0.12273503145495494,0.13742070195725067,0.12273503145495494,0.12273503145495494,0.12273503145495494,
0.12270855510486209,0.2490486782713282,0.12270855510486209,0.13740854620436133,0.12270855510486209,0.12270855510486209,0.12270855510486209,
0.12268222320708587,0.24919243785351236,0.12268222320708587,0.13739644611105842,0.12268222320708587,0.12268222320708587,0.12268222320708587,
0.12265603415508673,0.24933542810459539,0.12265603415508673,0.13738440111997102,0.12265603415508673,0.12265603415508673,0.12265603415508673,
0.12262998636922207,0.2494776574715317,0.12262998636922207,0.13737241068235806,0.12262998636922207,0.12262998636922207,0.12262998636922207,
0.12260407829614607,0.2496191342613422,0.12260407829614607,0.13736047425792747,0.12260407829614607,0.12260407829614607,0.12260407829614607,
0.12257830840822667,0.24975986664420655,0.12257830840822667,0.13734859131466037,0.12257830840822667,0.12257830840822667,0.12257830840822667,
0.1225526752029782,0.24989986265646905,0.1225526752029782,0.13733676132863976,0.1225526752029782,0.1225526752029782,0.1225526752029782,
0.12252717720251029,0.25003913020356466,0.12252717720251029,0.1373249837838841,0.12252717720251029,0.12252717720251029,0.12252717720251029,
0.12250181295299079,0.25017767706286165,0.12250181295299079,0.1373132581721843,0.12250181295299079,0.12250181295299079,0.12250181295299079,
0.1224765810241246,0.2503155108864309,0.1224765810241246,0.1373015839929461,0.1224765810241246,0.1224765810241246,0.1224765810241246,
0.1224514800086454,0.2504526392037377,0.1224514800086454,0.13728996075303526,0.1224514800086454,0.1224514800086454,0.1224514800086454,
0.12242650852182192,0.2505890694242627,0.12242650852182192,0.13727838796662784,0.12242650852182192,0.12242650852182192,0.12242650852182192,
0.12240166520097684,0.25072480884005277,0.12240166520097684,0.13726686515506314,0.12240166520097684,0.12240166520097684,0.12240166520097684,
0.12237694870501888,0.2508598646282041,0.12237694870501888,0.1372553918467015,0.12237694870501888,0.12237694870501888,0.12237694870501888,
0.12235235771398709,0.2509942438532798,0.12235235771398709,0.13724396757678478,0.12235235771398709,0.12235235771398709,0.12235235771398709,
0.12232789092860707,0.2511279534696638,0.12232789092860707,0.13723259188730053,0.12232789092860707,0.12232789092860707,0.12232789092860707,
0.12230354706985919,0.2512610003238542,0.12230354706985919,0.1372212643268502,0.12230354706985919,0.12230354706985919,0.12230354706985919,
0.12227932487855717,0.25139339115669485,0.12227932487855717,0.13720998445051905,0.12227932487855717,0.12227932487855717,0.12227932487855717,
0.12225522311493905,0.25152513260555315,0.12225522311493905,0.13719875181975147,0.12225522311493905,0.12225522311493905,0.12225522311493905,
0.12223124055826705,0.25165623120643743,0.12223124055826705,0.13718756600222717,0.12223124055826705,0.12223124055826705,0.12223124055826705,
0.12220737600643891,0.25178669339606347,0.12220737600643891,0.13717642657174164,0.12220737600643891,0.12220737600643891,0.12220737600643891,
0.12218362827560868,0.2519165255138672,0.12218362827560868,0.13716533310808948,0.12218362827560868,0.12218362827560868,0.12218362827560868,
0.12215999619981688,0.2520457338039658,0.12215999619981688,0.13715428519694972,0.12215999619981688,0.12215999619981688,0.12215999619981688,
0.12213647863063072,0.25217432441707155,0.12213647863063072,0.13714328242977492,0.12213647863063072,0.12213647863063072,0.12213647863063072,
0.12211307443679253,0.2523023034123554,0.12211307443679253,0.13713232440368203,0.12211307443679253,0.12211307443679253,0.12211307443679253,
0.12208978250387759,0.25242967675926536,0.12208978250387759,0.13712141072134648,0.12208978250387759,0.12208978250387759,0.12208978250387759,
0.12206660173396032,0.2525564503393001,0.12206660173396032,0.13711054099089856,0.12206660173396032,0.12206660173396032,0.12206660173396032,
0.12204353104528821,0.2526826299477371,0.12204353104528821,0.13709971482582164,0.12204353104528821,0.12204353104528821,0.12204353104528821,
0.12202056937196494,0.2528082212953212,0.12202056937196494,0.13708893184485418,0.12202056937196494,0.12202056937196494,0.12202056937196494,
0.12199771566363984,0.2529332300099085,0.12199771566363984,0.13707819167189234,0.12199771566363984,0.12199771566363984,0.12199771566363984,
0.1219749688852061,0.25305766163807347,0.1219749688852061,0.13706749393589612,0.1219749688852061,0.1219749688852061,0.1219749688852061,
0.12195232801650557,0.25318152164667496,0.12195232801650557,0.13705683827079693,0.12195232801650557,0.12195232801650557,0.12195232801650557,
0.1219297920520412,0.25330481542438593,0.1219297920520412,0.13704622431540792,0.1219297920520412,0.1219297920520412,0.1219297920520412,
0.12190736000069585,0.2534275482831854,0.12190736000069585,0.1370356517133355,0.12190736000069585,0.12190736000069585,0.12190736000069585,
0.12188503088545821,0.25354972545981563,0.12188503088545821,0.13702512011289356,0.12188503088545821,0.12188503088545821,0.12188503088545821,
0.12186280374315514,0.25367135211720465,0.12186280374315514,0.13701462916701934,0.12186280374315514,0.12186280374315514,0.12186280374315514,
0.12184067762419055,0.25379243334585544,0.12184067762419055,0.1370041785331916,0.12184067762419055,0.12184067762419055,0.12184067762419055,
0.12181865159228981,0.2539129741652011,0.12181865159228981,0.13699376787334977,0.12181865159228981,0.12181865159228981,0.12181865159228981,
0.12179672472425088,0.2540329795249301,0.12179672472425088,0.13698339685381566,0.12179672472425088,0.12179672472425088,0.12179672472425088,
0.12177489610970077,0.2541524543062796,0.12177489610970077,0.1369730651452166,0.12177489610970077,0.12177489610970077,0.12177489610970077,
0.12175316485085796,0.2542714033232998,0.12175316485085796,0.1369627724224104,0.12175316485085796,0.12175316485085796,0.12175316485085796,
0.12173153006230016,0.25438983132408743,0.12173153006230016,0.13695251836441194,0.12173153006230016,0.12173153006230016,0.12173153006230016,
0.1217099908707372,0.25450774299199314,0.1217099908707372,0.136942302654321,0.1217099908707372,0.1217099908707372,0.1217099908707372,
0.12168854641478971,0.25462514294679917,0.12168854641478971,0.1369321249792524,0.12168854641478971,0.12168854641478971,0.12168854641478971,
0.12166719584477224,0.25474203574587195,0.12166719584477224,0.1369219850302669,0.12166719584477224,0.12166719584477224,0.12166719584477224,
0.12164593832248162,0.2548584258852876,0.12164593832248162,0.13691188250230402,0.12164593832248162,0.12164593832248162,0.12164593832248162,
0.12162477302099013,0.2549743178009329,0.12162477302099013,0.1369018170941164,0.12162477302099013,0.12162477302099013,0.12162477302099013,
0.12160369912444305,0.2550897158695799,0.12160369912444305,0.1368917885082049,0.12160369912444305,0.12160369912444305,0.12160369912444305,
0.12158271582786101,0.255204624409939,0.12158271582786101,0.13688179645075602,0.12158271582786101,0.12158271582786101,0.12158271582786101,
0.12156182233694664,0.25531904768368696,0.12156182233694664,0.13687184063157976,0.12156182233694664,0.12156182233694664,0.12156182233694664,
0.12154101786789565,0.25543298989647206,0.12154101786789565,0.1368619207640496,0.12154101786789565,0.12154101786789565,0.12154101786789565,
0.12152030164721173,0.2555464551988982,0.12152030164721173,0.13685203656504308,0.12152030164721173,0.12152030164721173,0.12152030164721173,
0.1214996729115259,0.2556594476874867,0.1214996729115259,0.13684218775488388,0.1214996729115259,0.1214996729115259,0.1214996729115259,
0.12147913090741956,0.2557719714056169,0.12147913090741956,0.13683237405728507,0.12147913090741956,0.12147913090741956,0.12147913090741956,
0.12145867489125173,0.25588403034444757,0.12145867489125173,0.136822595199294,0.12145867489125173,0.12145867489125173,0.12145867489125173,
0.12143830412898936,0.255995628443816,0.12143830412898936,0.13681285091123704,0.12143830412898936,0.12143830412898936,0.12143830412898936,
0.12141801789604235,0.25610676959312095,0.12141801789604235,0.13680314092666734,0.12141801789604235,0.12141801789604235,0.12141801789604235,
0.1213978154771009,0.2562174576321835,0.1213978154771009,0.13679346498231182,0.1213978154771009,0.1213978154771009,0.1213978154771009,
0.12137769616597753,0.25632769635209196,0.12137769616597753,0.13678382281802037,0.12137769616597753,0.12137769616597753,0.12137769616597753,
0.1213576592654514,0.2564374894960269,0.1213576592654514,0.13677421417671579,0.1213576592654514,0.1213576592654514,0.1213576592654514,
0.12133770408711693,0.2565468407600705,0.12133770408711693,0.13676463880434478,0.12133770408711693,0.12133770408711693,0.12133770408711693,
0.12131782995123468,0.25665575379399713,0.12131782995123468,0.13675509644982947,0.12131782995123468,0.12131782995123468,0.12131782995123468,
0.12129803618658609,0.25676423220204864,0.12129803618658609,0.13674558686502072,0.12129803618658609,0.12129803618658609,0.12129803618658609,
0.12127832213033099,0.25687227954369296,0.12127832213033099,0.1367361098046518,0.12127832213033099,0.12127832213033099,0.12127832213033099,
0.121258687127868,0.2569798993343668,0.121258687127868,0.13672666502629305,0.121258687127868,0.121258687127868,0.121258687127868,
0.1212391305326979,0.2570870950462031,0.1212391305326979,0.13671725229030743,0.1212391305326979,0.1212391305326979,0.1212391305326979,
0.12121965170628994,0.2571938701087431,0.12121965170628994,0.13670787135980725,0.12121965170628994,0.12121965170628994,0.12121965170628994,
0.12120025001795076,0.2573002279096348,0.12120025001795076,0.1366985220006113,0.12120025001795076,0.12120025001795076,0.12120025001795076,
0.12118092484469616,0.2574061717953159,0.12118092484469616,0.13668920398120332,0.12118092484469616,0.12118092484469616,0.12118092484469616,
0.12116167557112517,0.2575117050716835,0.12116167557112517,0.13667991707269064,0.12116167557112517,0.12116167557112517,0.12116167557112517,
0.12114250158929712,0.25761683100475,0.12114250158929712,0.13667066104876416,0.12114250158929712,0.12114250158929712,0.12114250158929712,
0.12112340229861096,0.25772155282128634,0.12112340229861096,0.13666143568565906,0.12112340229861096,0.12112340229861096,0.12112340229861096,
0.12110437710568676,0.25782587370945037,0.12110437710568676,0.13665224076211568,0.12110437710568676,0.12110437710568676,0.12110437710568676,
0.12108542542425037,0.2579297968194059,0.12108542542425037,0.13664307605934226,0.12108542542425037,0.12108542542425037,0.12108542542425037,
0.12106654667501943,0.2580333252639259,0.12106654667501943,0.13663394136097703,0.12106654667501943,0.12106654667501943,0.12106654667501943,
0.12104774028559234,0.258136462118986,0.12104774028559234,0.13662483645305212,0.12104774028559234,0.12104774028559234,0.12104774028559234,
0.12102900569033927,0.2582392104243457,0.12102900569033927,0.13661576112395776,0.12102900569033927,0.12102900569033927,0.12102900569033927,
0.12101034233029515,0.2583415731841175,0.12101034233029515,0.13660671516440695,0.12101034233029515,0.12101034233029515,0.12101034233029515,
0.12099174965305477,0.25844355336732533,0.12099174965305477,0.13659769836740093,0.12099174965305477,0.12099174965305477,0.12099174965305477,
0.12097322711267043,0.25854515390845223,0.12097322711267043,0.13658871052819568,0.12097322711267043,0.12097322711267043,0.12097322711267043,
0.12095477416955086,0.2586463777079771,0.12095477416955086,0.13657975144426845,0.12095477416955086,0.12095477416955086,0.12095477416955086,
0.12093639029036271,0.2587472276329011,0.12093639029036271,0.1365708209152853,0.12093639029036271,0.12093639029036271,0.12093639029036271,
0.12091807494793357,0.2588477065172634,0.12091807494793357,0.13656191874306886,0.12091807494793357,0.12091807494793357,0.12091807494793357,
0.12089982762115696,0.258947817162648,0.12089982762115696,0.1365530447315673,0.12089982762115696,0.12089982762115696,0.12089982762115696,
0.12088164779489936,0.2590475623386797,0.12088164779489936,0.1365441986868232,0.12088164779489936,0.12088164779489936,0.12088164779489936,
0.12086353495990888,0.25914694478351197,0.12086353495990888,0.13653538041694366,0.12086353495990888,0.12086353495990888,0.12086353495990888,
0.12084548861272529,0.2592459672043034,0.12084548861272529,0.1365265897320699,0.12084548861272529,0.12084548861272529,0.12084548861272529,
0.12082750825559267,0.2593446322776877,0.12082750825559267,0.13651782644434912,0.12082750825559267,0.12082750825559267,0.12082750825559267,
0.12080959339637252,0.25944294265023254,0.12080959339637252,0.1365090903679047,0.12080959339637252,0.12080959339637252,0.12080959339637252,
0.1207917435484599,0.25954090093889143,0.1207917435484599,0.13650038131880912,0.1207917435484599,0.1207917435484599,0.1207917435484599,
0.12077395823069967,0.25963850973144603,0.12077395823069967,0.13649169911505557,0.12077395823069967,0.12077395823069967,0.12077395823069967,
0.12075623696730568,0.2597357715869406,0.12075623696730568,0.13648304357653124,0.12075623696730568,0.12075623696730568,0.12075623696730568,
0.12073857928778023,0.25983268903610857,0.12073857928778023,0.1364744145249904,0.12073857928778023,0.12073857928778023,0.12073857928778023,
0.12072098472683611,0.2599292645817909,0.12072098472683611,0.13646581178402858,0.12072098472683611,0.12072098472683611,0.12072098472683611,
0.12070345282431938,0.2600255006993466,0.12070345282431938,0.13645723517905647,0.12070345282431938,0.12070345282431938,0.12070345282431938,
0.12068598312513373,0.26012139983705634,0.12068598312513373,0.13644868453727493,0.12068598312513373,0.12068598312513373,0.12068598312513373,
0.12066857517916645,0.26021696441651765,0.12066857517916645,0.13644015968765,0.12066857517916645,0.12066857517916645,0.12066857517916645,
0.12065122854121545,0.260312196833034,0.12065122854121545,0.13643166046088864,0.12065122854121545,0.12065122854121545,0.12065122854121545,
0.12063394277091788,0.26040709945599594,0.12063394277091788,0.1364231866894147,0.12063394277091788,0.12063394277091788,0.12063394277091788,
0.12061671743267982,0.2605016746292557,0.12061671743267982,0.1364147382073453,0.12061671743267982,0.12061671743267982,0.12061671743267982,
0.12059955209560742,0.26059592467149495,0.12059955209560742,0.1364063148504678,0.12059955209560742,0.12059955209560742,0.12059955209560742,
0.12058244633343929,0.2606898518765863,0.12058244633343929,0.13639791645621727,0.12058244633343929,0.12058244633343929,0.12058244633343929,
0.12056539972447981,0.26078345851394735,0.12056539972447981,0.13638954286365357,0.12056539972447981,0.12056539972447981,0.12056539972447981,
0.12054841185153407,0.2608767468288897,0.12054841185153407,0.13638119391343992,0.12054841185153407,0.12054841185153407,0.12054841185153407,
0.12053148230184363,0.2609697190429608,0.12053148230184363,0.13637286944782093,0.12053148230184363,0.12053148230184363,0.12053148230184363,
0.12051461066702365,0.2610623773542799,0.12051461066702365,0.13636456931060184,0.12051461066702365,0.12051461066702365,0.12051461066702365,
0.12049779654300094,0.2611547239378684,0.12049779654300094,0.13635629334712698,0.12049779654300094,0.12049779654300094,0.12049779654300094,
0.12048103952995325,0.26124676094597404,0.12048103952995325,0.1363480414042599,0.12048103952995325,0.12048103952995325,0.12048103952995325,
0.12046433923224954,0.26133849050838953,0.12046433923224954,0.13633981333036274,0.12046433923224954,0.12046433923224954,0.12046433923224954,
0.12044769525839145,0.26142991473276594,0.12044769525839145,0.13633160897527669,0.12044769525839145,0.12044769525839145,0.12044769525839145,
0.12043110722095554,0.26152103570491975,0.12043110722095554,0.1363234281903023,0.12043110722095554,0.12043110722095554,0.12043110722095554,
0.12041457473653681,0.2616118554891357,0.12041457473653681,0.13631527082818048,0.12041457473653681,0.12041457473653681,0.12041457473653681,
0.09048793379308319,0.30988255099513,0.09048793379308319,0.2376777800394539,0.09048793379308319,0.09048793379308319,0.09048793379308319,
