
0.14285714285714285, 0.14285714285714285, 0.14285714285714285, 0.14285714285714285, 0.14285714285714285, 0.14285714285714285, 0.14285714285714285, 
0.14285714285714288, 0.14285714285714288, 0.14285714285714288, 0.14285714285714288, 0.14285714285714288, 0.14285714285714288, 0.14285714285714288, 
0.14285714285714285, 0.14285714285714285, 0.14285714285714285, 0.14285714285714285, 0.14285714285714285, 0.14285714285714285, 0.14285714285714285, 
0.14285714285714285, 0.14285714285714285, 0.14285714285714285, 0.14285714285714285, 0.14285714285714285, 0.14285714285714285, 0.14285714285714285, 
0.14285714285714288, 0.14285714285714288, 0.14285714285714288, 0.14285714285714288, 0.14285714285714288, 0.14285714285714288, 0.14285714285714288, 
0.14285714285714288, 0.14285714285714288, 0.14285714285714288, 0.14285714285714288, 0.14285714285714288, 0.14285714285714288, 0.14285714285714288, 
0.14285714285714285, 0.14285714285714285, 0.14285714285714285, 0.14285714285714285, 0.14285714285714285, 0.14285714285714285, 0.14285714285714285, 
0.14285714285714288, 0.14285714285714288, 0.14285714285714288, 0.14285714285714288, 0.14285714285714288, 0.14285714285714288, 0.14285714285714288, 
0.14285714285714285, 0.14285714285714285, 0.14285714285714285, 0.14285714285714285, 0.14285714285714285, 0.14285714285714285, 0.14285714285714285, 
0.14285714285714285, 0.14285714285714285, 0.14285714285714285, 0.14285714285714285, 0.14285714285714285, 0.14285714285714285, 0.14285714285714285, 
0.14285714285714288, 0.14285714285714288, 0.14285714285714288, 0.14285714285714288, 0.14285714285714288, 0.14285714285714288, 0.14285714285714288, 
0.14285714285714285, 0.14285714285714285, 0.14285714285714285, 0.14285714285714285, 0.14285714285714285, 0.14285714285714285, 0.14285714285714285, 
0.14285714285714285, 0.14285714285714285, 0.14285714285714285, 0.14285714285714285, 0.14285714285714285, 0.14285714285714285, 0.14285714285714285, 
0.14285714285714285, 0.14285714285714285, 0.14285714285714285, 0.14285714285714285, 0.14285714285714285, 0.14285714285714285, 0.14285714285714285, 
0.14285714285714285, 0.14285714285714285, 0.14285714285714285, 0.14285714285714285, 0.14285714285714285, 0.14285714285714285, 0.14285714285714285, 
0.14285714285714285, 0.14285714285714285, 0.14285714285714285, 0.14285714285714285, 0.14285714285714285, 0.14285714285714285, 0.14285714285714285, 
0.14285714285714288, 0.14285714285714288, 0.14285714285714288, 0.14285714285714288, 0.14285714285714288, 0.14285714285714288, 0.14285714285714288, 
0.14285714285714285, 0.14285714285714285, 0.14285714285714285, 0.14285714285714285, 0.14285714285714285, 0.14285714285714285, 0.14285714285714285, 
0.14285714285714285, 0.14285714285714285, 0.14285714285714285, 0.14285714285714285, 0.14285714285714285, 0.14285714285714285, 0.14285714285714285, 
0.14285714285714285, 0.14285714285714285, 0.14285714285714285, 0.14285714285714285, 0.14285714285714285, 0.14285714285714285, 0.14285714285714285, 
0.14285714285714282, 0.14285714285714282, 0.14285714285714282, 0.14285714285714282, 0.14285714285714282, 0.14285714285714282, 0.14285714285714282, 
0.14285714285714285, 0.14285714285714285, 0.14285714285714285, 0.14285714285714285, 0.14285714285714285, 0.14285714285714285, 0.14285714285714285, 
0.14285714285714288, 0.14285714285714288, 0.14285714285714288, 0.14285714285714288, 0.14285714285714288, 0.14285714285714288, 0.14285714285714288, 
0.14285714285714288, 0.14285714285714288, 0.14285714285714288, 0.14285714285714288, 0.14285714285714288, 0.14285714285714288, 0.14285714285714288, 
0.14285714285714285, 0.14285714285714285, 0.14285714285714285, 0.14285714285714285, 0.14285714285714285, 0.14285714285714285, 0.14285714285714285, 
0.14285714285714285, 0.14285714285714285, 0.14285714285714285, 0.14285714285714285, 0.14285714285714285, 0.14285714285714285, 0.14285714285714285, 
0.14285714285714285, 0.14285714285714285, 0.14285714285714285, 0.14285714285714285, 0.14285714285714285, 0.14285714285714285, 0.14285714285714285, 
0.14285714285714285, 0.14285714285714285, 0.14285714285714285, 0.14285714285714285, 0.14285714285714285, 0.14285714285714285, 0.14285714285714285, 
0.14285714285714288, 0.14285714285714288, 0.14285714285714288, 0.14285714285714288, 0.14285714285714288, 0.14285714285714288, 0.14285714285714288, 
0.14285714285714285, 0.14285714285714285, 0.14285714285714285, 0.14285714285714285, 0.14285714285714285, 0.14285714285714285, 0.14285714285714285, 
0.14285714285714288, 0.14285714285714288, 0.14285714285714288, 0.14285714285714288, 0.14285714285714288, 0.14285714285714288, 0.14285714285714288, 
0.14285714285714285, 0.14285714285714285, 0.14285714285714285, 0.14285714285714285, 0.14285714285714285, 0.14285714285714285, 0.14285714285714285, 
0.14285714285714285, 0.14285714285714285, 0.14285714285714285, 0.14285714285714285, 0.14285714285714285, 0.14285714285714285, 0.14285714285714285, 
0.14285714285714285, 0.14285714285714285, 0.14285714285714285, 0.14285714285714285, 0.14285714285714285, 0.14285714285714285, 0.14285714285714285, 
0.14285714285714285, 0.14285714285714285, 0.14285714285714285, 0.14285714285714285, 0.14285714285714285, 0.14285714285714285, 0.14285714285714285, 
0.14285714285714282, 0.14285714285714282, 0.14285714285714282, 0.14285714285714282, 0.14285714285714282, 0.14285714285714282, 0.14285714285714282, 
0.14285714285714288, 0.14285714285714288, 0.14285714285714288, 0.14285714285714288, 0.14285714285714288, 0.14285714285714288, 0.14285714285714288, 
0.14285714285714285, 0.14285714285714285, 0.14285714285714285, 0.14285714285714285, 0.14285714285714285, 0.14285714285714285, 0.14285714285714285, 
0.14285714285714285, 0.14285714285714285, 0.14285714285714285, 0.14285714285714285, 0.14285714285714285, 0.14285714285714285, 0.14285714285714285, 
0.14285714285714285, 0.14285714285714285, 0.14285714285714285, 0.14285714285714285, 0.14285714285714285, 0.14285714285714285, 0.14285714285714285, 
0.14285714285714285, 0.14285714285714285, 0.14285714285714285, 0.14285714285714285, 0.14285714285714285, 0.14285714285714285, 0.14285714285714285, 
0.14285714285714285, 0.14285714285714285, 0.14285714285714285, 0.14285714285714285, 0.14285714285714285, 0.14285714285714285, 0.14285714285714285, 
0.14285714285714285, 0.14285714285714285, 0.14285714285714285, 0.14285714285714285, 0.14285714285714285, 0.14285714285714285, 0.14285714285714285, 
0.14285714285714285, 0.14285714285714285, 0.14285714285714285, 0.14285714285714285, 0.14285714285714285, 0.14285714285714285, 0.14285714285714285, 
0.14285714285714285, 0.14285714285714285, 0.14285714285714285, 0.14285714285714285, 0.14285714285714285, 0.14285714285714285, 0.14285714285714285, 
0.14285714285714285, 0.14285714285714285, 0.14285714285714285, 0.14285714285714285, 0.14285714285714285, 0.14285714285714285, 0.14285714285714285, 
0.14285714285714288, 0.14285714285714288, 0.14285714285714288, 0.14285714285714288, 0.14285714285714288, 0.14285714285714288, 0.14285714285714288, 
0.14285714285714285, 0.14285714285714285, 0.14285714285714285, 0.14285714285714285, 0.14285714285714285, 0.14285714285714285, 0.14285714285714285, 
0.14285714285714285, 0.14285714285714285, 0.14285714285714285, 0.14285714285714285, 0.14285714285714285, 0.14285714285714285, 0.14285714285714285, 
0.14285714285714288, 0.14285714285714288, 0.14285714285714288, 0.14285714285714288, 0.14285714285714288, 0.14285714285714288, 0.14285714285714288, 
0.14285714285714288, 0.14285714285714288, 0.14285714285714288, 0.14285714285714288, 0.14285714285714288, 0.14285714285714288, 0.14285714285714288, 
0.14285714285714285, 0.14285714285714285, 0.14285714285714285, 0.14285714285714285, 0.14285714285714285, 0.14285714285714285, 0.14285714285714285, 
0.14285714285714285, 0.14285714285714285, 0.14285714285714285, 0.14285714285714285, 0.14285714285714285, 0.14285714285714285, 0.14285714285714285, 
0.14285714285714285, 0.14285714285714285, 0.14285714285714285, 0.14285714285714285, 0.14285714285714285, 0.14285714285714285, 0.14285714285714285, 
0.14285714285714285, 0.14285714285714285, 0.14285714285714285, 0.14285714285714285, 0.14285714285714285, 0.14285714285714285, 0.14285714285714285, 
0.14285714285714285, 0.14285714285714285, 0.14285714285714285, 0.14285714285714285, 0.14285714285714285, 0.14285714285714285, 0.14285714285714285, 
0.14285714285714288, 0.14285714285714288, 0.14285714285714288, 0.14285714285714288, 0.14285714285714288, 0.14285714285714288, 0.14285714285714288, 
0.14285714285714285, 0.14285714285714285, 0.14285714285714285, 0.14285714285714285, 0.14285714285714285, 0.14285714285714285, 0.14285714285714285, 
0.14285714285714288, 0.14285714285714288, 0.14285714285714288, 0.14285714285714288, 0.14285714285714288, 0.14285714285714288, 0.14285714285714288, 
0.14285714285714285, 0.14285714285714285, 0.14285714285714285, 0.14285714285714285, 0.14285714285714285, 0.14285714285714285, 0.14285714285714285, 
0.14285714285714285, 0.14285714285714285, 0.14285714285714285, 0.14285714285714285, 0.14285714285714285, 0.14285714285714285, 0.14285714285714285, 
0.14285714285714288, 0.14285714285714288, 0.14285714285714288, 0.14285714285714288, 0.14285714285714288, 0.14285714285714288, 0.14285714285714288, 
0.14285714285714285, 0.14285714285714285, 0.14285714285714285, 0.14285714285714285, 0.14285714285714285, 0.14285714285714285, 0.14285714285714285, 
0.14285714285714288, 0.14285714285714288, 0.14285714285714288, 0.14285714285714288, 0.14285714285714288, 0.14285714285714288, 0.14285714285714288, 
0.14285714285714288, 0.14285714285714288, 0.14285714285714288, 0.14285714285714288, 0.14285714285714288, 0.14285714285714288, 0.14285714285714288, 
0.14285714285714285, 0.14285714285714285, 0.14285714285714285, 0.14285714285714285, 0.14285714285714285, 0.14285714285714285, 0.14285714285714285, 
0.14285714285714288, 0.14285714285714288, 0.14285714285714288, 0.14285714285714288, 0.14285714285714288, 0.14285714285714288, 0.14285714285714288, 
0.14285714285714285, 0.14285714285714285, 0.14285714285714285, 0.14285714285714285, 0.14285714285714285, 0.14285714285714285, 0.14285714285714285, 
0.14285714285714285, 0.14285714285714285, 0.14285714285714285, 0.14285714285714285, 0.14285714285714285, 0.14285714285714285, 0.14285714285714285, 
0.14285714285714288, 0.14285714285714288, 0.14285714285714288, 0.14285714285714288, 0.14285714285714288, 0.14285714285714288, 0.14285714285714288, 
0.14285714285714288, 0.14285714285714288, 0.14285714285714288, 0.14285714285714288, 0.14285714285714288, 0.14285714285714288, 0.14285714285714288, 
0.14285714285714285, 0.14285714285714285, 0.14285714285714285, 0.14285714285714285, 0.14285714285714285, 0.14285714285714285, 0.14285714285714285, 
0.14285714285714288, 0.14285714285714288, 0.14285714285714288, 0.14285714285714288, 0.14285714285714288, 0.14285714285714288, 0.14285714285714288, 
0.14285714285714288, 0.14285714285714288, 0.14285714285714288, 0.14285714285714288, 0.14285714285714288, 0.14285714285714288, 0.14285714285714288, 
0.14285714285714285, 0.14285714285714285, 0.14285714285714285, 0.14285714285714285, 0.14285714285714285, 0.14285714285714285, 0.14285714285714285, 
0.14285714285714285, 0.14285714285714285, 0.14285714285714285, 0.14285714285714285, 0.14285714285714285, 0.14285714285714285, 0.14285714285714285, 
0.14285714285714285, 0.14285714285714285, 0.14285714285714285, 0.14285714285714285, 0.14285714285714285, 0.14285714285714285, 0.14285714285714285, 
0.14285714285714285, 0.14285714285714285, 0.14285714285714285, 0.14285714285714285, 0.14285714285714285, 0.14285714285714285, 0.14285714285714285, 
0.14285714285714288, 0.14285714285714288, 0.14285714285714288, 0.14285714285714288, 0.14285714285714288, 0.14285714285714288, 0.14285714285714288, 
0.14285714285714282, 0.14285714285714282, 0.14285714285714282, 0.14285714285714282, 0.14285714285714282, 0.14285714285714282, 0.14285714285714282, 
0.14285714285714288, 0.14285714285714288, 0.14285714285714288, 0.14285714285714288, 0.14285714285714288, 0.14285714285714288, 0.14285714285714288, 
0.14285714285714282, 0.14285714285714282, 0.14285714285714282, 0.14285714285714282, 0.14285714285714282, 0.14285714285714282, 0.14285714285714282, 
0.14285714285714285, 0.14285714285714285, 0.14285714285714285, 0.14285714285714285, 0.14285714285714285, 0.14285714285714285, 0.14285714285714285, 
0.13300740576158301, 0.16729773501889195, 0.13300740576158301, 0.16766523617319298, 0.13300740576158301, 0.13300740576158301, 0.13300740576158301, 
0.13377182383398803, 0.16543540243721908, 0.13377182383398803, 0.16570547839284094, 0.13377182383398803, 0.13377182383398803, 0.13377182383398803, 
0.13217337127613524, 0.16941584317868738, 0.13217337127613524, 0.16971730044063651, 0.13217337127613524, 0.13217337127613524, 0.13217337127613524, 
0.13249634689519227, 0.16853163543837318, 0.13249634689519227, 0.16898663008566533, 0.13249634689519227, 0.13249634689519227, 0.13249634689519227, 
0.13289818013212887, 0.1675616154469447, 0.13289818013212887, 0.1679474838924111, 0.13289818013212887, 0.13289818013212887, 0.13289818013212887, 
0.13064882341460887, 0.17310102519284004, 0.13064882341460887, 0.1736548577341154, 0.13064882341460887, 0.13064882341460887, 0.13064882341460887, 
0.13270647766172344, 0.1680213164092587, 0.13270647766172344, 0.16844629528212426, 0.13270647766172344, 0.13270647766172344, 0.13270647766172344, 
0.13157299804919545, 0.17088033687114831, 0.13157299804919545, 0.17125467288287433, 0.13157299804919545, 0.13157299804919545, 0.13157299804919545, 
0.13292994661420954, 0.16748006288401981, 0.13292994661420954, 0.16787020404493266, 0.13292994661420954, 0.13292994661420954, 0.13292994661420954, 
0.13235075309688138, 0.16893495079931245, 0.13235075309688138, 0.1693112837162807, 0.13235075309688138, 0.13235075309688138, 0.13235075309688138, 
0.13094310841187742, 0.17240665806673153, 0.13094310841187742, 0.17287779987388135, 0.13094310841187742, 0.13094310841187742, 0.13094310841187742, 
0.13233289799190873, 0.16899687473567016, 0.13233289799190873, 0.16933863530478613, 0.13233289799190873, 0.13233289799190873, 0.13233289799190873, 
0.13371326368386954, 0.16555429916794, 0.13371326368386954, 0.16587938241271236, 0.13371326368386954, 0.13371326368386954, 0.13371326368386954, 
0.12933667977954402, 0.17639355653104474, 0.12933667977954402, 0.17692304457123514, 0.12933667977954402, 0.12933667977954402, 0.12933667977954402, 
0.13014096895281643, 0.17439870713678904, 0.13014096895281643, 0.17489644809912896, 0.13014096895281643, 0.13014096895281643, 0.13014096895281643, 
0.1325312075235347, 0.16852463079491503, 0.1325312075235347, 0.16881933158741141, 0.1325312075235347, 0.1325312075235347, 0.1325312075235347, 
0.12980419630194126, 0.17517631922645696, 0.12980419630194126, 0.17580269926383693, 0.12980419630194126, 0.12980419630194126, 0.12980419630194126, 
0.13175012892469365, 0.17041797735387884, 0.13175012892469365, 0.17083137802265289, 0.13175012892469365, 0.13175012892469365, 0.13175012892469365, 
0.13257448713309727, 0.16835250043620292, 0.13257448713309727, 0.1687750638983108, 0.13257448713309727, 0.13257448713309727, 0.13257448713309727, 
0.13286476562631647, 0.16765112163956802, 0.13286476562631647, 0.1680250502288496, 0.13286476562631647, 0.13286476562631647, 0.13286476562631647, 
0.1327365803526275, 0.1679518016108416, 0.1327365803526275, 0.16836529662602065, 0.1327365803526275, 0.1327365803526275, 0.1327365803526275, 
0.13156351210963377, 0.17081606244474243, 0.13156351210963377, 0.17136637700708868, 0.13156351210963377, 0.13156351210963377, 0.13156351210963377, 
0.13211801157699363, 0.16949888819448622, 0.13211801157699363, 0.16991105392054578, 0.13211801157699363, 0.13211801157699363, 0.13211801157699363, 
0.13136340260727986, 0.17134644527079745, 0.13136340260727986, 0.1718365416928033, 0.13136340260727986, 0.13136340260727986, 0.13136340260727986, 
0.13067108561440394, 0.17312475245796138, 0.13067108561440394, 0.17351981947001882, 0.13067108561440394, 0.13067108561440394, 0.13067108561440394, 
0.1324092338556057, 0.16880123338818098, 0.1324092338556057, 0.1691525973337907, 0.1324092338556057, 0.1324092338556057, 0.1324092338556057, 
0.13243549179972322, 0.16868530877690754, 0.13243549179972322, 0.1691372322244764, 0.13243549179972322, 0.13243549179972322, 0.13243549179972322, 
0.1324266510817876, 0.16872837156487977, 0.1324266510817876, 0.1691383730261822, 0.1324266510817876, 0.1324266510817876, 0.1324266510817876, 
0.13328703528612995, 0.16664620066719352, 0.13328703528612995, 0.16691862290215662, 0.13328703528612995, 0.13328703528612995, 0.13328703528612995, 
0.13167777071041759, 0.17064051114126158, 0.13167777071041759, 0.17097063530665044, 0.13167777071041759, 0.13167777071041759, 0.13167777071041759, 
0.12986989362114482, 0.17511387350665916, 0.12986989362114482, 0.17553665838761648, 0.12986989362114482, 0.12986989362114482, 0.12986989362114482, 
0.1316771760804323, 0.17065160222219547, 0.1316771760804323, 0.1709625173756431, 0.1316771760804323, 0.1316771760804323, 0.1316771760804323, 
0.1300761446445302, 0.17453002397161593, 0.1300761446445302, 0.1750892528057329, 0.1300761446445302, 0.1300761446445302, 0.1300761446445302, 
0.13144851090785573, 0.1711224609419049, 0.13144851090785573, 0.17163498451881634, 0.13144851090785573, 0.13144851090785573, 0.13144851090785573, 
0.13229142136414723, 0.16912998806717114, 0.13229142136414723, 0.16941290511209264, 0.13229142136414723, 0.13229142136414723, 0.13229142136414723, 
0.13091683873181206, 0.1724799513962576, 0.13091683873181206, 0.17293585494468217, 0.13091683873181206, 0.13091683873181206, 0.13091683873181206, 
0.13065153202252575, 0.17323205006826847, 0.13065153202252575, 0.173510289819103, 0.13065153202252575, 0.13065153202252575, 0.13065153202252575, 
0.13274259207399672, 0.1679552311489689, 0.13274259207399672, 0.16833180848104765, 0.13274259207399672, 0.13274259207399672, 0.13274259207399672, 
0.1314920914800368, 0.17104334046189157, 0.1314920914800368, 0.17149620213792435, 0.1314920914800368, 0.1314920914800368, 0.1314920914800368, 
0.13344342621289615, 0.1662395604701752, 0.13344342621289615, 0.16654330846534407, 0.13344342621289615, 0.13344342621289615, 0.13344342621289615, 
0.13275214992073958, 0.16810912982911427, 0.13275214992073958, 0.16813012056718765, 0.13275214992073958, 0.13275214992073958, 0.13275214992073958, 
0.1325664205326685, 0.16834652969439123, 0.1325664205326685, 0.16882136764226624, 0.1325664205326685, 0.1325664205326685, 0.1325664205326685, 
0.13254970874797284, 0.16848613013621594, 0.13254970874797284, 0.16876532612392003, 0.13254970874797284, 0.13254970874797284, 0.13254970874797284, 
0.13310395635357858, 0.16705729016628174, 0.13310395635357858, 0.1674229280658252, 0.13310395635357858, 0.13310395635357858, 0.13310395635357858, 
0.1325647648012151, 0.16857809885850691, 0.1325647648012151, 0.16859807713541755, 0.1325647648012151, 0.1325647648012151, 0.1325647648012151, 
0.1320570587948957, 0.16965680437497518, 0.1320570587948957, 0.17005790165054635, 0.1320570587948957, 0.1320570587948957, 0.1320570587948957, 
0.13037389552049197, 0.17387088902110223, 0.13037389552049197, 0.1742596333764381, 0.13037389552049197, 0.13037389552049197, 0.13037389552049197, 
0.13238339284290135, 0.16882888860158135, 0.13238339284290135, 0.16925414718391182, 0.13238339284290135, 0.13238339284290135, 0.13238339284290135, 
0.13107406320416473, 0.17208316909017263, 0.13107406320416473, 0.17254651488900372, 0.13107406320416473, 0.13107406320416473, 0.13107406320416473, 
0.13347918615863028, 0.1661075031920975, 0.13347918615863028, 0.16649656601475116, 0.13347918615863028, 0.13347918615863028, 0.13347918615863028, 
0.1313073921252073, 0.17151827568430278, 0.1313073921252073, 0.17194476368966088, 0.1313073921252073, 0.1313073921252073, 0.1313073921252073, 
0.13006961883567159, 0.17451990012536958, 0.13006961883567159, 0.17513200569627266, 0.13006961883567159, 0.13006961883567159, 0.13006961883567159, 
0.12912857914682774, 0.17684673953015945, 0.12912857914682774, 0.17751036473570192, 0.12912857914682774, 0.12912857914682774, 0.12912857914682774, 
0.1299749858279868, 0.17484131944092587, 0.1299749858279868, 0.17528375141914024, 0.1299749858279868, 0.1299749858279868, 0.1299749858279868, 
0.13218312575957392, 0.1693610608129683, 0.13218312575957392, 0.16972331038916186, 0.13218312575957392, 0.13218312575957392, 0.13218312575957392, 
0.130326016901798, 0.1739219212698032, 0.130326016901798, 0.1744479942212068, 0.130326016901798, 0.130326016901798, 0.130326016901798, 
0.13225895605534982, 0.1691569235701585, 0.13225895605534982, 0.1695482961530923, 0.13225895605534982, 0.13225895605534982, 0.13225895605534982, 
0.13157535363021225, 0.17088579499620873, 0.13157535363021225, 0.17123743685272988, 0.13157535363021225, 0.13157535363021225, 0.13157535363021225, 
0.13180725081268707, 0.17028843359133555, 0.13180725081268707, 0.1706753123452291, 0.13180725081268707, 0.13180725081268707, 0.13180725081268707, 
0.13202962719726744, 0.1697410640955697, 0.13202962719726744, 0.17011079991809303, 0.13202962719726744, 0.13202962719726744, 0.13202962719726744, 
0.13177962343779534, 0.17030279180883703, 0.13177962343779534, 0.17079909100218627, 0.13177962343779534, 0.13177962343779534, 0.13177962343779534, 
0.13063819560961165, 0.17316593710026415, 0.13063819560961165, 0.17364308485167768, 0.13063819560961165, 0.13063819560961165, 0.13063819560961165, 
0.13152058429390565, 0.17098021847397096, 0.13152058429390565, 0.17141686005650086, 0.13152058429390565, 0.13152058429390565, 0.13152058429390565, 
0.13279204942829181, 0.16790345361406714, 0.13279204942829181, 0.1681362992444738, 0.13279204942829181, 0.13279204942829181, 0.13279204942829181, 
0.13185140194417658, 0.17016718576488937, 0.13185140194417658, 0.17057580451422796, 0.13185140194417658, 0.13185140194417658, 0.13185140194417658, 
0.13357766499736717, 0.16590087922525432, 0.13357766499736717, 0.16621079578790995, 0.13357766499736717, 0.13357766499736717, 0.13357766499736717, 
0.13140438596527093, 0.17125533101913307, 0.13140438596527093, 0.1717227391545124, 0.13140438596527093, 0.13140438596527093, 0.13140438596527093, 
0.13205053719476678, 0.1696532491236867, 0.13205053719476678, 0.17009406490247936, 0.13205053719476678, 0.13205053719476678, 0.13205053719476678, 
0.13238905805223414, 0.16882373187555424, 0.13238905805223414, 0.16923097786327523, 0.13238905805223414, 0.13238905805223414, 0.13238905805223414, 
0.13171463164321282, 0.1704958511449112, 0.13171463164321282, 0.1709309906390247, 0.13171463164321282, 0.13171463164321282, 0.13171463164321282, 
0.1299984670789986, 0.17470734852214395, 0.1299984670789986, 0.175300316082863, 0.1299984670789986, 0.1299984670789986, 0.1299984670789986, 
0.13308581481508727, 0.16713515429504316, 0.13308581481508727, 0.16743577162952036, 0.13308581481508727, 0.13308581481508727, 0.13308581481508727, 
0.13165107271662152, 0.17063214575309432, 0.13165107271662152, 0.17111249066379802, 0.13165107271662152, 0.13165107271662152, 0.13165107271662152, 
0.13044584460493283, 0.17366149544710968, 0.13044584460493283, 0.1741092815282262, 0.13044584460493283, 0.13044584460493283, 0.13044584460493283, 
0.13094537836272338, 0.17239218450267849, 0.13094537836272338, 0.17288092368370464, 0.13094537836272338, 0.13094537836272338, 0.13094537836272338, 
0.12790162171105565, 0.1799397321878333, 0.12790162171105565, 0.18055215925688842, 0.12790162171105565, 0.12790162171105565, 0.12790162171105565, 
0.1326073067737111, 0.16828755095575582, 0.1326073067737111, 0.16867591517568883, 0.1326073067737111, 0.1326073067737111, 0.1326073067737111, 
0.13194674712848792, 0.16991631302612284, 0.13194674712848792, 0.17034995133143774, 0.13194674712848792, 0.13194674712848792, 0.13194674712848792, 
0.1305811950193579, 0.1732816677767059, 0.1305811950193579, 0.17381235712650478, 0.1305811950193579, 0.1305811950193579, 0.1305811950193579, 
0.13182889423654154, 0.1702814600934798, 0.13182889423654154, 0.17057406872381253, 0.13182889423654154, 0.13182889423654154, 0.13182889423654154, 
0.13102827809690482, 0.1722119729194597, 0.13102827809690482, 0.1726466365960162, 0.13102827809690482, 0.13102827809690482, 0.13102827809690482, 
0.1320716622212713, 0.16962621278272413, 0.1320716622212713, 0.1700154761109194, 0.1320716622212713, 0.1320716622212713, 0.1320716622212713, 
0.13250332141281343, 0.16856227870358417, 0.13250332141281343, 0.16892111423234857, 0.13250332141281343, 0.13250332141281343, 0.13250332141281343, 
0.13186641864989, 0.17016750100586023, 0.13186641864989, 0.17050040574468975, 0.13186641864989, 0.13186641864989, 0.13186641864989, 
0.13105840092604418, 0.172127545107823, 0.13105840092604418, 0.17258045026195612, 0.13105840092604418, 0.13105840092604418, 0.13105840092604418, 
0.1307456045572415, 0.17286398365582453, 0.1307456045572415, 0.17340799355796815, 0.1307456045572415, 0.1307456045572415, 0.1307456045572415, 
0.13030663033538695, 0.17404128982915412, 0.13030663033538695, 0.174425558493911, 0.13030663033538695, 0.13030663033538695, 0.13030663033538695, 
0.12999737330924008, 0.1747650644327836, 0.12999737330924008, 0.17524806902101608, 0.12999737330924008, 0.12999737330924008, 0.12999737330924008, 
0.13417599023618224, 0.1643983685189549, 0.13417599023618224, 0.16472168030013387, 0.13417599023618224, 0.13417599023618224, 0.13417599023618224, 
0.1318733823267966, 0.17011225115837653, 0.1318733823267966, 0.17052083720764047, 0.1318733823267966, 0.1318733823267966, 0.1318733823267966, 
0.1331541702274187, 0.16699718341657413, 0.1331541702274187, 0.1672319654463323, 0.1331541702274187, 0.1331541702274187, 0.1331541702274187, 
0.13134796746884725, 0.1714306355292981, 0.13134796746884725, 0.17182952712646565, 0.13134796746884725, 0.13134796746884725, 0.13134796746884725, 
0.13006496609583523, 0.17458286902860778, 0.13006496609583523, 0.175092300492216, 0.13006496609583523, 0.13006496609583523, 0.13006496609583523, 
0.13305456609179042, 0.16717401798406328, 0.13305456609179042, 0.1675531515569846, 0.13305456609179042, 0.13305456609179042, 0.13305456609179042, 
0.12973965466504644, 0.17534036365978642, 0.12973965466504644, 0.17596136301498144, 0.12973965466504644, 0.12973965466504644, 0.12973965466504644, 
0.12839812318744992, 0.17872211250838851, 0.12839812318744992, 0.17928727155436205, 0.12839812318744992, 0.12839812318744992, 0.12839812318744992, 
0.13184988433463493, 0.17017377670282005, 0.13184988433463493, 0.1705768016240055, 0.13184988433463493, 0.13184988433463493, 0.13184988433463493, 
0.13158275420449336, 0.17083829454764374, 0.13158275420449336, 0.1712479344298895, 0.13158275420449336, 0.13158275420449336, 0.13158275420449336, 
0.13219331606785328, 0.169303159447756, 0.13219331606785328, 0.16973026021297763, 0.13219331606785328, 0.13219331606785328, 0.13219331606785328, 
0.1317785521244103, 0.1703669491921666, 0.1317785521244103, 0.17074029018578205, 0.1317785521244103, 0.1317785521244103, 0.1317785521244103, 
0.13075177111401862, 0.1728708431135787, 0.13075177111401862, 0.17337030131632838, 0.13075177111401862, 0.13075177111401862, 0.13075177111401862, 
0.13098819449514573, 0.17236095263224568, 0.13098819449514573, 0.17269807489202554, 0.13098819449514573, 0.13098819449514573, 0.13098819449514573, 
0.1315286187255838, 0.17098357977154097, 0.1315286187255838, 0.17137332660054014, 0.1315286187255838, 0.1315286187255838, 0.1315286187255838, 
0.13062789146831327, 0.17316721317070558, 0.13062789146831327, 0.1736933294877281, 0.13062789146831327, 0.13062789146831327, 0.13062789146831327, 
0.13158374419343996, 0.1708259927195626, 0.13158374419343996, 0.1712552863132375, 0.13158374419343996, 0.13158374419343996, 0.13158374419343996, 
0.13096340780892765, 0.17241602715535942, 0.13096340780892765, 0.1727669338000023, 0.13096340780892765, 0.13096340780892765, 0.13096340780892765, 
0.13119957239823468, 0.17187523175110256, 0.13119957239823468, 0.1721269062577238, 0.13119957239823468, 0.13119957239823468, 0.13119957239823468, 
0.13315530254399752, 0.16695807711040583, 0.13315530254399752, 0.16726541016960672, 0.13315530254399752, 0.13315530254399752, 0.13315530254399752, 
0.13225358998255943, 0.169202250302769, 0.13225358998255943, 0.16952979978443375, 0.13225358998255943, 0.13225358998255943, 0.13225358998255943, 
0.1332500145672664, 0.16678526361405266, 0.1332500145672664, 0.16696466354961542, 0.1332500145672664, 0.1332500145672664, 0.1332500145672664, 
0.13342554677458068, 0.16629538140395192, 0.13342554677458068, 0.16657688472314475, 0.13342554677458068, 0.13342554677458068, 0.13342554677458068, 
0.12917177437044322, 0.17676336259810688, 0.12917177437044322, 0.17737776554967702, 0.12917177437044322, 0.12917177437044322, 0.12917177437044322, 
0.13282047077052633, 0.16777000250242144, 0.13282047077052633, 0.16812764364494676, 0.13282047077052633, 0.13282047077052633, 0.13282047077052633, 
0.1320560331559374, 0.16975356365203992, 0.1320560331559374, 0.16996627056827318, 0.1320560331559374, 0.1320560331559374, 0.1320560331559374, 
0.13174442949678775, 0.17044540215975945, 0.13174442949678775, 0.17083245035630173, 0.13174442949678775, 0.13174442949678775, 0.13174442949678775, 
0.13265066480486287, 0.16819000932868314, 0.13265066480486287, 0.16855666664700253, 0.13265066480486287, 0.13265066480486287, 0.13265066480486287, 
0.1340671609371771, 0.1647173520948554, 0.1340671609371771, 0.16494684321925884, 0.1340671609371771, 0.1340671609371771, 0.1340671609371771, 
0.13357609506170703, 0.16592035642579536, 0.13357609506170703, 0.16619916826566947, 0.13357609506170703, 0.13357609506170703, 0.13357609506170703, 
0.13199564665346777, 0.1698451826945179, 0.13199564665346777, 0.17017658403814326, 0.13199564665346777, 0.13199564665346777, 0.13199564665346777, 
0.13190348793602327, 0.17005109420839223, 0.13190348793602327, 0.17043146611149146, 0.13190348793602327, 0.13190348793602327, 0.13190348793602327, 
0.13181204751309666, 0.17028519209030166, 0.13181204751309666, 0.1706545703442149, 0.13181204751309666, 0.13181204751309666, 0.13181204751309666, 
0.13193754588270615, 0.17001154909475596, 0.13193754588270615, 0.17030072149171332, 0.13193754588270615, 0.13193754588270615, 0.13193754588270615, 
0.1284415281154733, 0.1785739322467878, 0.1284415281154733, 0.1792184271758458, 0.1284415281154733, 0.1284415281154733, 0.1284415281154733, 
0.12954897597195855, 0.17584079533091507, 0.12954897597195855, 0.1764143248092923, 0.12954897597195855, 0.12954897597195855, 0.12954897597195855, 
0.12904773184589302, 0.17714861103960267, 0.12904773184589302, 0.17761272973093223, 0.12904773184589302, 0.12904773184589302, 0.12904773184589302, 
0.13108711524504746, 0.17204780391236638, 0.13108711524504746, 0.17251661986239625, 0.13108711524504746, 0.13108711524504746, 0.13108711524504746, 
0.13138706508081452, 0.17137395030875036, 0.13138706508081452, 0.17169072428717716, 0.13138706508081452, 0.13138706508081452, 0.13138706508081452, 
0.1314749300016346, 0.17115151814184956, 0.1314749300016346, 0.17147383184997736, 0.1314749300016346, 0.1314749300016346, 0.1314749300016346, 
0.1318283805973355, 0.17021302153604653, 0.1318283805973355, 0.1706450754772759, 0.1318283805973355, 0.1318283805973355, 0.1318283805973355, 
0.12851447724228904, 0.17838282088467738, 0.12851447724228904, 0.1790447929038775, 0.12851447724228904, 0.12851447724228904, 0.12851447724228904, 
0.12884308974972028, 0.17758055761324135, 0.12884308974972028, 0.1782039936381574, 0.12884308974972028, 0.12884308974972028, 0.12884308974972028, 
0.13356659803466495, 0.16592111423372466, 0.13356659803466495, 0.16624589559295075, 0.13356659803466495, 0.13356659803466495, 0.13356659803466495, 
0.1330083593620469, 0.16728217589041977, 0.1330083593620469, 0.16767602729934558, 0.1330083593620469, 0.1330083593620469, 0.1330083593620469, 
0.12914908465043226, 0.17689564919372508, 0.12914908465043226, 0.1773589275541137, 0.12914908465043226, 0.12914908465043226, 0.12914908465043226, 
0.13180329830851206, 0.17030987494039676, 0.13180329830851206, 0.1706736335170431, 0.13180329830851206, 0.13180329830851206, 0.13180329830851206, 
0.132320783214349, 0.16901358919771023, 0.132320783214349, 0.16938249473054456, 0.132320783214349, 0.132320783214349, 0.132320783214349, 
0.1309774787253944, 0.17233035878052852, 0.1309774787253944, 0.17278224759249966, 0.1309774787253944, 0.1309774787253944, 0.1309774787253944, 
0.13063353321290475, 0.17321881591344596, 0.13063353321290475, 0.1736135180220302, 0.13063353321290475, 0.13063353321290475, 0.13063353321290475, 
0.1312720311957208, 0.17157630970918258, 0.1312720311957208, 0.17206353431221327, 0.1312720311957208, 0.1312720311957208, 0.1312720311957208, 
0.1309326032984565, 0.17245909832738188, 0.1309326032984565, 0.1728778851803356, 0.1309326032984565, 0.1309326032984565, 0.1309326032984565, 
0.13089207808607928, 0.17298176283308875, 0.13089207808607928, 0.17255784673651484, 0.13089207808607928, 0.13089207808607928, 0.13089207808607928, 
0.1300381020662582, 0.17516215202021948, 0.1300381020662582, 0.1746473376484896, 0.1300381020662582, 0.1300381020662582, 0.1300381020662582, 
0.13004668955405135, 0.17505961608558784, 0.13004668955405135, 0.17470693614415536, 0.13004668955405135, 0.13004668955405135, 0.13004668955405135, 
0.12988755095659868, 0.17545529960875444, 0.12988755095659868, 0.17510694560825224, 0.12988755095659868, 0.12988755095659868, 0.12988755095659868, 
0.1292964225008157, 0.1769374167166074, 0.1292964225008157, 0.17658047077931407, 0.1292964225008157, 0.1292964225008157, 0.1292964225008157, 
0.1303169405059709, 0.17450776895296194, 0.1303169405059709, 0.17390752851718363, 0.1303169405059709, 0.1303169405059709, 0.1303169405059709, 
0.12969460864502383, 0.1759857170187602, 0.12969460864502383, 0.17554123975612076, 0.12969460864502383, 0.12969460864502383, 0.12969460864502383, 
0.13214246485535158, 0.16969515564774482, 0.13214246485535158, 0.1695925200754974, 0.13214246485535158, 0.13214246485535158, 0.13214246485535158, 
0.13097804432179094, 0.17274048184577812, 0.13097804432179094, 0.17236929654526717, 0.13097804432179094, 0.13097804432179094, 0.13097804432179094, 
0.131796289328135, 0.17068959596904304, 0.131796289328135, 0.17032895739028173, 0.131796289328135, 0.131796289328135, 0.131796289328135, 
0.1325746364566053, 0.16878224214798582, 0.1325746364566053, 0.16834457556898777, 0.1325746364566053, 0.1325746364566053, 0.1325746364566053, 
0.1303996299082519, 0.17421878978102368, 0.1303996299082519, 0.17378306067771693, 0.1303996299082519, 0.1303996299082519, 0.1303996299082519, 
0.13119930999114737, 0.17215009270492806, 0.13119930999114737, 0.17185335733933496, 0.13119930999114737, 0.13119930999114737, 0.13119930999114737, 
0.13265084751394216, 0.16855494545723165, 0.13265084751394216, 0.16819081697305757, 0.13265084751394216, 0.13265084751394216, 0.13265084751394216, 
0.13069697776807498, 0.17342070431980142, 0.13069697776807498, 0.1730944068398237, 0.13069697776807498, 0.13069697776807498, 0.13069697776807498, 
0.13018511708559766, 0.17475019949412474, 0.13018511708559766, 0.17432421507788698, 0.13018511708559766, 0.13018511708559766, 0.13018511708559766, 
0.13188255744684482, 0.17042186773637438, 0.13188255744684482, 0.1701653450294016, 0.13188255744684482, 0.13188255744684482, 0.13188255744684482, 
0.1323594945116937, 0.16927312759715216, 0.1323594945116937, 0.1689293998443793, 0.1323594945116937, 0.1323594945116937, 0.1323594945116937, 
0.13195311243073662, 0.17024066504407, 0.13195311243073662, 0.16999377280224687, 0.13195311243073662, 0.13195311243073662, 0.13195311243073662, 
0.13281674883539782, 0.16812339628914474, 0.13281674883539782, 0.16779285953386625, 0.13281674883539782, 0.13281674883539782, 0.13281674883539782, 
0.13357815317398875, 0.16621189064228217, 0.13357815317398875, 0.1658973434877741, 0.13357815317398875, 0.13357815317398875, 0.13357815317398875, 
0.1332249395661568, 0.1670257536221511, 0.1332249395661568, 0.16684954854706505, 0.1332249395661568, 0.1332249395661568, 0.1332249395661568, 
0.13263804635300497, 0.16858061175379616, 0.13263804635300497, 0.168229156481179, 0.13263804635300497, 0.13263804635300497, 0.13263804635300497, 
0.13098364575839586, 0.17271298719167746, 0.13098364575839586, 0.17236878401634342, 0.13098364575839586, 0.13098364575839586, 0.13098364575839586, 
0.13187244246703395, 0.17047882047771706, 0.13187244246703395, 0.17015896718711315, 0.13187244246703395, 0.13187244246703395, 0.13187244246703395, 
0.13156186014545945, 0.17123257217954682, 0.13156186014545945, 0.170958127093156, 0.13156186014545945, 0.13156186014545945, 0.13156186014545945, 
0.13262896133385468, 0.16861980370517113, 0.13262896133385468, 0.16823538962555537, 0.13262896133385468, 0.13262896133385468, 0.13262896133385468, 
0.13221745114484176, 0.16966531555736128, 0.13221745114484176, 0.16924742871842977, 0.13221745114484176, 0.13221745114484176, 0.13221745114484176, 
0.12976900405324784, 0.17580640359420696, 0.12976900405324784, 0.17534857613955387, 0.12976900405324784, 0.12976900405324784, 0.12976900405324784, 
0.12726257578649958, 0.18206828815478307, 0.12726257578649958, 0.18161883291271902, 0.12726257578649958, 0.12726257578649958, 0.12726257578649958, 
0.12840680529668422, 0.17917671814802666, 0.12840680529668422, 0.17878925536855214, 0.12840680529668422, 0.12840680529668422, 0.12840680529668422, 
0.13306959640210914, 0.16749854726458363, 0.13306959640210914, 0.16715347072487063, 0.13306959640210914, 0.13306959640210914, 0.13306959640210914, 
0.12991439615227687, 0.1755216148932875, 0.12991439615227687, 0.17490640434532828, 0.12991439615227687, 0.12991439615227687, 0.12991439615227687, 
0.13293190790455683, 0.16787680678171563, 0.13293190790455683, 0.16746365369550018, 0.13293190790455683, 0.13293190790455683, 0.13293190790455683, 
0.13157360497370021, 0.17125686664538148, 0.13157360497370021, 0.17087510848611748, 0.13157360497370021, 0.13157360497370021, 0.13157360497370021, 
0.1328283207679584, 0.16798678397089672, 0.1328283207679584, 0.16787161218931126, 0.1328283207679584, 0.1328283207679584, 0.1328283207679584, 
0.12929680512399447, 0.1768892293365333, 0.12929680512399447, 0.17662674504349435, 0.12929680512399447, 0.12929680512399447, 0.12929680512399447, 
0.1310530070159095, 0.17268282220002618, 0.1310530070159095, 0.1720521427204264, 0.1310530070159095, 0.1310530070159095, 0.1310530070159095, 
0.1311926743707637, 0.17218286615493947, 0.1311926743707637, 0.17185376199124214, 0.1311926743707637, 0.1311926743707637, 0.1311926743707637, 
0.1299306286814707, 0.17526950612106912, 0.1299306286814707, 0.17507735047157746, 0.1299306286814707, 0.1299306286814707, 0.1299306286814707, 
0.13170367864491025, 0.1709132624171428, 0.13170367864491025, 0.17056834435830612, 0.13170367864491025, 0.13170367864491025, 0.13170367864491025, 
0.13155864162698808, 0.17122200553825895, 0.13155864162698808, 0.17098478632680067, 0.13155864162698808, 0.13155864162698808, 0.13155864162698808, 
0.1291015770322308, 0.17760164948993182, 0.1291015770322308, 0.17689046534891406, 0.1291015770322308, 0.1291015770322308, 0.1291015770322308, 
0.12984860690173436, 0.1756205594212838, 0.12984860690173436, 0.17513640607004427, 0.12984860690173436, 0.12984860690173436, 0.12984860690173436, 
0.12883402183500486, 0.17832576572201989, 0.12883402183500486, 0.17750412510295588, 0.12883402183500486, 0.12883402183500486, 0.12883402183500486, 
0.1318047870244951, 0.1707524862614175, 0.1318047870244951, 0.17022357861610696, 0.1318047870244951, 0.1318047870244951, 0.1318047870244951, 
0.12827451112478308, 0.17963778245196182, 0.12827451112478308, 0.1789896619241227, 0.12827451112478308, 0.12827451112478308, 0.12827451112478308, 
0.12980677286952758, 0.17573426353768742, 0.12980677286952758, 0.17523187211467467, 0.12980677286952758, 0.12980677286952758, 0.12980677286952758, 
0.12990514764932642, 0.1755580340086923, 0.12990514764932642, 0.17491622774467538, 0.12990514764932642, 0.12990514764932642, 0.12990514764932642, 
