
0.15296590696583034, 0.15255035697742944, 0.14089759609025704, 0.15042536011367844, 0.12226084777729233, 0.15863908429822002, 0.12226084777729233, 
0.1643044523261794, 0.16382190922891318, 0.13820207719075253, 0.17104809197068474, 0.09344389924357131, 0.17573567079632743, 0.09344389924357131, 
0.16468506437586142, 0.14380624968460187, 0.14106380608307903, 0.1644243265976906, 0.11552753532254181, 0.15496548261368337, 0.11552753532254181, 
0.16388186870638335, 0.15228185123802232, 0.13875879035414437, 0.15989006452623228, 0.11111707959554903, 0.16295326598411963, 0.11111707959554903, 
0.17617290915459075, 0.15016842328703128, 0.14663347508500355, 0.16901593385875122, 0.10061420106859528, 0.1567808564774326, 0.10061420106859528, 
0.18206575450558235, 0.14073698108330623, 0.14506163777982653, 0.1657243190214851, 0.10867792102787502, 0.14905546555404958, 0.10867792102787502, 
0.18632327951299948, 0.14124218838673375, 0.1495753927076439, 0.16812374896900154, 0.10363667049042523, 0.14746204944277083, 0.10363667049042523, 
0.17335431690716213, 0.1521617319290582, 0.1320165712540624, 0.14374349771244807, 0.12006601737545175, 0.15859184744636567, 0.12006601737545175, 
0.16305216047817017, 0.162397976092475, 0.14403101876089758, 0.1532655445597402, 0.1029361035610654, 0.17138109298658635, 0.1029361035610654, 
0.1566584811465235, 0.16220525142774975, 0.137427552372743, 0.1766413272908992, 0.09438559633634995, 0.17829619508938452, 0.09438559633634995, 
0.1613855553474092, 0.1575453752986142, 0.1419527653015552, 0.1771300306227231, 0.09541035048437707, 0.17116557246094427, 0.09541035048437707, 
0.17741231778926314, 0.13939931194149158, 0.1440605707611454, 0.1445126474655524, 0.12621437047925316, 0.142186411084041, 0.12621437047925316, 
0.17679717031255968, 0.15924010718320675, 0.1422912235618976, 0.17062322982753145, 0.08881161918869711, 0.1734250307374105, 0.08881161918869711, 
0.1649479805555247, 0.1607073285693464, 0.1472922942251776, 0.16440862896127054, 0.09584079147668903, 0.1709621847353025, 0.09584079147668903, 
0.1595799636781377, 0.16064138236154757, 0.14343896038963244, 0.16996531863468015, 0.09739544956966585, 0.17158347579667046, 0.09739544956966585, 
0.176675228398473, 0.1357710955496608, 0.15320521695330253, 0.1722353163435404, 0.10781234072171192, 0.14648846131159962, 0.10781234072171192, 
0.18355841990759542, 0.14214937686542395, 0.15304178597095763, 0.16613687576485064, 0.10203847119046995, 0.15103659911023232, 0.10203847119046995, 
0.18626764673646917, 0.13336859744270227, 0.15233400469464753, 0.16612346908615797, 0.11044242821245656, 0.14102142561511002, 0.11044242821245656, 
0.19197369151415022, 0.142356779827851, 0.1612419154613016, 0.14439260793206096, 0.107954723232813, 0.14412555879901034, 0.107954723232813, 
0.17921085908684242, 0.14834743476560686, 0.1491620550686464, 0.16331894300003594, 0.10199520852273411, 0.15597029103340004, 0.10199520852273411, 
0.19345979377422481, 0.14031409571379527, 0.15978217378519996, 0.15330612283660316, 0.10369883762872235, 0.14574013863273205, 0.10369883762872235, 
0.19543096870404672, 0.12973126242904562, 0.14928606165068906, 0.16225014772757967, 0.11372999307755141, 0.13584157333353605, 0.11372999307755141, 
0.21489983225731374, 0.12176958475531437, 0.14636431634963537, 0.144719044764699, 0.12457456616997045, 0.12309808953309646, 0.12457456616997045, 
0.18782670542674249, 0.14535485651189123, 0.14765995701574952, 0.14888550407248938, 0.10960636304142794, 0.15106025089027145, 0.10960636304142794, 
0.16682132495384722, 0.15949447199690348, 0.14098708872230378, 0.17767434955290345, 0.09093366631002602, 0.17315543215399012, 0.09093366631002602, 
0.17331798857390654, 0.13760606726939711, 0.15300574995292304, 0.16670966989711672, 0.11194824184474565, 0.1454640406171652, 0.11194824184474565, 
0.17329279805181413, 0.15089440298755766, 0.14725129511467633, 0.1722555344590927, 0.09701998069354816, 0.16226600799976293, 0.09701998069354816, 
0.17688299538387806, 0.17066073469254028, 0.1447053188610125, 0.16139283586084452, 0.08220194647639903, 0.1819542222489266, 0.08220194647639903, 
0.1713621893943918, 0.15366723178792388, 0.14425832222449175, 0.16921188356457018, 0.09850823991614542, 0.16448389319633153, 0.09850823991614542, 
0.1682220670066019, 0.16287986045954286, 0.1342368833627912, 0.18519698181766106, 0.0846063546362254, 0.1802514980809521, 0.0846063546362254, 
0.20214419662686356, 0.14280711927816236, 0.14127093221373974, 0.18515105400000567, 0.08703030935867395, 0.1545660791638808, 0.08703030935867395, 
0.18609777697873478, 0.1543589691424328, 0.14911446087254485, 0.15589551458188067, 0.09758320971809713, 0.15936685898821265, 0.09758320971809713, 
0.17809575872125438, 0.1658021580152776, 0.14197425382991166, 0.16711917131015808, 0.08515070910644575, 0.17670723991050688, 0.08515070910644575, 
0.15892014880302502, 0.15105054676866214, 0.14147670452831398, 0.16194949173830017, 0.11252996999174915, 0.1615431681782005, 0.11252996999174915, 
0.1742527887024881, 0.14302367413905176, 0.14477139251975193, 0.17752535689842083, 0.10132716605464123, 0.157772455631005, 0.10132716605464123, 
0.16466215780584478, 0.1644809921322125, 0.13655116023429986, 0.17188132919659543, 0.09253490482632801, 0.17735455097839126, 0.09253490482632801, 
0.19693810737786965, 0.1360920713612697, 0.14782072880451377, 0.12245584097439964, 0.12917339881147036, 0.1383464538590066, 0.12917339881147036, 
0.1877530268112786, 0.14245407449185812, 0.157249958060743, 0.14580672193606123, 0.10872474964943614, 0.14928671940118662, 0.10872474964943614, 
0.1963482577844612, 0.13497204628492812, 0.16284578412810455, 0.13060276143499597, 0.11826471692173472, 0.13870171652404062, 0.11826471692173472, 
0.19274496648331388, 0.13757368075470092, 0.15874782514282204, 0.13449159323700483, 0.11785711547070019, 0.14072770344075813, 0.11785711547070019, 
0.1895203568496378, 0.1510105220831038, 0.15535868027502214, 0.14162992234653046, 0.10303800165154285, 0.15640451514262016, 0.10303800165154285, 
0.18405113572199047, 0.15758694494808, 0.1488285885964455, 0.15961272493132994, 0.09062987919492867, 0.16866084741229667, 0.09062987919492867, 
0.17710827945548302, 0.14648153855600468, 0.1357622470415098, 0.16093027216485045, 0.11301178165245192, 0.15369409947724819, 0.11301178165245192, 
0.19025604738834326, 0.14184530425026265, 0.13477504285189434, 0.16957497406071834, 0.10617273464397095, 0.15120316216083934, 0.10617273464397095, 
0.1844490812548354, 0.1502560262718796, 0.14253374467168414, 0.1728155793545466, 0.09477226347181933, 0.16040104150341575, 0.09477226347181933, 
0.1834823061971069, 0.1622199839959869, 0.13989374762350196, 0.1736357327668249, 0.0827999996514868, 0.1751682301136058, 0.0827999996514868, 
0.18661255351193307, 0.13847616199681131, 0.14240485202560066, 0.140788958256409, 0.1264971528091495, 0.1387231685909469, 0.1264971528091495, 
0.20407748949029883, 0.11958504261428737, 0.13479951285414196, 0.13561277239209985, 0.1456036981281861, 0.11471778639279986, 0.1456036981281861, 
0.19508545057633817, 0.1318599250136183, 0.1374311303048106, 0.17472001739769136, 0.10983984039137142, 0.14122379592479872, 0.10983984039137142, 
0.16432508659580172, 0.14610719819708234, 0.1391138113393245, 0.16417719568000097, 0.11489182336766028, 0.1564930614524698, 0.11489182336766028, 
0.16509754099144675, 0.14427735079709983, 0.13780084691659963, 0.16963450948107897, 0.11394316802801574, 0.15530341575774334, 0.11394316802801574, 
0.16824631522829003, 0.16260480374018077, 0.13869446044728587, 0.1693434756113615, 0.09306310895384719, 0.17498472706518733, 0.09306310895384719, 
0.15853803959253773, 0.14025415358630713, 0.14057653025617514, 0.15760076789687893, 0.1276340899969097, 0.14776232867428155, 0.1276340899969097, 
0.16081549907739592, 0.15005559839389787, 0.13883923605144258, 0.1680366067233174, 0.11083318192315128, 0.16058669590764374, 0.11083318192315128, 
0.19123843173731475, 0.14998807321256355, 0.13571174707873973, 0.16572431574809496, 0.09785357375258014, 0.16163028471812674, 0.09785357375258014, 
0.18589682683823144, 0.11515050591738736, 0.14365658728015535, 0.1396718500274501, 0.14672607910057547, 0.12217207173562472, 0.14672607910057547, 
0.18966354246515282, 0.13653948830475393, 0.14117380444325844, 0.1513420355480376, 0.11743601907494303, 0.14640909108891104, 0.11743601907494303, 
0.16890389676467615, 0.14589811388795274, 0.14052752658965853, 0.16844414281696835, 0.10997400309526292, 0.15627831375021828, 0.10997400309526292, 
0.1586513739876372, 0.13571291083887094, 0.14015326557191, 0.15161309714208368, 0.1369565944878837, 0.1399561634837307, 0.1369565944878837, 
0.17409716916292273, 0.16060723402485447, 0.13754908437360758, 0.16711594666287027, 0.09485239860715529, 0.17092576856143432, 0.09485239860715529, 
0.16262301064074233, 0.15181268082381236, 0.1384882755726528, 0.1607940839815166, 0.11355521694397382, 0.1591715150933282, 0.11355521694397382, 
0.1719304673401935, 0.15199449998348213, 0.1452352618325555, 0.16656354374676427, 0.10153900141354921, 0.16119822426990615, 0.10153900141354921, 
0.17388490498364914, 0.15137584168988488, 0.13824508086612047, 0.1615277450051603, 0.10787552352791131, 0.15921538039936262, 0.10787552352791131, 
0.18067526821634441, 0.13426428580253597, 0.1429604322629892, 0.1552638486415705, 0.12265278642141712, 0.14153059223372574, 0.12265278642141712, 
0.16839188282578693, 0.14393013960279136, 0.14291867491997712, 0.16405403847271458, 0.11415009758342404, 0.15240506901188206, 0.11415009758342404, 
0.19055363191655983, 0.12889293230133286, 0.1319455835707099, 0.1485974152987267, 0.1309975809522151, 0.13801527500824073, 0.1309975809522151, 
0.18379370987521051, 0.12212116631256269, 0.138212014193528, 0.13334961641957882, 0.1485870127128759, 0.12534946777336828, 0.1485870127128759, 
0.1782813174368545, 0.15727495861835036, 0.13763716366863166, 0.1685239016495559, 0.0947540616627502, 0.16877453530110711, 0.0947540616627502, 
0.17604210413466947, 0.14568277882213862, 0.139152297504577, 0.15440541075714265, 0.11720445176266649, 0.15030850525613917, 0.11720445176266649, 
0.23020061088696803, 0.12355320943595793, 0.1475491364326433, 0.11631733013950699, 0.12747943740891368, 0.12742083828709652, 0.12747943740891368, 
0.20648472859793737, 0.12395372575671587, 0.1417297617888537, 0.14483321461072138, 0.12647218386240708, 0.1300542015209574, 0.12647218386240708, 
0.19657774492674107, 0.12310565496777347, 0.14588655701536415, 0.12788459927600218, 0.13973363079849344, 0.12707818221713232, 0.13973363079849344, 
0.18355433821551317, 0.15357457586206552, 0.14233247371351132, 0.17525780868949875, 0.08894601680133828, 0.1673887699167347, 0.08894601680133828, 
0.18716114098186246, 0.1429257543659464, 0.1416169123035002, 0.1578952384126449, 0.11117272211201415, 0.14805550971201767, 0.11117272211201415, 
0.1806115389562389, 0.16366158380893933, 0.13479568228104308, 0.17829562197868276, 0.08214427468195099, 0.17834702361119398, 0.08214427468195099, 
0.19992740736069453, 0.15587188964089976, 0.12960877115701158, 0.1617874844636519, 0.09332318523657973, 0.16615807690458279, 0.09332318523657973, 
0.21921885545236325, 0.13004601020394682, 0.12690028966744077, 0.12829568806411892, 0.13025226619841104, 0.13503462421530824, 0.13025226619841104, 
0.22315144486303, 0.13232265051339134, 0.12504914012359236, 0.13620584578950762, 0.12243750290934158, 0.13839591289179567, 0.12243750290934158, 
0.22157322940296392, 0.14292702396032464, 0.12471225602908721, 0.1532240964821561, 0.10385703809664511, 0.1498493179321779, 0.10385703809664511, 
0.19092985839927676, 0.14510607941773396, 0.13053773061253085, 0.14681185427026652, 0.11653645862200443, 0.15354156005618316, 0.11653645862200443, 
0.18079375307099987, 0.154334090259671, 0.13308169302500997, 0.1558933579520585, 0.10569919768428639, 0.16449871032368799, 0.10569919768428639, 
0.16694928681029572, 0.14754131934275974, 0.1342015020967402, 0.16077638549840104, 0.11725027922027398, 0.1560309478112553, 0.11725027922027398, 
0.16457362532466324, 0.15249162788501663, 0.13646759069046896, 0.1545758392058929, 0.11589101131486632, 0.1601092942642257, 0.11589101131486632, 
0.16269281566038749, 0.1428679186960963, 0.1377013892401716, 0.1499678773827921, 0.12933992225169375, 0.14809015451716498, 0.12933992225169375, 
0.17176073142827208, 0.15509563522503117, 0.13489904548254453, 0.16644437450581165, 0.10354063238338755, 0.1647189485915655, 0.10354063238338755, 
0.17448799714203328, 0.14209095278591016, 0.1395230934228546, 0.15175840264206075, 0.12362486028806373, 0.14488983343101378, 0.12362486028806373, 
0.20462605338313475, 0.1432768983789318, 0.14185834040277479, 0.15518903179842175, 0.10332763693380127, 0.14839440216913435, 0.10332763693380127, 
0.17750101629313933, 0.13466369983334728, 0.1384934263230294, 0.13119059670544672, 0.1418350647688831, 0.13448113130727107, 0.1418350647688831, 
0.19281786507595478, 0.1437492452726939, 0.1362102400794959, 0.1627939610393274, 0.10712017381971434, 0.15018834089309938, 0.10712017381971434, 
0.21349232368350768, 0.09348561398500098, 0.15283240957841146, 0.12401423406307178, 0.16237289561030782, 0.09142962746939243, 0.16237289561030782, 
0.18554848613118463, 0.137361265696747, 0.14463274786990984, 0.1693777981892532, 0.10964494908214417, 0.14378980394861685, 0.10964494908214417, 
0.20206961644738067, 0.12990867953033822, 0.1477977516921166, 0.16947477959210555, 0.10826972814055502, 0.13420971645694896, 0.10826972814055502, 
0.17486021910538518, 0.14290352826133737, 0.1583177096791031, 0.1545580297773981, 0.10958244605180775, 0.15019562107316073, 0.10958244605180775, 
0.19204396504274668, 0.13651822392166565, 0.15748068380997102, 0.17015507005402208, 0.0983060294712705, 0.14718999822905351, 0.0983060294712705, 
0.16742021549323033, 0.14665665981051387, 0.14135361414005396, 0.14936759947911663, 0.12269727247355135, 0.14980736612998252, 0.12269727247355135, 
0.16045726850585917, 0.16841307152639018, 0.13507263876291328, 0.1573891550058846, 0.100716147527797, 0.17723557114335878, 0.100716147527797, 
0.18014127217892242, 0.136825082433858, 0.14975862852322683, 0.1692823662977337, 0.11024526157615691, 0.1435021274139453, 0.11024526157615691, 
0.18147905740070955, 0.12850075314794415, 0.15244507570558846, 0.16549440003500487, 0.11970767626290497, 0.13266536118494304, 0.11970767626290497, 
0.17275472549251059, 0.15698624242054046, 0.14609116266709035, 0.16421961040951946, 0.09764037089004171, 0.16466751723025563, 0.09764037089004171, 
0.1791569256629304, 0.1471413604493467, 0.14863210093890897, 0.1655931609275289, 0.10270950331190054, 0.154057445397484, 0.10270950331190054, 
0.16952308873284513, 0.11951295730353864, 0.15204996515500277, 0.13809087990372615, 0.1509920094732166, 0.11883908995845398, 0.1509920094732166, 
0.17517287737798717, 0.15153668677165422, 0.13902055193704366, 0.17163541615628947, 0.10056979192121474, 0.16149488391459604, 0.10056979192121474, 
0.1896487477522741, 0.134037700456774, 0.1466051975001521, 0.1816393490173102, 0.10155485424115121, 0.144959296791187, 0.10155485424115121, 
0.1792151509323362, 0.15748427489370173, 0.13914253086978912, 0.1716741769444814, 0.09139524977429309, 0.16969336681110528, 0.09139524977429309, 
0.17560838398780332, 0.15383189359298113, 0.13760900813308918, 0.16225939464674802, 0.10448447390197, 0.16172237183543842, 0.10448447390197, 
0.17861840104027565, 0.15784991721409303, 0.13976060831108217, 0.1605639088101449, 0.098497204532336, 0.16621275555973217, 0.098497204532336, 
0.17040509584429991, 0.15279569950057253, 0.13823847200974587, 0.15984404926557602, 0.10912732630643653, 0.1604620307669324, 0.10912732630643653, 
0.17758250263246636, 0.15598945227391367, 0.1393165595851139, 0.16644261977041178, 0.09781029358115736, 0.1650482785757795, 0.09781029358115736, 
0.1718177671486532, 0.1415050630763661, 0.13844943872144802, 0.1639904568241688, 0.11706220607188146, 0.15011286208560096, 0.11706220607188146, 
0.17397840201408457, 0.15455965326722057, 0.14200239005913226, 0.1611765426731071, 0.1037838445353219, 0.16071532291581173, 0.1037838445353219, 
0.17963592037064752, 0.15154610134316573, 0.14043333887270135, 0.1741289575554564, 0.09625541987108437, 0.16174484211586043, 0.09625541987108437, 
0.18684593560079218, 0.14128017471107746, 0.14556311922697554, 0.1579258112702794, 0.1097516067682699, 0.14888174565433568, 0.1097516067682699, 
0.18150788321453304, 0.13001225705499336, 0.13613608470925584, 0.14836390331577323, 0.13356777607816414, 0.13684431954911633, 0.13356777607816414, 
0.1897491373398, 0.12531670677489656, 0.14145525684606533, 0.16413777458515244, 0.12273688348182729, 0.13386735749043102, 0.12273688348182729, 
0.1906817650468071, 0.12232507025725861, 0.14180658196181523, 0.1670535803348284, 0.12314939982477568, 0.1318342027497392, 0.12314939982477568, 
0.16837539476954044, 0.13789641752624007, 0.13721154368463506, 0.15050690886853, 0.1313940983336682, 0.14322153848371796, 0.1313940983336682, 
0.1699780864305747, 0.1244617439374807, 0.14747241512452927, 0.1298931952889523, 0.15473415242392927, 0.11872625437060463, 0.15473415242392927, 
0.1781079666536814, 0.13652249883855083, 0.13956996065642382, 0.14243996529300848, 0.13159277987207207, 0.14017404881419135, 0.13159277987207207, 
0.17718307830014804, 0.1327019524894504, 0.1385371023746451, 0.14987697991124532, 0.13210288227470943, 0.1374951223750925, 0.13210288227470943, 
0.17875902431976623, 0.12952089194285074, 0.13774159203402614, 0.15154962520036086, 0.13361813710424456, 0.135192592294507, 0.13361813710424456, 
0.18937887022788744, 0.14410877741570902, 0.1336837808898335, 0.17423062088495309, 0.10139312488635367, 0.15581170080890971, 0.10139312488635367, 
0.19131255241841724, 0.16134862206567369, 0.1422022704615476, 0.16411688133279284, 0.08593531518327495, 0.16914904335501865, 0.08593531518327495, 
0.17742152997585953, 0.13000288856549228, 0.13978045267279243, 0.14809840368606914, 0.13480269339261544, 0.1350913383145556, 0.13480269339261544, 
0.1712223072550868, 0.1528302327602065, 0.14279386460468066, 0.1767253099105008, 0.0955182739604719, 0.16539173754858125, 0.0955182739604719, 
0.17648777715332212, 0.141715112340627, 0.136108301086058, 0.159607779454827, 0.11906698282106128, 0.14794706432304328, 0.11906698282106128, 
0.16598607468027451, 0.12289955535335648, 0.14007533475545775, 0.13229927361934174, 0.16003608808274702, 0.11866758542607549, 0.16003608808274702, 
0.18606527558525557, 0.14231649841683264, 0.13042464016584712, 0.17566686736991885, 0.10712185900121349, 0.15128300045971896, 0.10712185900121349, 
0.14670679347411816, 0.12741296326981422, 0.14349500732417536, 0.13599565588096382, 0.1601971140261616, 0.1259953519986053, 0.1601971140261616, 
0.157496878657275, 0.13516542162435485, 0.14349866398911335, 0.1495333677368258, 0.13894336094043758, 0.1364189461115559, 0.13894336094043758, 
0.17206290175594183, 0.13205579844688284, 0.14991049498242862, 0.14031788412054721, 0.13812312815025848, 0.12940666439368262, 0.13812312815025848, 
0.168554987893137, 0.1457748594705582, 0.1479448182324588, 0.15803586199450761, 0.11369923432097304, 0.15229100376739232, 0.11369923432097304, 
0.14386856295573175, 0.12882950016515526, 0.15861882558812823, 0.1208275428351179, 0.1627623065064548, 0.12233095544295725, 0.1627623065064548, 
0.17598376367064236, 0.15226446908990318, 0.14894530784928484, 0.16785886728061541, 0.09604734728747118, 0.16285289753461182, 0.09604734728747118, 
0.18285030489886228, 0.10360411200171754, 0.15955458175434462, 0.15797300012265542, 0.14604165877497727, 0.10393468367246561, 0.14604165877497727, 
0.17630477715107365, 0.13634240557903787, 0.1371741570755324, 0.16800442935350968, 0.11865825268302997, 0.1448577254747866, 0.11865825268302997, 
0.17552339425910832, 0.14373966815503955, 0.1376333491238939, 0.1705988635200003, 0.10931920930554476, 0.15386630633086837, 0.10931920930554476, 
0.15429466636923586, 0.1171948436248478, 0.14429568119662664, 0.13324791543527337, 0.1703436393536147, 0.11027961466678692, 0.1703436393536147, 
0.16385269015920556, 0.15518073082342096, 0.1338420293297503, 0.16298556429552385, 0.10917568839458051, 0.16578760860293823, 0.10917568839458051, 
0.17693628309603737, 0.14378063215257472, 0.13749121381503032, 0.17790898179267572, 0.10332320113753829, 0.15723648686860528, 0.10332320113753829, 
0.15160731670851926, 0.12223696059504764, 0.1490807992459406, 0.13522377550377732, 0.1608335826184885, 0.1201839827097381, 0.1608335826184885, 
0.16853611035829533, 0.14670972913281657, 0.14030986567922732, 0.16791851228532043, 0.11051504326774549, 0.15549569600884947, 0.11051504326774549, 
0.175033662414274, 0.1331963905488438, 0.14297155215756463, 0.17194132999450237, 0.11762703268136679, 0.14160299952208172, 0.11762703268136679, 
0.1668258204981807, 0.13439232769954593, 0.1430301103954748, 0.171765375394731, 0.12035609153539141, 0.1432741829412848, 0.12035609153539141, 
0.18155704692404512, 0.12966468572388024, 0.13716890980768318, 0.19326347141965922, 0.1075302965832877, 0.1432852929581569, 0.1075302965832877, 
0.17471304857431866, 0.1356061593882922, 0.14253454084736036, 0.18373214239850053, 0.10752023704808693, 0.1483736346953544, 0.10752023704808693, 
0.13983714067198497, 0.15482921525558402, 0.1476034930062167, 0.11446225087149077, 0.14627809473299208, 0.15071171072873937, 0.14627809473299208, 
0.16376228964474915, 0.1581102752516141, 0.1469722474684469, 0.15704482432675107, 0.103516624256418, 0.16707711479560275, 0.103516624256418, 
0.17287409093796777, 0.14313695771280494, 0.14323218103680393, 0.16975498117930676, 0.10987618314181326, 0.15124942284949, 0.10987618314181326, 
0.18113513089030225, 0.13681672612463763, 0.14814369427752275, 0.17582461858067225, 0.1063735195591653, 0.1453327910085346, 0.1063735195591653, 
0.17331436084413787, 0.15752367175579943, 0.13961239895343447, 0.17024112196172014, 0.09580474639214744, 0.16769895370061333, 0.09580474639214744, 
0.15374786888160133, 0.1334320224099276, 0.14535590063067377, 0.14025760686205446, 0.14690817043305524, 0.13339026034963225, 0.14690817043305524, 
0.1680953685945618, 0.14559012255877912, 0.1393106997253556, 0.17331883642993087, 0.10782371120787491, 0.15803755027562263, 0.10782371120787491, 
0.15472435360762482, 0.14019420353345094, 0.14221082791294828, 0.1567016205725806, 0.13045413565170197, 0.14526072306999133, 0.13045413565170197, 
0.16237520335411895, 0.14783290823763587, 0.1436320696273633, 0.16270785938272184, 0.11390901365138545, 0.15563393209538906, 0.11390901365138545, 
0.16119619148870556, 0.11737180035644308, 0.1500943255042849, 0.1449171662610423, 0.1545533099940241, 0.11731389640147598, 0.1545533099940241, 
0.16835061828924938, 0.13630103027393592, 0.14572151403695194, 0.17323660467549307, 0.11513834617407942, 0.14611354037621088, 0.11513834617407942, 
0.17130099048432734, 0.14270785286990015, 0.14201302502135293, 0.1800431655937774, 0.10443472750022144, 0.1550655110301994, 0.10443472750022144, 
0.16673896037291105, 0.1229149812883436, 0.15288426009927406, 0.14022303023136454, 0.14722971985494024, 0.12277932829822641, 0.14722971985494024, 
0.17005178540223947, 0.16699636992904104, 0.14056936004094758, 0.17178962707408083, 0.08504270028462316, 0.18050745698444473, 0.08504270028462316, 
0.17271848079552946, 0.14043859646420484, 0.1355256242103881, 0.17538223925726418, 0.11134098174850236, 0.15325309577560867, 0.11134098174850236, 
0.18481241047381616, 0.14503219341147508, 0.13998914533769993, 0.16691455797719268, 0.10253134710267184, 0.15818899859447239, 0.10253134710267184, 
0.17100668142573133, 0.1492942088418156, 0.136732398517278, 0.15966882175567926, 0.11151332966437032, 0.16027123013075506, 0.11151332966437032, 
0.1796279938979326, 0.15827841675203524, 0.13552599594010406, 0.1712187231021279, 0.09256961736040953, 0.17020963558698124, 0.09256961736040953, 
0.170183133213445, 0.14124665727377386, 0.13978363323506082, 0.15946587191681538, 0.11894216810623552, 0.15143636814843395, 0.11894216810623552, 
0.18500765803538363, 0.16268352535554584, 0.1376909815478215, 0.17317725409770446, 0.08315230939073975, 0.17513596218206529, 0.08315230939073975, 
0.17849141785610617, 0.15750093972042023, 0.13517860907029414, 0.16778140101506164, 0.09658553500801571, 0.1678765623220864, 0.09658553500801571, 
0.17912171049992803, 0.16019584417063726, 0.1358284757554591, 0.16667223018205504, 0.09409853642599877, 0.16998466653992295, 0.09409853642599877, 
0.16937758919873344, 0.15878588431239557, 0.13666812145948198, 0.17141904998608812, 0.09651486291335831, 0.17071962921658426, 0.09651486291335831, 
0.1818237571073028, 0.1552441657737241, 0.14083163166215523, 0.17662318622032128, 0.08928874998941613, 0.16689975925766434, 0.08928874998941613, 
0.18430590198031002, 0.13710310570241374, 0.14662538231030353, 0.16031995866088866, 0.1117012194228891, 0.14824321250030592, 0.1117012194228891, 
0.1778920689837608, 0.13296729366954607, 0.1466489425946499, 0.16674888557377315, 0.11637086034335536, 0.14300108849155946, 0.11637086034335536, 
0.16753106311254432, 0.1593485750775503, 0.1374659982069424, 0.16703925592967084, 0.09906747647537394, 0.17048015472254432, 0.09906747647537394, 
0.20163745823378926, 0.124002211052498, 0.1500780586180552, 0.1834612474526123, 0.1014849853890418, 0.13785105386496163, 0.1014849853890418, 
0.1946135396218491, 0.12331399974935886, 0.15289863706787823, 0.1731420446110614, 0.11189925625467494, 0.13223326644050254, 0.11189925625467494, 
0.16668424836987647, 0.1297537330561805, 0.14856172222515487, 0.16422775070547166, 0.12698425462786672, 0.13680403638758287, 0.12698425462786672, 
0.17484921506705983, 0.14293122518903129, 0.14409352427486655, 0.1757822203932952, 0.1040665817008508, 0.15421065167404552, 0.1040665817008508, 
0.18675630982146327, 0.1325939472825806, 0.14947398549190175, 0.18185177217048326, 0.10266178917261623, 0.14400040688833873, 0.10266178917261623, 
0.18907277758422933, 0.1360854149282691, 0.14941279341346916, 0.18574139017788802, 0.09543897286406011, 0.14880967816802418, 0.09543897286406011, 
0.17444759838135707, 0.15799512347760294, 0.13992934559614864, 0.1684807195084709, 0.09564069239023652, 0.16786582825594734, 0.09564069239023652, 
0.17058816442254943, 0.14059725979389892, 0.14473160793946704, 0.14813066018566717, 0.12408654952905088, 0.14777920860031563, 0.12408654952905088, 
0.17229824971557825, 0.1561022795206178, 0.14436740023199304, 0.16188957707882298, 0.10005686469370632, 0.1652287640655753, 0.10005686469370632, 
0.1766480825884832, 0.1589894125698876, 0.13349126131756206, 0.16797849740440216, 0.09618981271674835, 0.17051312068616822, 0.09618981271674835, 
0.18227845291194175, 0.1669484538168485, 0.13278010965236503, 0.16826388712241178, 0.08559504142888318, 0.1785390136386667, 0.08559504142888318, 
0.17509405022874888, 0.1545654753738993, 0.1355678642809047, 0.1695694701135562, 0.09974799425201515, 0.1657071514988605, 0.09974799425201515, 
0.18568447204940464, 0.1286599214769138, 0.1387154103246449, 0.16438530467045612, 0.12139898499227163, 0.13975692149403718, 0.12139898499227163, 
0.17138299804020873, 0.16365746353967925, 0.13574828303716324, 0.17768927886903557, 0.08582341312611504, 0.17987515026168302, 0.08582341312611504, 
0.17855824267574505, 0.13407996612948284, 0.1406246880933616, 0.15146247743770017, 0.12667186040827477, 0.14193090484716092, 0.12667186040827477, 
0.17376664435834246, 0.13059171160468194, 0.14565301805335215, 0.1409793016907188, 0.14014599756957663, 0.12871732915375134, 0.14014599756957663, 
0.17396542603828796, 0.13689397928835684, 0.15050604660301647, 0.17631258446245715, 0.10748825256458498, 0.1473454584787116, 0.10748825256458498, 
0.17941807950533445, 0.1423076438702528, 0.13826220123210414, 0.1673369986539178, 0.1112667680928038, 0.15014154055278314, 0.1112667680928038, 
0.16688649785953436, 0.15384802745919107, 0.13718173197193628, 0.1712853442449982, 0.1029540253393135, 0.16489034778571318, 0.1029540253393135, 
0.1670662953661518, 0.1346632432765902, 0.14007997214428697, 0.15251633816041782, 0.1338597745298589, 0.13795460199283546, 0.1338597745298589, 
0.18224144845490278, 0.13790982378646974, 0.14259227448421882, 0.14667748847875228, 0.12408506660625257, 0.14240883158315126, 0.12408506660625257, 
0.1736291226199441, 0.13303085146054366, 0.14166380371407666, 0.12603364252624621, 0.1480420199458255, 0.12955853978753842, 0.1480420199458255, 
0.17715917145067672, 0.15375589373810658, 0.1414056576797491, 0.16641438133465147, 0.09895236676072076, 0.1633601622753746, 0.09895236676072076, 
0.19666900961278116, 0.12492185924560589, 0.14142604171221557, 0.16606012418322347, 0.1187707476737393, 0.1333814698986952, 0.1187707476737393, 
0.21500540913057636, 0.12292685353212636, 0.1447536759480006, 0.1488894869808904, 0.11895061655063502, 0.13052334130713641, 0.11895061655063502, 
0.19838977615556413, 0.1386037629544886, 0.13343387433059853, 0.13834288527293642, 0.12246399522680933, 0.14630171083279378, 0.12246399522680933, 
0.16144474604124748, 0.12321244814097129, 0.14554216322878258, 0.10690022278102891, 0.17548147736547623, 0.11193746507701724, 0.17548147736547623, 
0.17099465357229449, 0.15386784440543566, 0.14991272355442917, 0.17037691056515072, 0.09420704989437591, 0.16643376811393815, 0.09420704989437591, 
0.17789981157500123, 0.11770383110460034, 0.1796706118156449, 0.1444509132207925, 0.1302809001692777, 0.11971303194540574, 0.1302809001692777, 
0.19525190145783372, 0.1254995909629499, 0.1771212248968613, 0.1496543394911109, 0.11019572220864633, 0.1320814987739515, 0.11019572220864633, 
0.20474299868923027, 0.11541228069644889, 0.18253893630564955, 0.13722060406817516, 0.12090642660502388, 0.1182723270304485, 0.12090642660502388, 
0.1845066663662282, 0.13815309040648996, 0.16313043376554381, 0.16450318865330746, 0.0998135802702824, 0.15007946026786576, 0.0998135802702824, 
0.19854773416720548, 0.12249865112841278, 0.17542254306321992, 0.14338227465753872, 0.11617018691052199, 0.12780842316257923, 0.11617018691052199, 
0.17282164064725508, 0.1229497084700259, 0.16314197227814, 0.15641197094706047, 0.12865549617119756, 0.12736371531512328, 0.12865549617119756, 
0.16475742837052715, 0.14609611034929398, 0.1417142098797713, 0.15648878105995306, 0.11825052706345934, 0.15444241621353572, 0.11825052706345934, 
0.16977733817518606, 0.1481428806505317, 0.14194835016319562, 0.16194485610585294, 0.11013592775946851, 0.1579147193862967, 0.11013592775946851, 
0.19298953043122188, 0.12897200098234102, 0.15762192343220796, 0.1615627375152931, 0.11019070289334369, 0.1384724018522487, 0.11019070289334369, 
0.1787649694553706, 0.1408130704727533, 0.14895337582094195, 0.15278345387185382, 0.11706713348925907, 0.14455086340056225, 0.11706713348925907, 
0.17790641290485443, 0.16554535087022273, 0.13985882247537984, 0.1738260511075314, 0.08374073844999708, 0.17538188574201743, 0.08374073844999708, 
0.17865412217691853, 0.15357671964082922, 0.1453598625244342, 0.17036368253519316, 0.09395668089723014, 0.16413225132816475, 0.09395668089723014, 
0.16947693806200903, 0.16293398261759962, 0.13771250334467322, 0.17578386655080508, 0.08801350771208978, 0.17806569400073355, 0.08801350771208978, 
0.1761877561066032, 0.16186063247501561, 0.14136339550164728, 0.17241619112739776, 0.08647761717100379, 0.17521679044732863, 0.08647761717100379, 
0.19618280064111474, 0.1254181213774375, 0.1626462619038687, 0.14271617468867223, 0.12450277433135672, 0.12403109272619353, 0.12450277433135672, 
0.16713101363426103, 0.16312989047801515, 0.1430808334551405, 0.17232415341000631, 0.08920176987686977, 0.17593056926883738, 0.08920176987686977, 
0.2043610197692781, 0.12808491295915478, 0.15207843362444826, 0.1562694745635185, 0.10958210947040911, 0.1400419401427822, 0.10958210947040911, 
0.18838505927344565, 0.11475762740250005, 0.1541290708532492, 0.14161666420566005, 0.14015330740472162, 0.12080496345570196, 0.14015330740472162, 
0.1980221641506351, 0.12267119519286711, 0.15411277525659292, 0.13349617092776037, 0.13707771469501734, 0.11754226508210983, 0.13707771469501734, 
0.1854401847139248, 0.1349560923166377, 0.1433923815163569, 0.1628815520711454, 0.11606926823970172, 0.14119125290253165, 0.11606926823970172, 
0.20618010090013952, 0.10711099894655329, 0.15700119932537637, 0.12774676976190152, 0.15023487904831254, 0.10149117296940421, 0.15023487904831254, 
0.18869818898664062, 0.15453416290049857, 0.1459562897334891, 0.16486978245305603, 0.09111756689383713, 0.16370644213864147, 0.09111756689383713, 
0.175969227253776, 0.1616168161571386, 0.13586953055597029, 0.15817152804816315, 0.09925463288404086, 0.16986363221687026, 0.09925463288404086, 
0.20410205512453536, 0.13473807337543414, 0.1460026058833389, 0.15724040361240227, 0.10738256898948167, 0.14315172402532592, 0.10738256898948167, 
0.18523947818282516, 0.1309563502423258, 0.14713887941377027, 0.15788823068537033, 0.12106587660736208, 0.13664530826098414, 0.12106587660736208, 
0.1976209596876636, 0.1402711485921, 0.15465536789044726, 0.15162910191928186, 0.10339466776241106, 0.14903408638568505, 0.10339466776241106, 
0.20463576851445084, 0.14034034996495118, 0.15550107532718685, 0.1254706377116839, 0.1222486348149919, 0.12955489885174357, 0.1222486348149919, 
0.20203403493755812, 0.1458455299018573, 0.15706724763650587, 0.14549499313406847, 0.1026425940852162, 0.1442730062195777, 0.1026425940852162, 
0.1745336169193838, 0.1597920660857679, 0.13444059033575298, 0.16904990868649286, 0.09591305237973433, 0.17035771321313373, 0.09591305237973433, 
0.18193913412386617, 0.13371635798414547, 0.13555427085990135, 0.14267520526861982, 0.13566648127607067, 0.1347820692113257, 0.13566648127607067, 
0.17792490725845078, 0.16538379326816496, 0.13536180571785772, 0.16822502919668872, 0.08794320472510977, 0.17721805510861846, 0.08794320472510977, 
0.1841127814314186, 0.14056991622662246, 0.13349073453160779, 0.15611802268667574, 0.11874031992907404, 0.14822790526552748, 0.11874031992907404, 
0.16756919568434175, 0.15551655175147278, 0.13895977722798614, 0.1723084892147997, 0.09919808522805368, 0.16724981566529235, 0.09919808522805368, 
0.16474949809913134, 0.16876233871348292, 0.13881060895284902, 0.1688284662344802, 0.08863232142247035, 0.18158444515511593, 0.08863232142247035, 
0.16767437712331576, 0.15240386044671847, 0.1368752248249988, 0.17323636352542307, 0.1028040601170415, 0.1642020538454609, 0.1028040601170415, 
0.16759645391562442, 0.15257968908189848, 0.13950468444781172, 0.17404526340255233, 0.10107269432311389, 0.1641285205058853, 0.10107269432311389, 
0.1753296261674274, 0.13693570838480246, 0.13596329457087836, 0.15312299296368864, 0.12841380147111556, 0.1418207749709721, 0.12841380147111556, 
0.18009721174484128, 0.13162079504678764, 0.14093128305394423, 0.15350661816423314, 0.12987620234229152, 0.13409168730561058, 0.12987620234229152, 
0.17931401762647123, 0.14484049957315523, 0.13297779461535655, 0.1753221775676109, 0.106915101148389, 0.15371530832062802, 0.106915101148389, 
0.20420631322380292, 0.1362439448326015, 0.1313600710574395, 0.17070544036515334, 0.10622748455651727, 0.1450292614079681, 0.10622748455651727, 
0.1795589193742544, 0.13275555261776234, 0.1548110651234136, 0.11949461097008755, 0.14441539095880562, 0.12454906999687083, 0.14441539095880562, 
0.19910336754914207, 0.13798814365429193, 0.15626567410526754, 0.11682391565618117, 0.13066577253656647, 0.1284873539619843, 0.13066577253656647, 
0.19315420868891087, 0.13213026633499547, 0.13953998050860744, 0.15534515939852075, 0.12399555972103293, 0.13183926562689968, 0.12399555972103293, 
0.193831219344676, 0.12241013817840869, 0.13918729787088693, 0.15507650111803128, 0.13407059591289316, 0.12135365166221078, 0.13407059591289316, 
0.1955278176564944, 0.12645746957430523, 0.1396427676430182, 0.12239949594778225, 0.14881308187986508, 0.11834628541866973, 0.14881308187986508, 
0.1918877218664451, 0.12809099293524961, 0.13789965666377657, 0.14040193091994216, 0.1377683332155668, 0.12618303118345287, 0.1377683332155668, 
0.1864692675147275, 0.11156211924284028, 0.1452821192389713, 0.1027840108093936, 0.17757722581128535, 0.09874803157149652, 0.17757722581128535, 
0.16782215128874442, 0.14770396727760066, 0.13794555505452075, 0.14185669501804204, 0.12628242341203094, 0.1521067845370304, 0.12628242341203094, 
0.17709601621739368, 0.14602754719463604, 0.1391015868142969, 0.15415094122328196, 0.11539137591098665, 0.15284115672841797, 0.11539137591098665, 
0.19005874440137432, 0.1407068861726291, 0.14012829955686767, 0.1636031129058505, 0.10803609121659946, 0.14943077453007952, 0.10803609121659946, 
0.1804133613430894, 0.15232475539018742, 0.1439224061017222, 0.168776053410562, 0.09660350286335896, 0.1613564180277211, 0.09660350286335896, 
0.19623865730547868, 0.1376571067484501, 0.13199243166025518, 0.15571644605349264, 0.1182109229773085, 0.1419735122777065, 0.1182109229773085, 
0.1927845956923981, 0.1458782303640754, 0.13360820063640183, 0.15713451634946693, 0.10941404506424629, 0.15176636682916525, 0.10941404506424629, 
0.16702781321494636, 0.1458338642580707, 0.14151577682780922, 0.14216678903392635, 0.1266345648271183, 0.15018662701101082, 0.1266345648271183, 
0.16818129623935252, 0.16358759681878915, 0.13738532297418793, 0.17104186566160562, 0.09201417696611265, 0.1757755643738395, 0.09201417696611265, 
0.17970601917676657, 0.1375018002584426, 0.14401519828541803, 0.1330467684279052, 0.13465400790998863, 0.13642219803149036, 0.13465400790998863, 
0.1876363956673639, 0.15103329808066426, 0.13746272318910532, 0.15674729337829488, 0.10385577830130824, 0.15940873308195508, 0.10385577830130824, 
0.19780035220367553, 0.12854493599320882, 0.13851742679067924, 0.14480149337966589, 0.12983643531161831, 0.1306629210095339, 0.12983643531161831, 
0.20400165904230594, 0.11636917382103538, 0.13771848251758023, 0.1424130818449722, 0.14165386982100003, 0.1161898631321063, 0.14165386982100003, 
0.15734490562583012, 0.12329242877539248, 0.14429292377324532, 0.11774545592741584, 0.17010923850865028, 0.1171058088808158, 0.17010923850865028, 
0.14387213772172508, 0.146002155654999, 0.13926413580185676, 0.13842012712867544, 0.1425070843661501, 0.14742727496044358, 0.1425070843661501, 
0.1645590668945238, 0.15683852709946672, 0.134250727163604, 0.16457129718856217, 0.10454898817537223, 0.17068240530309878, 0.10454898817537223, 
0.1730331629179889, 0.13849712095510427, 0.1388208305443426, 0.15422969292849434, 0.12402821385975296, 0.147362764934564, 0.12402821385975296, 
0.16642041783921727, 0.1102963434370042, 0.14467718107320449, 0.1250221398586972, 0.17229582339160093, 0.10899227100867491, 0.17229582339160093, 
0.171803062620106, 0.12824166716055285, 0.1415660798896218, 0.14771647883558672, 0.13835881352543755, 0.13395508444325743, 0.13835881352543755, 
0.18281279190243, 0.14036900084310583, 0.13794798438512174, 0.1674908860152067, 0.10941134399452608, 0.15255664886508363, 0.10941134399452608, 
0.17574999755275464, 0.13775521284614833, 0.1418995956919495, 0.1676626931544811, 0.11556467660764617, 0.145803147539374, 0.11556467660764617, 
0.17970651166014237, 0.1549390337117385, 0.13836079792790307, 0.1729062568578038, 0.09360275754492313, 0.16688188475256585, 0.09360275754492313, 
0.16839500393464735, 0.13016446367418166, 0.14877329877385642, 0.13406964534913263, 0.14436746398258718, 0.12986266030300753, 0.14436746398258718, 
0.1808750221839389, 0.14945151637724885, 0.13841936824036027, 0.15134473034161908, 0.11151330358260533, 0.1568827556916223, 0.11151330358260533, 
0.17554756907516436, 0.13910315425464603, 0.13544998810807107, 0.14878652230255812, 0.12826730603985165, 0.14457815417985712, 0.12826730603985165, 
0.1816477283229981, 0.14745382911092378, 0.13642731010982279, 0.15962679940601054, 0.11042901762825093, 0.1539862977937429, 0.11042901762825093, 
0.17517958513763984, 0.14100409696590382, 0.13766720296888327, 0.14914341938717304, 0.12652766425516224, 0.14395036703007558, 0.12652766425516224, 
