
0.14315953940446036, 0.15489777095214805, 0.1542529135476463, 0.15249822252896258, 0.11972673617383675, 0.1557380812191092, 0.11972673617383675, 
0.15019311443341155, 0.15900446992721734, 0.1782669166191498, 0.15167593152683745, 0.10054822875978106, 0.15976310997382162, 0.10054822875978106, 
0.15867807266343173, 0.18861848177665919, 0.18790196660977845, 0.13249836339091806, 0.09715587302690203, 0.1379913695054085, 0.09715587302690203, 
0.14330848884213285, 0.16576596102553667, 0.17822496727799036, 0.15676558099253027, 0.09207215253061576, 0.17179069680057818, 0.09207215253061576, 
0.15113789372530392, 0.16008032896457092, 0.17087957436763218, 0.14544532156946366, 0.1094819023738317, 0.15349307662536588, 0.1094819023738317, 
0.1435123589118123, 0.17430684596001358, 0.17107442624934993, 0.15888882075263458, 0.09478856868644317, 0.16264041075330316, 0.09478856868644317, 
0.14532031373605406, 0.17261105980833819, 0.16878107915480345, 0.15645772118545384, 0.09963784892662196, 0.15755412826210663, 0.09963784892662196, 
0.14784647687443353, 0.16201392746268078, 0.16862505379691622, 0.1556700794769392, 0.10258845230374802, 0.16066755778153438, 0.10258845230374802, 
0.14115321622406407, 0.16791266986449002, 0.1669413208550019, 0.15895837766587761, 0.10093173495338857, 0.1631709454837894, 0.10093173495338857, 
0.13484117198630274, 0.1739127737254918, 0.16391701703027356, 0.16601329127918332, 0.0958501179780575, 0.16961551002263348, 0.0958501179780575, 
0.14446459587508026, 0.17567551926031402, 0.17811541984764578, 0.14972668329669392, 0.10071995155335325, 0.15057787861355967, 0.10071995155335325, 
0.144012855530997, 0.17149167612921992, 0.17534654629507077, 0.16093393125267147, 0.09091767383057572, 0.16637964313088924, 0.09091767383057572, 
0.1427843731754707, 0.15907348645230293, 0.18324661191315858, 0.154615407080816, 0.09811692580149356, 0.1640462697752646, 0.09811692580149356, 
0.1593478715999915, 0.16097670516144957, 0.16780817494560432, 0.13726113538738383, 0.1168550453222419, 0.1408960222610869, 0.1168550453222419, 
0.16034510403293958, 0.18809781922433716, 0.18167777710210062, 0.15205078966236907, 0.08262724130093774, 0.15257402737637815, 0.08262724130093774, 
0.1672057418580533, 0.1542169274670769, 0.17580219267965452, 0.1157048044711925, 0.12603368765908632, 0.13500295820585004, 0.12603368765908632, 
0.14588210095256565, 0.17507579335961357, 0.17842212359473936, 0.15846064767883133, 0.09146816786153394, 0.15922299869118217, 0.09146816786153394, 
0.184787333774833, 0.18363244540979998, 0.18985520178897908, 0.09074443945619487, 0.13078421689851757, 0.08941214577315787, 0.13078421689851757, 
0.15434000232951606, 0.1799015282521306, 0.18467872791100834, 0.14410176243221123, 0.09630849012186495, 0.14436099883140374, 0.09630849012186495, 
0.15529116194005965, 0.17427109699421883, 0.18148387245372, 0.13961415509103342, 0.1046026829504535, 0.14013434762006127, 0.1046026829504535, 
0.1427376425210617, 0.15535183352684329, 0.16559645680544405, 0.15990089065154459, 0.10743154452461516, 0.16155008744587596, 0.10743154452461516, 
0.1530048899140344, 0.18647551965617531, 0.17386288042645914, 0.1518009231787248, 0.09073766505936122, 0.15338045670588393, 0.09073766505936122, 
0.1474155888536015, 0.16591696241501297, 0.1705383210936095, 0.15958419957987494, 0.09831377582555093, 0.15991737640679912, 0.09831377582555093, 
0.1490301436594069, 0.1665599409326143, 0.17157019481297792, 0.15228742845547028, 0.1039082622761261, 0.15273576758727836, 0.1039082622761261, 
0.1466137377921061, 0.1893180387293915, 0.1878015045583857, 0.16190358940773875, 0.07670612655872502, 0.16095087639492794, 0.07670612655872502, 
0.15152792253197508, 0.19234378674031133, 0.17658928636850602, 0.15890779657828139, 0.08128937420352933, 0.1580524593738676, 0.08128937420352933, 
0.1499553550670118, 0.1914789034640761, 0.1826789012725156, 0.16256692295037534, 0.07662798420597629, 0.16006394883406871, 0.07662798420597629, 
0.1489890048718681, 0.16807224340280127, 0.1647846974794424, 0.15366292353141336, 0.10204299429069719, 0.16040514213308044, 0.10204299429069719, 
0.1520687773174417, 0.18467765526421806, 0.17816546563780822, 0.16039829581147133, 0.08316092219309978, 0.15836796158286118, 0.08316092219309978, 
0.15171543008023364, 0.16098393434342329, 0.17667241942719875, 0.13879992090333138, 0.11258433978810137, 0.14665961566961028, 0.11258433978810137, 
0.1482364788343097, 0.16003122273867867, 0.1708146598073113, 0.14655886362937448, 0.109719952466291, 0.1549188700577437, 0.109719952466291, 
0.1461714557397805, 0.14709502141613404, 0.16096731386174526, 0.13787847073341042, 0.1284847894481686, 0.15091815935259267, 0.1284847894481686, 
0.14998609938281662, 0.1683121919715259, 0.1754460815036435, 0.14624932362493911, 0.10949846510475617, 0.14100937330756258, 0.10949846510475617, 
0.1538551310206452, 0.17169257130209684, 0.22056774653261152, 0.08071350168517906, 0.159161242980148, 0.05484856349917126, 0.159161242980148, 
0.15304592450451163, 0.17437707930427412, 0.18391229275861098, 0.13292004585177117, 0.11393251940781393, 0.1278796187652042, 0.11393251940781393, 
0.15723982408361242, 0.14516678875154573, 0.15363388024070873, 0.11589570600841342, 0.15491576248758, 0.11823227594055986, 0.15491576248758, 
0.1420020331922049, 0.15859133013724117, 0.15911570940825515, 0.15744883143938518, 0.11079667574967836, 0.1612487443235569, 0.11079667574967836, 
0.1399565339345454, 0.16135308879318086, 0.17558142578482058, 0.15591664708446185, 0.09088412618559273, 0.1854240520318059, 0.09088412618559273, 
0.1401533000171352, 0.16399179601471564, 0.174629365302314, 0.15981896159818848, 0.09410057859905371, 0.1732054198695394, 0.09410057859905371, 
0.14142904907229756, 0.16099355188821157, 0.17304832543700638, 0.15479978908628927, 0.10004787859626674, 0.16963352732366155, 0.10004787859626674, 
0.142383749550462, 0.16621251319560845, 0.18442564791772148, 0.15244716221593782, 0.09645877679482484, 0.16161337353062058, 0.09645877679482484, 
0.1495092735488793, 0.16076510684685102, 0.17909429856706688, 0.14304939378174392, 0.1132184093516516, 0.14114510855215576, 0.1132184093516516, 
0.14829716190892683, 0.15547591060200444, 0.16204101678390084, 0.14417479049722473, 0.1192829069558158, 0.15144530629631162, 0.1192829069558158, 
0.15028179800920763, 0.1395813708464606, 0.1486540507414677, 0.12357085963274435, 0.15425092927224576, 0.12941006222562812, 0.15425092927224576, 
0.15032661924079063, 0.15939068050432384, 0.16481555473490267, 0.15433077515008342, 0.10581630799160993, 0.15950375438667963, 0.10581630799160993, 
0.1464965983133917, 0.15566524826481992, 0.16591080937045738, 0.1527905697240688, 0.1085333282691986, 0.16207011778886515, 0.1085333282691986, 
0.1457937241161744, 0.14621794244150046, 0.15578317534124592, 0.14429624741342606, 0.1274008107740831, 0.153107289139487, 0.1274008107740831, 
0.14567362402070666, 0.1670474823660815, 0.17104710227152511, 0.1629703573979919, 0.09305728984054351, 0.1671468542626077, 0.09305728984054351, 
0.1411513158066505, 0.16376995195336386, 0.17204022826247548, 0.16373355606448917, 0.09697968747327439, 0.1653455729664723, 0.09697968747327439, 
0.1399919204189553, 0.17604153807628548, 0.17647094108281886, 0.1670680615946367, 0.0836259852041822, 0.17317556841893914, 0.0836259852041822, 
0.14476317907873412, 0.14574275654555158, 0.14267796180361839, 0.13701497715261754, 0.14510873210637068, 0.13958366120673715, 0.14510873210637068, 
0.154105359838666, 0.1746374343394961, 0.1840316880445087, 0.14341323725371635, 0.10589870152476681, 0.13201487747407936, 0.10589870152476681, 
0.14748922797604724, 0.16264162637445218, 0.15978592870947075, 0.15179565139669646, 0.11051287485881114, 0.15726181582571105, 0.11051287485881114, 
0.14709664139930348, 0.15941647198580342, 0.16253635456953175, 0.1496082059248866, 0.11381829900596116, 0.15370572810855246, 0.11381829900596116, 
0.14636099773941574, 0.16791337595306252, 0.1719594888508501, 0.1587180330593133, 0.09898105432914663, 0.15708599573906498, 0.09898105432914663, 
0.1553537217105135, 0.14854429631837796, 0.1557183947764002, 0.12249377401864303, 0.1544520892781445, 0.10898563461977628, 0.1544520892781445, 
0.1483598467952737, 0.17129693783405053, 0.16758060455624627, 0.1483629544608939, 0.11772277110471213, 0.1289541141441113, 0.11772277110471213, 
0.14369822550098704, 0.17251411954511897, 0.1714120026784302, 0.1637481574888256, 0.09741823189044861, 0.15379103100574107, 0.09741823189044861, 
0.1521417285343011, 0.16268345172499576, 0.17191396090429542, 0.13863154305205655, 0.12276031436743194, 0.1291086870494872, 0.12276031436743194, 
0.1530072825684814, 0.1437662227808149, 0.15843653041667377, 0.12223373453889516, 0.14608091357068484, 0.13039440255376494, 0.14608091357068484, 
0.14558856407673487, 0.17097817037594298, 0.17431866439216526, 0.15830696644602701, 0.09502842829789424, 0.16075077811334154, 0.09502842829789424, 
0.14583488483980958, 0.17324268128670148, 0.17537481850042608, 0.1582496740847295, 0.0947869396454293, 0.15772406199747457, 0.0947869396454293, 
0.1435437534254549, 0.12801676659404312, 0.14123512493334445, 0.1285931060229152, 0.16154202544617374, 0.13552719813189484, 0.16154202544617374, 
0.15801072770061605, 0.14189559745849256, 0.1608505518622851, 0.11180999100302876, 0.15748980090537135, 0.1124535301648347, 0.15748980090537135, 
0.14728633550428583, 0.14843886433073925, 0.1584917253857045, 0.1444667450076692, 0.12789452769341428, 0.14552727438477261, 0.12789452769341428, 
0.14769643276625657, 0.17531115356180793, 0.18110575956847258, 0.15465460456295405, 0.09305978416661424, 0.1551124812072804, 0.09305978416661424, 
0.1486065059562796, 0.1486843461849352, 0.1647268502786032, 0.1442730832293713, 0.12428033107105094, 0.14514855220870868, 0.12428033107105094, 
0.149574107563543, 0.13714725778057862, 0.14995577551214273, 0.13530684665000733, 0.145859158343907, 0.13629769580591425, 0.145859158343907, 
0.14739451312884755, 0.15271151076274445, 0.16232524762731962, 0.15270790837084794, 0.11576579388381633, 0.15332923234260792, 0.11576579388381633, 
0.146190340616485, 0.1520991533539112, 0.1597831873359938, 0.15176985644557608, 0.11888133325395729, 0.15239479574011922, 0.11888133325395729, 
0.14594745289675448, 0.16013395473208672, 0.1697506966030569, 0.15179096159753536, 0.11045023076866196, 0.15147647263324268, 0.11045023076866196, 
0.14356087687202854, 0.165843977103762, 0.17319367994089185, 0.16258083216785577, 0.09568850986332389, 0.16344361418881417, 0.09568850986332389, 
0.1489472155947607, 0.16542323177010665, 0.1736347504833046, 0.15079377306827693, 0.1057890538642534, 0.1496229213550444, 0.1057890538642534, 
0.14529857418029954, 0.1655966201369241, 0.18331465717865628, 0.13605240887724218, 0.12063340232648916, 0.1284709349738997, 0.12063340232648916, 
0.15341902975199556, 0.153257935122387, 0.17360496784180707, 0.13405449759121338, 0.1146149660879538, 0.15643363751668946, 0.1146149660879538, 
0.15506363378538818, 0.16184112520912122, 0.16889214555395346, 0.14143542542534024, 0.1109234082582875, 0.15092085350962198, 0.1109234082582875, 
0.15579575223713157, 0.18083875424499293, 0.1784613582698333, 0.15480952410399865, 0.08542472642562389, 0.1592451582927958, 0.08542472642562389, 
0.1423159870660556, 0.16962906851180476, 0.1695909838600414, 0.16252875485344256, 0.09690802522205857, 0.16211915526453843, 0.09690802522205857, 
0.1439370046659334, 0.15144163539773556, 0.15813386662286155, 0.14717452949392248, 0.12076523331330144, 0.15778249719294418, 0.12076523331330144, 
0.14156538274170039, 0.16030656487066872, 0.1692421331079224, 0.1570484514061886, 0.10065769644014297, 0.1705220749932341, 0.10065769644014297, 
0.14413382036579378, 0.17283221804738802, 0.17383138182905553, 0.16014810924255124, 0.09335793655345231, 0.16233859740830692, 0.09335793655345231, 
0.14296407402313094, 0.1528208541892522, 0.1691778662861632, 0.1579250055986298, 0.10772408078984307, 0.16166403832313775, 0.10772408078984307, 
0.14035662970389484, 0.16492678431540345, 0.17889099013237023, 0.16460177201297052, 0.09114212969035482, 0.16893956445465136, 0.09114212969035482, 
0.14539887544910823, 0.17282289703142473, 0.17111174651675118, 0.16312105862552995, 0.09064978940379163, 0.1662458435696027, 0.09064978940379163, 
0.1461977170343284, 0.1703401267778047, 0.18484112818474605, 0.152657899505579, 0.09539163699568778, 0.15517985450616648, 0.09539163699568778, 
0.13979582476175015, 0.15109255177582467, 0.18441041474992148, 0.14963880901682272, 0.09727660900035896, 0.18050918169496308, 0.09727660900035896, 
0.1375601800316684, 0.14418480120975039, 0.17112873797655703, 0.16420320377935435, 0.1050592692354834, 0.17280453853170297, 0.1050592692354834, 
0.14931198870051962, 0.17135694262494486, 0.1822475883787869, 0.15071911005257496, 0.1012574923857848, 0.14384938547160406, 0.1012574923857848, 
0.14635527142675678, 0.15349416285455472, 0.17650682007430274, 0.14550994238681866, 0.11981742277212352, 0.1384989577133201, 0.11981742277212352, 
0.14050483195203645, 0.15951510107051503, 0.1776291824689684, 0.155211477846949, 0.10654814114660567, 0.15404312436831974, 0.10654814114660567, 
0.1474078133090724, 0.144841971419468, 0.17929279554069272, 0.1377118636582763, 0.12886491578073273, 0.133015724511025, 0.12886491578073273, 
0.1427968123683535, 0.14593299726852313, 0.18031428755520448, 0.1530728577608222, 0.11262006298756001, 0.15264291907197672, 0.11262006298756001, 
0.14580147756082887, 0.15756899086853596, 0.16948416947593925, 0.14764988636750973, 0.1090012925424762, 0.1614928906422338, 0.1090012925424762, 
0.14660328602338488, 0.16012254003484988, 0.1742513874803759, 0.13893844007770478, 0.11793450802425084, 0.14421533033518286, 0.11793450802425084, 
0.16096754155276416, 0.16641122596514352, 0.1796880683006954, 0.13415465706694288, 0.10971219542813992, 0.1393541162581742, 0.10971219542813992, 
0.1436973301727267, 0.14488603205300163, 0.1510194932769302, 0.14052851713882442, 0.13931741244613988, 0.14123380246623735, 0.13931741244613988, 
0.15391005133380625, 0.1546127943814388, 0.16922433464697756, 0.12137218157420898, 0.14797231973783284, 0.10493599858790263, 0.14797231973783284, 
0.14581572726706243, 0.1563454253293936, 0.1832653151855967, 0.14546278221506728, 0.11670008119833783, 0.13571058760620439, 0.11670008119833783, 
0.14891881676375174, 0.12367888163574983, 0.1398138368473301, 0.10967157808879804, 0.1811463700679196, 0.11562414652853112, 0.1811463700679196, 
0.14388195927659103, 0.16136420258746476, 0.17313988854877438, 0.16167713594241795, 0.09763748554675505, 0.16466184255124175, 0.09763748554675505, 
0.1504407412039603, 0.14832125582836692, 0.15924284978536105, 0.12501390617037747, 0.15269141433175426, 0.1115984183484258, 0.15269141433175426, 
0.1486443667434657, 0.15107061281989326, 0.1650911265658343, 0.14585799256185114, 0.12097149824020458, 0.14739290482854653, 0.12097149824020458, 
0.14441883600813807, 0.14416727279474173, 0.17361872992754873, 0.1544002615997545, 0.1140383457342905, 0.15531820820123587, 0.1140383457342905, 
0.14081644706772425, 0.1499975393072724, 0.178115501760597, 0.16116868146634913, 0.1050781612616263, 0.15974550787480454, 0.1050781612616263, 
0.13631363100088878, 0.14996197829688762, 0.18119267943036896, 0.17054058219023335, 0.09482146458101082, 0.17234819991959974, 0.09482146458101082, 
0.1446394293955086, 0.18482317274152457, 0.17919363118029333, 0.16015951694600314, 0.08410183277170133, 0.16298058419326755, 0.08410183277170133, 
0.14567538269969266, 0.17933863927113936, 0.16892915872665443, 0.15989028342895079, 0.09104092122617063, 0.1640846934212214, 0.09104092122617063, 
0.14229219955397773, 0.1696870726347663, 0.1738592134081143, 0.1642889737490016, 0.0939574141395813, 0.16195771237497764, 0.0939574141395813, 
0.12911956353639079, 0.14153806705182959, 0.18826304300947938, 0.17829257823362407, 0.09158831989444559, 0.179610108379785, 0.09158831989444559, 
0.13364212857029892, 0.14047519596085326, 0.1749829724213674, 0.1739485031199069, 0.10192277786932415, 0.17310564418892543, 0.10192277786932415, 
0.1373336944422807, 0.1470570071621304, 0.17761129467179912, 0.16986825585551305, 0.10248195996231171, 0.16316582794365334, 0.10248195996231171, 
0.13998042155010068, 0.16620649254812403, 0.1779765146027927, 0.15916752139602258, 0.09831626098775753, 0.16003652792744494, 0.09831626098775753, 
0.14026760132594884, 0.15131631142826873, 0.1531522291016914, 0.15403320587641517, 0.12166052525164929, 0.15790960176437724, 0.12166052525164929, 
0.14016191678720688, 0.13512701252588022, 0.14503731040963935, 0.13932731203288862, 0.15165859299549295, 0.13702926225339904, 0.15165859299549295, 
0.1386757297668965, 0.12073678927155358, 0.13260506691730106, 0.13240682106784313, 0.17147293746304948, 0.13262971805030688, 0.17147293746304948, 
0.1424055197743148, 0.15014578052529803, 0.15370611824601588, 0.14964369305694938, 0.1286342582370939, 0.14683037192323417, 0.1286342582370939, 
0.13961562055511728, 0.12718163189340298, 0.13588431661669467, 0.1336050449822521, 0.16856498437455245, 0.12658341720342825, 0.16856498437455245, 
0.14181897450826617, 0.15131460299363492, 0.1557000218545316, 0.1519530231280948, 0.12487512289578905, 0.14946313172389447, 0.12487512289578905, 
0.14156661068911564, 0.16565588662717665, 0.16945330416716886, 0.1627105582124679, 0.09968792668062104, 0.16123778694282886, 0.09968792668062104, 
0.14327711940878024, 0.1400255651646464, 0.14520948879117745, 0.1365955152712621, 0.14863479491931822, 0.13762272152549737, 0.14863479491931822, 
0.14281558201267439, 0.13641483121953804, 0.14096234584150014, 0.13325911294385545, 0.15643043429710704, 0.133687259388218, 0.15643043429710704, 
0.15243878625035837, 0.16630901266566736, 0.15504094559393913, 0.12896133591623093, 0.13473483559416485, 0.12778024838547458, 0.13473483559416485, 
0.14338941981464837, 0.15419488123023303, 0.15953258061821632, 0.15021243129381012, 0.12182830309924528, 0.14901408084460152, 0.12182830309924528, 
0.14568896602508416, 0.12225583228663084, 0.12684061342573977, 0.11471007907458983, 0.18679468812909852, 0.1169151329297584, 0.18679468812909852, 
0.14991837768787364, 0.15493905859388754, 0.16149103417589752, 0.12820547274033506, 0.1382939614409809, 0.12885813392004447, 0.1382939614409809, 
0.14568607400999203, 0.1565464310487926, 0.1704904566380435, 0.15639588102445967, 0.10676887496792205, 0.1573434073428682, 0.10676887496792205, 
0.14437818211018152, 0.1575554893769944, 0.16568430405485643, 0.15697379004534695, 0.10897346461630344, 0.1574613051800137, 0.10897346461630344, 
0.1449230370811272, 0.15262878475150324, 0.16569603382953152, 0.15628084946448015, 0.11180690778607585, 0.15685747930120614, 0.11180690778607585, 
0.15675147706645545, 0.16032836083128166, 0.16760254683224832, 0.14306567567976186, 0.11459676030085131, 0.14305841898855018, 0.11459676030085131, 
0.15561836138065277, 0.1563504311033199, 0.15930173435755166, 0.1331854557900373, 0.1288447652109258, 0.13785448694658672, 0.1288447652109258, 
0.15419243575764524, 0.16407111240059033, 0.17037941294791273, 0.14226787562125917, 0.11062882829567905, 0.14783150668123432, 0.11062882829567905, 
0.16813786313289297, 0.14250172078174478, 0.15212036988708677, 0.10391264090976557, 0.16048236332421054, 0.11236267864008878, 0.16048236332421054, 
0.16872343092830883, 0.15898696092629916, 0.16773235987102927, 0.11480195794201108, 0.13390351360141917, 0.12194826312951344, 0.13390351360141917, 
0.15310336171836078, 0.16366350795380938, 0.16651879129144195, 0.14620846075317015, 0.10942014055307304, 0.15166559717707165, 0.10942014055307304, 
0.14372738580151423, 0.16038879027660768, 0.16244089414352092, 0.15394348241505643, 0.11180672225461716, 0.1558860028540664, 0.11180672225461716, 
0.14547565794206668, 0.15475486171914624, 0.1583666654599804, 0.13730506246715876, 0.13419754009091797, 0.13570267222981214, 0.13419754009091797, 
0.14790725244756625, 0.13742169407586982, 0.1455423826245093, 0.12370470553656919, 0.15633079133732025, 0.13276238264084486, 0.15633079133732025, 
0.1497976286316864, 0.12900377631704918, 0.15037666742004568, 0.10401346749866146, 0.17957811066922535, 0.10765223879410668, 0.17957811066922535, 
0.14446646966145704, 0.17419226836937843, 0.17086694233871438, 0.1574223634419861, 0.09770854063189138, 0.15763487492468128, 0.09770854063189138, 
0.15123951789489018, 0.16362468741439828, 0.16480768754817768, 0.1481559078439166, 0.11019598291761618, 0.151780233463385, 0.11019598291761618, 
0.15429958818552322, 0.15225938654908372, 0.15797624912743177, 0.13647179351643518, 0.1281414584195546, 0.14271006578241685, 0.1281414584195546, 
0.14838936129374497, 0.16574873164141232, 0.16576370143362734, 0.15495211119481175, 0.10179718300172687, 0.16155172843294985, 0.10179718300172687, 
0.14521403821640996, 0.1360764866349083, 0.15665754256138748, 0.10483383865140597, 0.1776821875818113, 0.1018537187722656, 0.1776821875818113, 
0.16460533922414997, 0.13506621667678614, 0.13370139845884146, 0.08302688829254154, 0.2029910393799868, 0.07761807858770746, 0.2029910393799868, 
0.1669443777722587, 0.15850940664301646, 0.17004718617679718, 0.11931065364966749, 0.13031267908985247, 0.12456301757855513, 0.13031267908985247, 
0.17839240964771003, 0.16319472964090956, 0.17172214551854761, 0.10896848295896767, 0.12935126544576467, 0.11901970134233587, 0.12935126544576467, 
0.16244483025710676, 0.13715349254562845, 0.14220313384897024, 0.10437373128097825, 0.1705187887245222, 0.11278723461827196, 0.1705187887245222, 
0.16393343813094408, 0.13325056090024617, 0.142370817260791, 0.09999650900234267, 0.17654803248341705, 0.10735260973884192, 0.17654803248341705, 
0.15072693707546003, 0.12284309114121705, 0.14234692591966205, 0.09525560071295089, 0.19622313742069733, 0.09638117030931528, 0.19622313742069733, 
0.15389424142141866, 0.15474370201697932, 0.16525104142054006, 0.14587900443748633, 0.11575421885916501, 0.14872357298524566, 0.11575421885916501, 
0.1629939158771507, 0.13990683821281352, 0.1311845972264587, 0.09767782995371718, 0.1824028310850878, 0.10343115655968432, 0.1824028310850878, 
0.14921800015827327, 0.1435073124502109, 0.1551408976107802, 0.13434669386060558, 0.14111051204413289, 0.13556607183186423, 0.14111051204413289, 
0.14476357160773454, 0.17272941613093115, 0.17504521502781628, 0.15726320980246364, 0.0980857803839836, 0.15402702666308726, 0.0980857803839836, 
0.16252928517428505, 0.151023318076306, 0.165584559116071, 0.11778039277854217, 0.14352077984999936, 0.11604088515479713, 0.14352077984999936, 
0.14581501783326883, 0.17585351571890487, 0.18516292568736278, 0.15832913249454236, 0.08805441323608311, 0.15873058179375493, 0.08805441323608311, 
0.1461497157278148, 0.16397708303745787, 0.17558388502174685, 0.15536259030406474, 0.10161088085954369, 0.1557049641898282, 0.10161088085954369, 
0.1559466315160527, 0.1615947691845877, 0.16840156688257968, 0.143380955391186, 0.11331398208448436, 0.14404811285662517, 0.11331398208448436, 
0.15605324506000393, 0.17766626373495772, 0.17131281886858435, 0.1511661262755963, 0.09609452894746928, 0.15161248816591905, 0.09609452894746928, 
0.1408089725485578, 0.1540969583957819, 0.17688079967603543, 0.16266781951974532, 0.10131230994675852, 0.1629208299663625, 0.10131230994675852, 
0.16190397880389615, 0.13611255842210537, 0.14926098933865994, 0.10229578559979101, 0.16241599247675617, 0.12559470288203542, 0.16241599247675617, 
0.15508252507387033, 0.1548565228331256, 0.1633462342236969, 0.13487872135044748, 0.11872465105154148, 0.15438669441577665, 0.11872465105154148, 
0.14754623524118587, 0.16582535938580262, 0.16990058520578896, 0.15638732993068924, 0.0962387640491649, 0.16786296213820365, 0.0962387640491649, 
0.14680662425004962, 0.15340577182770324, 0.15734200886119218, 0.14376315895855557, 0.12186725181375516, 0.15494793247498917, 0.12186725181375516, 
0.15073727368502413, 0.17823697242835937, 0.1762415792624915, 0.1559124588681342, 0.09000006861102382, 0.15887157853394313, 0.09000006861102382, 
0.14589572648397015, 0.17876068090299532, 0.18516981831785898, 0.15228688426457032, 0.0924728961917402, 0.15294109764712469, 0.0924728961917402, 
0.14932426054876938, 0.16913421171079002, 0.1777018916761073, 0.1495119885384717, 0.10146866097555644, 0.15139032557474882, 0.10146866097555644, 
0.1535420276457334, 0.148896423335883, 0.16798448684135114, 0.12995980234065094, 0.13254593329006606, 0.13452539325624938, 0.13254593329006606, 
0.1462547778034866, 0.1538134495186848, 0.16131847151154435, 0.15253436049207542, 0.11558756940341414, 0.15490380186738067, 0.11558756940341414, 
0.1561253978541922, 0.15981717029005416, 0.16270107402640846, 0.1326928577522724, 0.12474720488663013, 0.13916909030381264, 0.12474720488663013, 
0.1464680237577314, 0.16525036891061834, 0.17758796392232554, 0.1528649225974685, 0.09759945634358985, 0.1626298081246766, 0.09759945634358985, 
0.14180445100404726, 0.16615713064654497, 0.16817878637716366, 0.1602846982719675, 0.10005295881197375, 0.16346901607632902, 0.10005295881197375, 
0.14334910138684087, 0.16868084249329318, 0.1747495746598493, 0.1512212613331784, 0.10438591943066887, 0.15322738126550045, 0.10438591943066887, 
0.14663206109699015, 0.16174230320752314, 0.17116037003992515, 0.15618830016103166, 0.10176892201629076, 0.1607391214619483, 0.10176892201629076, 
0.14946022869131587, 0.16006662447939138, 0.16912750860477815, 0.1532424358592613, 0.10581318178189413, 0.15647683880146515, 0.10581318178189413, 
0.14170884263093406, 0.17134133297384355, 0.17180450418437804, 0.16071750374128457, 0.09501073170939528, 0.16440635305076923, 0.09501073170939528, 
0.14035267916372363, 0.15678293550483244, 0.17099184439259746, 0.16649661090825463, 0.09848473058419994, 0.16840646886219185, 0.09848473058419994, 
0.14543826382701433, 0.17385724651982215, 0.17310076547795697, 0.16376062861250865, 0.08927747282864489, 0.16528814990540805, 0.08927747282864489, 
0.1420039831468641, 0.16639549695283568, 0.18374362059268648, 0.16931700302919156, 0.08394007625982516, 0.17065974375877188, 0.08394007625982516, 
0.14240195948132772, 0.1647386999381099, 0.18075476678429248, 0.16064532578785376, 0.09515729916940803, 0.16114464966960004, 0.09515729916940803, 
0.14246555482306422, 0.16442127649669522, 0.17892566226443005, 0.15902162683292265, 0.09785956086354376, 0.15944675785580037, 0.09785956086354376, 
0.14201346914820634, 0.15050036793631255, 0.16888570100221953, 0.14679528505255895, 0.1218619346971983, 0.14808130746630602, 0.1218619346971983, 
0.1830120924805354, 0.16729861531153917, 0.1923162568700869, 0.07937739799492288, 0.14962462513416405, 0.07874638707458752, 0.14962462513416405, 
0.1640160688705276, 0.15785632460622875, 0.1619796475478267, 0.11870010816368806, 0.13913148530388736, 0.11918488020395412, 0.13913148530388736, 
0.16677878367309112, 0.16763679042961285, 0.18347240024998998, 0.12050278182381464, 0.12050128284686554, 0.12060667812976043, 0.12050128284686554, 
0.15379135665876734, 0.17282837432226134, 0.1931731261472185, 0.1411651607632268, 0.09894257069603601, 0.14115684071645396, 0.09894257069603601, 
0.1514492014290522, 0.16925234785367385, 0.1744826605359903, 0.14659981302672814, 0.10568232267583796, 0.1468513318028796, 0.10568232267583796, 
0.1447128543171263, 0.17835043973803769, 0.1754441284118257, 0.16046485113817563, 0.09015729893034566, 0.1607131285341435, 0.09015729893034566, 
0.1436395877555746, 0.1628424694738697, 0.18470933512582832, 0.15754987020354183, 0.09677086653689841, 0.15771700436738875, 0.09677086653689841, 
0.141300132412823, 0.17340819104338193, 0.17887115939608708, 0.16118629246244467, 0.09189007208147264, 0.161454080522318, 0.09189007208147264, 
0.1431294770704824, 0.15442078586315383, 0.16926091513884922, 0.16162354552084332, 0.10272941148048792, 0.16610645344569536, 0.10272941148048792, 
0.1412696091727992, 0.15883525817726468, 0.16520598613343668, 0.15985764176383233, 0.10679012653329692, 0.16125125168607318, 0.10679012653329692, 
0.1489248810428443, 0.15872328309054617, 0.1764562684702074, 0.14729928574996698, 0.10957972931374356, 0.149436823018948, 0.10957972931374356, 
0.14010124915741046, 0.1790676875042176, 0.18128334190254197, 0.16430438824175253, 0.08491854794409662, 0.16540623730588422, 0.08491854794409662, 
0.1399623543406647, 0.14688349840855508, 0.18285548320975703, 0.16467117039787738, 0.09973209172348603, 0.16616331019617372, 0.09973209172348603, 
0.1688211917520356, 0.1317208040109161, 0.13936751417090468, 0.0446511794930265, 0.2352081938282016, 0.045022922916713844, 0.2352081938282016, 
0.15601194255460962, 0.15875069326889818, 0.16735211776925604, 0.13974801292202682, 0.11908850411065751, 0.13996022526389443, 0.11908850411065751, 
0.16713590127351288, 0.1507958214099595, 0.16334639542633408, 0.11810586759099145, 0.14119254804916126, 0.11823091820087953, 0.14119254804916126, 
0.1407025220631029, 0.1572927446266047, 0.17319390713244803, 0.1505858945677551, 0.10747073605394014, 0.163283459502209, 0.10747073605394014, 
0.14184717615491396, 0.16573343159921516, 0.17428118771711174, 0.16028594594322818, 0.09579234624099364, 0.1662675661035437, 0.09579234624099364, 
0.1467159118191382, 0.15769524369670537, 0.17085377943028784, 0.149676605754507, 0.10682149271543129, 0.16141547386849908, 0.10682149271543129, 
0.15056421486702676, 0.14674185335505757, 0.14243623762005422, 0.12395620385076327, 0.15271773627715216, 0.13086601775279397, 0.15271773627715216, 
0.14915834080640386, 0.14199268140403673, 0.15535285724805525, 0.12432471716670007, 0.14830865894042183, 0.1325540854939604, 0.14830865894042183, 
0.1556141502244333, 0.17340243525894647, 0.16797221373090118, 0.1409758509633191, 0.11057372216693848, 0.14088790548852298, 0.11057372216693848, 
0.1531836726756169, 0.1584210192405678, 0.1600562407762664, 0.13352387802114818, 0.1327130549323351, 0.12938907942173047, 0.1327130549323351, 
0.14888240205041717, 0.13764361434791306, 0.14062185089400364, 0.1211830041967221, 0.15779744197793485, 0.13607424455507441, 0.15779744197793485, 
0.14918127194750727, 0.14264083621314716, 0.1480161359972121, 0.12842504017012044, 0.1513539963704362, 0.12902872293114057, 0.1513539963704362, 
0.15083436470645104, 0.14784421039034093, 0.17451974846130622, 0.13432620847981813, 0.12997175190670004, 0.13253196414868346, 0.12997175190670004, 
0.145552838323832, 0.16714832755487685, 0.1668455795201335, 0.15853388834880622, 0.09926040181663473, 0.1633985626190818, 0.09926040181663473, 
0.1493197648016073, 0.1520053986579855, 0.17511994579214427, 0.1337996161910195, 0.115234268659761, 0.1592867372377215, 0.115234268659761, 
0.15221032427052966, 0.1492093542244489, 0.15114874905518913, 0.1309893902136811, 0.13976796483515477, 0.1369062525658417, 0.13976796483515477, 
0.14109984603636538, 0.1520345188885229, 0.17073353192984322, 0.15835121341768268, 0.10813811804289776, 0.16150465364179045, 0.10813811804289776, 
0.15149064005024776, 0.14326038618889575, 0.15680185096809718, 0.13305297127605967, 0.14056968856418559, 0.1342547743883285, 0.14056968856418559, 
0.14716600493172946, 0.15993140310831172, 0.17180952858105067, 0.155414922669296, 0.10464481247544016, 0.15638851575873183, 0.10464481247544016, 
0.14970940041909936, 0.14749765748184485, 0.16714903788364519, 0.14672626872263125, 0.12064571930258641, 0.1476261968876064, 0.12064571930258641, 
0.14547474959551632, 0.15952214376060025, 0.17926106531203306, 0.14494603762402425, 0.11265712569147696, 0.14548175232487207, 0.11265712569147696, 
0.14315666754262643, 0.158404420250108, 0.1966780965772861, 0.13378645056229826, 0.11682870306323716, 0.134316958941207, 0.11682870306323716, 
0.1508628127639098, 0.14928983681407462, 0.20287726056519642, 0.10741849841468282, 0.14097791499028875, 0.10759576146155876, 0.14097791499028875, 
0.1462818989357333, 0.16407859511626505, 0.20624593146735168, 0.13789654240593868, 0.1035837995600994, 0.13832943295451244, 0.1035837995600994, 
0.1498348992485785, 0.14290594693828532, 0.20051212373125968, 0.1134601944251873, 0.13972317263706727, 0.11384049038255462, 0.13972317263706727, 
0.1446663245765136, 0.14079041726444488, 0.14420845929174392, 0.13177601921760562, 0.15028868119391542, 0.1379814172618612, 0.15028868119391542, 
0.14291265843456336, 0.13999167996126724, 0.145176013690549, 0.13390873969367806, 0.14579364528470645, 0.14642361765052936, 0.14579364528470645, 
0.14402013438597372, 0.1568171779498271, 0.16487130902323244, 0.15019434446774296, 0.11452631192398909, 0.15504441032524582, 0.11452631192398909, 
0.1465259075756434, 0.14510218170106226, 0.15699181004815463, 0.13291082562531084, 0.13331930646960127, 0.15183066211062624, 0.13331930646960127, 
0.15235317782462302, 0.14344179101150994, 0.1468499961146687, 0.12398312677769767, 0.15214537451558302, 0.1290811592403346, 0.15214537451558302, 
0.1467386257785348, 0.15661189616947335, 0.17129596743477338, 0.1422664257465793, 0.11006732502454875, 0.16295243482154165, 0.11006732502454875, 
0.15090042415194505, 0.1363122604331168, 0.17227112687731666, 0.10558906215211065, 0.13966616992171066, 0.1555947865420894, 0.13966616992171066, 
0.14958360298255224, 0.14752127720717775, 0.17757904415863557, 0.11722334940476191, 0.12029294681159836, 0.16750683262367574, 0.12029294681159836, 
0.13666675948605184, 0.14207589352374614, 0.1792281071585332, 0.16149440739251522, 0.10258588143027784, 0.17536306957859782, 0.10258588143027784, 
0.1419403143391848, 0.1616376571423348, 0.17711007014062752, 0.15667984766954413, 0.10407141246905018, 0.15448928577020835, 0.10407141246905018, 
0.14846307878289045, 0.1700997597260943, 0.15734370780219667, 0.1465247366913099, 0.11358707056413798, 0.15039457586923252, 0.11358707056413798, 
0.13673096487790345, 0.16167325215594833, 0.17565242196435818, 0.1716696796123821, 0.0879567853226816, 0.17836011074404473, 0.0879567853226816, 
0.14428000872967828, 0.12218230142704326, 0.1289305723752799, 0.11140935606850227, 0.18548751577634273, 0.12222272984681093, 0.18548751577634273, 
0.14440019999798173, 0.11708248479448478, 0.13100632219536418, 0.12504880229378207, 0.16195728099999906, 0.1585476287183891, 0.16195728099999906, 
0.14323241673836934, 0.1557489027504591, 0.16749221456083344, 0.1502177718354988, 0.10895189637734713, 0.165404901360145, 0.10895189637734713, 
0.15383080751018385, 0.14309188759528704, 0.15038316663025442, 0.11716970616879473, 0.15211978746514873, 0.1312848571651824, 0.15211978746514873, 
0.1514794995933671, 0.15669658623506075, 0.17158123585932497, 0.1288563707990442, 0.13718488195620188, 0.11701654360079934, 0.13718488195620188, 
0.15518619363216052, 0.16181547232301258, 0.18304055390254007, 0.1316020368991878, 0.11780643805650873, 0.1327428671300816, 0.11780643805650873, 
0.14780279785553305, 0.12665687372373294, 0.15575896915768914, 0.12125456552679971, 0.15465088563366375, 0.13922502246891771, 0.15465088563366375, 
0.1562169933004656, 0.1679515276574056, 0.1736488537021371, 0.14118386988593687, 0.1073294933280205, 0.1463397687980139, 0.1073294933280205, 
0.15537839539173934, 0.1593762117043713, 0.1740849745995793, 0.13484784474080463, 0.11686778326405074, 0.14257700703540382, 0.11686778326405074, 
0.1422786161167752, 0.15444534176646516, 0.17844209902997143, 0.15157474987425001, 0.10433450305693355, 0.16459018709867118, 0.10433450305693355, 
0.1380482140684727, 0.13127204346528967, 0.16770963798383476, 0.14566021373160953, 0.13051364564007675, 0.15628259947063988, 0.13051364564007675, 
0.14583985200157426, 0.15466884262852829, 0.15486400474879472, 0.14352439962453076, 0.12627351481939228, 0.14855587135778736, 0.12627351481939228, 
0.1449424710069933, 0.14236242391425874, 0.16253164725791008, 0.14192122152670258, 0.13136297121337284, 0.1455162938673894, 0.13136297121337284, 
0.14638218754831506, 0.14456740189678394, 0.15315879289670584, 0.1440127081173224, 0.13071985754682078, 0.15043919444723122, 0.13071985754682078, 
0.1467578988350115, 0.15885319981560375, 0.16661578450525077, 0.15362556302569286, 0.10754983610423403, 0.15904788160997313, 0.10754983610423403, 
0.14273438119641568, 0.15847757805502333, 0.1654357890389814, 0.15868329536996303, 0.10513714413859296, 0.16439466806243053, 0.10513714413859296, 
0.1464720044718043, 0.16110106619464834, 0.16977136427306494, 0.1558272815840737, 0.10393473530816925, 0.1589588128600703, 0.10393473530816925, 
0.148543228760107, 0.16025113576585506, 0.16343683029938638, 0.1477278719810428, 0.11210249764446407, 0.15583593790468064, 0.11210249764446407, 
0.14373816548492158, 0.14666884656199783, 0.14915735098552863, 0.13808256172683042, 0.13586713270233214, 0.1506188098360573, 0.13586713270233214, 
0.1493572567919116, 0.14803207097895563, 0.14939664079090728, 0.13031443026924536, 0.14569623017466482, 0.13150714081965043, 0.14569623017466482, 
0.1474483790084976, 0.1775935131731209, 0.17410299426276668, 0.15656370696767063, 0.09426257532088164, 0.15576625594618101, 0.09426257532088164, 
0.14673254087180768, 0.15509566065112484, 0.15535806996261708, 0.14255536796927232, 0.1297501348623712, 0.14075809082043572, 0.1297501348623712, 
0.14851986393614625, 0.14793142104947998, 0.13816870738158743, 0.12137943220684941, 0.16429785333051386, 0.11540486876490941, 0.16429785333051386, 
0.1496166534154272, 0.16079856074223164, 0.15226500632153273, 0.12640923425902376, 0.14695930357602682, 0.11699193810973098, 0.14695930357602682, 
0.14181897343051564, 0.13567442699690685, 0.14434173749781834, 0.13576458615573392, 0.15271355859361535, 0.13697315873179466, 0.15271355859361535, 
0.15139671505324256, 0.15906657009189087, 0.1590613747296755, 0.1388550650286266, 0.1261092380814985, 0.13940179893356766, 0.1261092380814985, 
0.14861912196450375, 0.15224867034756753, 0.16345995173604755, 0.12464461635881259, 0.1444014433221339, 0.12222475294880072, 0.1444014433221339, 
0.14956105315959992, 0.15878538197921757, 0.16517312527637265, 0.14760731155396445, 0.11401129327907263, 0.1508505414727, 0.11401129327907263, 
0.1567952111276738, 0.159056141830894, 0.16805766187265264, 0.13743441369651968, 0.1196301791004062, 0.13939621327144744, 0.1196301791004062, 
0.14313399967512147, 0.17155350963110694, 0.17422658353268294, 0.16140617386257597, 0.09371540211191083, 0.16224892907469107, 0.09371540211191083, 
0.13856396938910173, 0.1515295295573422, 0.173596976534949, 0.16364009491925688, 0.10443881877387619, 0.1637917920515978, 0.10443881877387619, 
0.13916344792621557, 0.13531482699368613, 0.16623479050539794, 0.15602447560420607, 0.12336733553587668, 0.15652778789874075, 0.12336733553587668, 
0.13399648759776975, 0.13614710599579286, 0.16397831356156636, 0.1684230404615283, 0.11398064360709219, 0.16949376516915823, 0.11398064360709219, 
0.1335731944062878, 0.13124219163625622, 0.169531436947171, 0.1680047131810396, 0.11719510093574713, 0.16325826195775126, 0.11719510093574713, 
0.1358875524924345, 0.14483297238208107, 0.16855245201697133, 0.169125362149785, 0.10729882449144049, 0.1670040119758471, 0.10729882449144049, 
0.14686563868300148, 0.12309167704869033, 0.12711677184217965, 0.10945331693703846, 0.18852516346655998, 0.1164222685559702, 0.18852516346655998, 
0.14940120392120937, 0.15236865576628433, 0.16847135922370277, 0.14187929944400798, 0.1213564479537993, 0.14516658573719687, 0.1213564479537993, 
0.14830759685827177, 0.1546894423825044, 0.17045494669808947, 0.1515766688319659, 0.11093578991238731, 0.1530997654043938, 0.11093578991238731, 
0.15169982486041528, 0.15945349128406508, 0.1640634663140408, 0.14562816617906216, 0.11537767367732503, 0.14839970400776648, 0.11537767367732503, 
0.15477269230047538, 0.1648409101405408, 0.16790040774623308, 0.14226569161253125, 0.11305487977978927, 0.14411053864064086, 0.11305487977978927, 
0.15486518247953848, 0.19128762180945774, 0.18855961628009688, 0.1487116119601816, 0.0852122776544577, 0.14615141216180996, 0.0852122776544577, 
0.14840618037580092, 0.17895836757040576, 0.1898996163900589, 0.15725043438878109, 0.08515618825067629, 0.15517302477360095, 0.08515618825067629, 
