
0.20860289328373446,0.14454887620590928,0.08182966755518988,0.08407036268933626,0.18978231397179068,0.10955686598537091,0.18160902030866846,
0.14307186435366617,0.14192243812867375,0.143319814720519,0.1442211626817193,0.1451431428006027,0.14006229057377273,0.14225928674103722,
1.3093572706204817E-4,2.0783288006043016E-4,2.2609442636269478E-4,0.8228146696280288,0.1764111179572276,7.569648660873044E-5,1.336528946519591E-4,
4.0293509945949353E-4,4.399445335112213E-4,3.5784110814854656E-4,0.7868326728504657,0.21164982429958082,2.019225293269993E-4,1.1485957950758358E-4,
1.2896120689571702E-5,1.3852333326848982E-5,9.903854295920585E-6,0.8808071267988549,0.11914115906496323,7.414786177695005E-6,7.64704169133991E-6,
2.783919867473038E-10,5.292909558751534E-10,5.984010309667563E-11,0.7850963834558822,0.2149036151411992,4.052816739813864E-10,1.3011448397045063E-10,
7.7895715953601E-11,1.7882179982196771E-10,1.9087867025134066E-11,0.777335274000882,0.22266472559537337,9.440533483925178E-11,3.353556407134828E-11,
1.5491995713323248E-14,9.669283615732491E-14,5.462147196853141E-15,0.8184724913581107,0.18152750864174777,1.8722940700373E-14,5.01915351383827E-15,
2.8904957967532794E-11,5.47318762559509E-11,5.33218858123494E-12,0.7782562044822287,0.2217437953847806,3.839015070406815E-11,5.63153990902854E-12,
2.2521628824410033E-8,7.131809432142265E-8,9.239591916509462E-9,0.8212353548138503,0.17876450310962272,3.1432427401941446E-8,7.564785027677666E-9,
7.556810056335711E-7,3.0198289701349435E-6,1.864256486435448E-7,0.7540840829108075,0.24591050410960213,1.3073104814586247E-6,1.4373348374878873E-7,
1.2099868002552773E-9,2.7344676386051E-9,7.24955572572581E-10,0.7841221731380283,0.21587781897265515,2.5814719465079445E-9,6.384364442669536E-10,
2.918415252325576E-7,1.4452385002866925E-4,5.4717437484868645E-9,0.846973041498138,0.15283956111336175,4.2570968713025466E-5,5.256488656098863E-9,
3.5472227756360755E-8,3.153233371899545E-6,2.5354863256364286E-9,0.778971448824606,0.22102412931008128,1.228910942441405E-6,1.7132845237786218E-9,
1.2768118216919424E-7,0.004336563577811854,4.445053667268176E-9,0.7690477923603362,0.22646177275798143,1.5373526073313515E-4,3.9169011713899406E-9,
2.908293862214454E-8,8.024750819039913E-4,2.1473501330033443E-9,0.8460163999208892,0.15314086342206312,4.022810410707759E-5,2.240747362980389E-9,
4.3797343562460474E-11,3.1679428002288734E-7,1.0300236519733731E-11,0.7920929380698044,0.2079067449140018,1.517882962156288E-10,1.6028657039690726E-11,
2.1276623762022373E-8,5.827014352180457E-4,1.626227373980552E-8,0.7431066679907782,0.2563104463932208,1.3261548174199032E-7,1.4026402989625993E-8,
3.3481019263372634E-10,0.0011408166667870828,2.7329490167921124E-10,0.7587919893023779,0.24006714249023936,5.067599551440695E-8,2.564941891637887E-10,
1.1778718215687568E-12,2.9465800758932785E-6,2.413649347836551E-13,0.8445289650598022,0.15546808833899156,1.949151784497942E-11,2.2001616739377982E-13,
3.270428075402087E-11,4.073504063651084E-5,1.885690359837189E-11,0.7930978965970021,0.20686136806243524,2.3981010906176806E-10,8.55706552461933E-12,
4.397106610277569E-11,1.7459433949911988E-5,2.392667989369769E-11,0.8053989374783621,0.19458360128729557,1.6949104760143607E-9,3.758183255213709E-11,
4.6025024873454364E-8,0.0022650795889352995,2.3104463447064464E-8,0.8816420743706428,0.11609081935629934,1.9411272250555157E-6,1.642740709223465E-8,
1.3875727332515277E-8,0.001860639778085151,1.2667952362095624E-8,0.8190197378046536,0.1791153969397724,4.190316295374778E-6,8.617515117909571E-9,
7.81542253248348E-12,2.2962902504603905E-5,1.0088291204516917E-11,0.8048791559209197,0.19509788030147193,8.540665533640332E-10,3.1356707530087884E-12,
7.123636986161748E-8,0.005273952291612535,3.074381428348346E-8,0.7836998545405887,0.21102030188237153,5.741210689493377E-6,4.8094552930782454E-8,
4.613959785127387E-5,0.0015601635796473096,3.3678957113427974E-5,0.7929552128711642,0.20528867968871786,7.469587038046197E-5,4.1429435125304385E-5,
5.7274136895581485E-9,3.7433655650318274E-4,7.316523155181891E-9,0.7789861795679881,0.2206393660322087,9.76442884488119E-8,7.155073496170819E-9,
1.8542553804050623E-13,4.336637739215826E-6,1.5793176374403443E-13,0.8281565811180964,0.1718390822335224,1.0111775822066118E-11,1.8609137473047736E-13,
2.1902972545271318E-14,5.4897468965766795E-6,1.1416085041855104E-14,0.8425840011236653,0.1574105091272974,2.086729695991837E-12,1.8449173127041912E-14,
5.429058982857125E-11,0.00465495277862809,8.016268786502777E-11,0.7564207198455857,0.2389243057214411,2.142509033134024E-8,9.480239216050571E-11,
4.900772968031768E-15,1.808854864238265E-4,6.528735340976098E-15,0.7464880436435586,0.25333107086917306,8.290952567582785E-13,3.761288637134469E-15,
2.1650412229346432E-12,6.0630628783889784E-5,1.6879803597432948E-12,0.8000885150960406,0.1998508542558626,1.4062701098737212E-11,1.3980707578424442E-12,
7.473115641468827E-13,1.3762377683272879E-5,9.009204283777026E-13,0.8413943016509785,0.15859193596153764,7.544564741621672E-12,6.094278579539379E-13,
9.893208007430181E-8,0.001029734415650552,1.1117302818743835E-7,0.844114435332586,0.15468111145507232,1.7442121314017775E-4,8.747844124214723E-8,
3.9300790506172643E-8,0.006679391355141664,2.5352593219150933E-8,0.8087469221895283,0.18219819247138694,0.0023753987221672257,3.060839240062595E-8,
1.9846206936688795E-10,6.57095129995165E-4,1.1023412021204863E-10,0.7757425582995681,0.22336759413566415,2.327520015511657E-4,1.2452664677272178E-10,
2.060196286938073E-11,7.66035330326003E-4,3.596004094264718E-11,0.8018852666006726,0.19728188022473941,6.68177708853041E-5,1.6815310253246553E-11,
3.4199797264318136E-9,2.0943783986856492E-4,2.9659801442862505E-9,0.6969115801341953,0.3028652401443272,1.3733854655754417E-5,1.6409932214893983E-9,
5.1022794022521034E-14,3.64332739819043E-6,5.286512434770488E-14,0.7302858365932932,0.26971046517130876,5.490785560108782E-8,4.218729042435406E-14,
3.5302672038045023E-11,1.2681579001419227E-5,4.09329921048625E-11,0.7376958721862682,0.26228799432581407,3.451773941195317E-6,5.87385091197723E-11,
1.4034049444837663E-13,1.687505768084819E-5,2.8682658058784954E-13,0.8710855974549873,0.12889325070350482,4.276783297256803E-6,1.0348137840113437E-13,
2.43048066087948E-16,6.052006278821932E-6,2.7379527186346774E-16,0.7893005745278625,0.21069236501953875,1.0084463188800743E-6,1.9398169920080646E-16,
1.8095767633575844E-10,0.004459494365782385,1.826677575030207E-10,0.7932227457501286,0.20159579021440785,7.219692133683143E-4,9.268769686237788E-11,
1.2179154154324469E-12,4.129077157640699E-5,4.5150627984812014E-13,0.7161470683768213,0.28380822044483894,3.4204045814569907E-6,5.117004138461971E-13,
6.680422740885221E-11,0.005499764299359842,5.0511727217756915E-11,0.8153864980949147,0.1788959017376099,2.1783569677941972E-4,5.402069585224813E-11,
2.04863072616536E-14,5.023478903753365E-5,2.2370040819175422E-14,0.7970014586603688,0.20294636753644865,1.939014089235605E-6,1.3019378595263794E-14,
1.2397893587113066E-8,0.01104585244397147,1.4685194622112364E-8,0.785754529177214,0.20308332061831005,1.1625761677283817E-4,1.3060642240865408E-8,
3.912871370817354E-12,1.5798432257651E-4,5.361313424286815E-12,0.7189190937542229,0.280921287148573,1.6347623586423384E-6,2.9938116527608097E-12,
1.1026905447055088E-10,0.019878234667758964,5.7304522154640386E-11,0.7943780566566961,0.18570316967758424,4.053875313401724E-5,7.725412741699877E-11,
6.412143112049878E-14,3.025431940543525E-6,3.938353352006557E-14,0.7212772144224104,0.2787197297349842,3.0410535678010203E-8,2.6461111454312228E-14,
1.2144225039358254E-17,6.392430067738691E-7,1.15892582668002E-17,0.80185222513128,0.19814713489473207,7.309755879471209E-10,5.503374822436749E-18,
5.2695652099631495E-11,3.220918282968949E-6,1.4335456352109008E-11,0.7747373084574317,0.22525910800587956,3.62532148670649E-7,1.9226565465350948E-11,
7.922688668272145E-15,1.8451601002320654E-4,5.890378266786677E-15,0.800665002936225,0.1991501842347498,2.968189841287824E-7,4.897410088648311E-15,
9.968422436823493E-14,0.0013523324686156414,9.798313559720353E-14,0.8436092651781703,0.1549963240220389,4.2078330865125803E-5,1.1113986192572712E-13,
5.29127303490646E-12,2.006797559678142E-5,2.5957833969989718E-12,0.8275582935366185,0.17242009736193267,1.5411124887898897E-6,5.473581444809816E-12,
7.489751480888661E-12,1.407996751338005E-4,6.9579626158157986E-12,0.8371882311216314,0.16266223534706603,8.733833797744474E-6,7.922585709476032E-12,
8.733282093233539E-13,5.576950409208128E-6,1.1501860140400916E-12,0.7738434134307751,0.22615054355590655,4.6606042481787927E-7,4.606783299255396E-13,
9.391104209921384E-12,0.0010854102578688443,5.293587224933151E-12,0.7738592632461788,0.22504716304019295,8.163434976181345E-6,6.1002990424008E-12,
1.1281691702341646E-13,3.462844812691701E-5,1.8802046929834533E-13,0.8418078927167082,0.1581571539171096,3.2491768704851344E-7,6.871874827966555E-14,
5.451573509184814E-9,0.004937912351794278,3.9770398893013015E-9,0.8625918022645577,0.13244671830388513,2.3554667705740336E-5,2.9834443002793305E-9,
4.510321534521249E-12,5.878014482825269E-4,6.095958396472065E-12,0.8138771712798144,0.1855341600162788,8.672418428453887E-7,3.177377927343054E-12,
1.9301174823297E-12,1.0718241924174717E-4,2.102934540350052E-12,0.7979513599110493,0.20194127495090666,1.827134637039438E-7,1.3061490216265623E-12,
5.8782795818787204E-18,2.9882075844729266E-7,2.1473534524966985E-18,0.8488846822415598,0.1511150187014972,2.3618278656491457E-10,5.912861416789539E-18,
5.6978919255497915E-15,3.387055563874648E-6,8.565572220411382E-15,0.7463029983367615,0.2536936045017408,1.0105911856696188E-8,8.008950459980899E-15,
1.4302744716534778E-11,2.734652221774789E-5,1.2122212991823848E-11,0.7234444594474883,0.27652797769744974,2.1629875081587184E-7,7.669003962451288E-12,
1.6526853610608493E-14,1.2801537222400898E-5,7.0633593340771146E-15,0.7538265322983198,0.2461606533272845,1.2837144062535475E-8,6.701102235002022E-15,
7.552620637258002E-8,0.0016350019757920772,6.734304062604367E-8,0.8399475947981183,0.15837215320170608,4.504827022795833E-5,5.888491064094592E-8,
5.766903898991627E-10,9.076555828320353E-4,4.758122279516321E-10,0.7856719351394837,0.21341994058340893,4.6690540044193307E-7,7.363720813020148E-10,
3.9922315457858036E-10,6.572608407670392E-5,4.74600821343123E-10,0.8216948187427459,0.1782392992664417,1.5469592514463865E-7,3.3698856567175664E-10,
2.761068266896435E-9,1.609271042491884E-4,2.6518213393660775E-9,0.7889806076849802,0.2108580948493328,3.630602990248813E-7,1.8882509128346525E-9,
2.8578966850411178E-15,9.534372043099586E-9,3.15780309442118E-15,0.7816653147747173,0.21833467569085713,4.880447578066147E-14,1.804806106535124E-15,
3.286586343512062E-10,2.5976602808209007E-4,2.8964841358279606E-10,0.7866883573650627,0.21305176693004538,1.0892467586630818E-7,1.3382572794794993E-10,
7.134915037016286E-10,3.909010459591435E-4,5.68341560708215E-10,0.7975499882631871,0.2020589840040146,1.2487184177725746E-7,5.33162946367232E-10,
3.4267396784838546E-8,7.810015676431483E-4,2.6875735486059292E-8,0.7570126843600152,0.242205411649955,8.189198722478109E-7,2.2359384594500604E-8,
3.330057795991054E-8,0.0026388969113091375,5.592117960220109E-8,0.7959070351401574,0.201452368114968,1.5790521287625571E-6,3.1559680154779075E-8,
6.714100216268982E-7,0.007320281953851675,4.851494430336416E-7,0.8095512262004959,0.18297163264220911,1.552392025260565E-4,4.6344145147954124E-7,
4.3466136508438737E-10,1.3741217986836194E-4,5.298838733983762E-10,0.7443846168242243,0.25547779188680814,1.777666500061476E-7,3.77906632265647E-10,
2.1385295738770904E-11,2.789102057435818E-5,1.2356064897606824E-11,0.7220917050573787,0.2778803975516903,6.30678270632068E-9,2.983097541592814E-11,
4.3238972742995615E-8,0.005483079785767255,3.527635549722357E-8,0.7318206840629575,0.2626849032518293,1.1226995143638904E-5,2.7388975002540907E-8,
3.3676759281556395E-9,9.874427285425048E-4,1.4332890772205674E-9,0.7271628374532113,0.27184846036946847,1.251609487411693E-6,3.0383263141591407E-9,
1.7564126036428655E-11,4.5894808405849896E-5,1.9234380114107655E-11,0.8135046895688568,0.18644941019379066,5.362394462231462E-9,2.975641910563384E-11,
7.615382450337825E-9,9.175892781461051E-4,6.313280289220545E-9,0.8558146846746503,0.14326744496982383,2.642731851253501E-7,2.8755316973122636E-9,
1.7881801660128644E-9,0.00156786780174653,1.3646521325080726E-9,0.8686747241699363,0.12975731768930895,8.584301119325775E-8,1.3431657497638481E-9,
9.297661476909456E-11,0.0010829030665305958,6.161379515437432E-11,0.7442206467997624,0.2546964092279481,4.070512519033679E-8,4.60438879572314E-11,
4.773379702994331E-15,3.576322442298462E-4,4.448220611350364E-15,0.7505044158955508,0.2491379518594468,7.618929417576804E-13,4.2020216313494445E-15,
1.426223532645296E-9,0.004527509830192785,2.031904587601694E-9,0.8162923656224447,0.17917988896418754,2.3034355084900529E-7,1.7814975218005729E-9,
4.705849526860922E-11,2.259444004012911E-4,1.8051276223068088E-11,0.7821033642163094,0.21767069046091428,8.238798023665005E-10,3.3384238901482075E-11,
7.046558004121099E-11,3.7843675655128674E-4,2.6961764806137128E-11,0.8028656839667517,0.19675587898232888,1.781160907050584E-10,1.8823649386474142E-11,
6.375543722217569E-9,5.105747564329513E-4,3.726385228305043E-9,0.7810533993575505,0.2184360090687748,1.7903543869377321E-9,4.9249593960959355E-9,
2.9997542991130703E-7,0.00277689552973019,5.415156217797991E-7,0.7686675960708851,0.22855439614845643,4.5931788749042726E-8,2.2482808881830694E-7,
1.3970338841738382E-10,1.5584017239821915E-4,2.3557081282861373E-10,0.8380408367633801,0.16180332252095464,5.3696900890377885E-12,1.626225265310206E-10,
9.27364555926844E-11,3.7557795678223395E-5,6.664134577949853E-11,0.7898538989280792,0.21010854303255522,2.762562215151321E-11,5.6683334843442625E-11,
4.8540067315186735E-12,1.0928573718893219E-5,4.532142461512469E-12,0.8249266724089437,0.1750623990048405,6.89808919223032E-13,2.4218391842670305E-12,
5.981025518899051E-7,0.011446293331993042,5.788081219476873E-7,0.7493332545052849,0.23921872137187614,1.576790393498308E-7,3.9620113429558326E-7,
4.988387412046844E-10,3.013270026037129E-4,3.234444333901527E-10,0.7747406222696861,0.2249580493589734,9.557933017972175E-11,4.508728847154216E-10,
9.677556925848587E-11,7.47750210775332E-4,1.3077054887133563E-10,0.7657004652139765,0.23355178421660036,3.5519787144650454E-11,9.558047436213468E-11,
4.939466030963346E-9,0.02506160954146381,7.733278172524857E-9,0.7952888002948681,0.17964956773830995,9.8217456269639E-10,8.770440107685153E-9,
1.551300263265531E-8,5.773708873283841E-4,1.3122518332458529E-8,0.7734145718722155,0.22600801336330348,3.5832730176319486E-9,1.1658357166622548E-8,
1.7271574032464222E-9,9.625521404153954E-5,1.9139914442437597E-9,0.7926315184529745,0.2072722204903469,9.189196397715126E-10,1.2825675100397482E-9,
4.102267378993071E-16,3.239490563427216E-8,2.889232725889887E-16,0.7641223713282738,0.2358775962768201,1.156028575382641E-16,2.251343505247076E-16,
5.354629473220091E-14,1.3097458090798862E-6,4.645374349486992E-14,0.8436112784527291,0.15638741180132118,3.57534272514142E-15,3.771706623772441E-14,
1.8434500238853095E-11,3.749700454920381E-5,1.0657231609618763E-11,0.8065361644578307,0.19342633848909954,2.756003565919559E-12,1.667479359236536E-11,
4.13102606205853E-9,1.4659325499993136E-4,1.8306583656029355E-9,0.7606464195882147,0.2392069777909984,1.162881425940722E-9,2.2412213751001247E-9,
8.328445310505653E-10,1.6445953501636348E-4,5.761341989923908E-10,0.8862421230928935,0.1135934154122831,6.605904488689737E-11,4.847693671727855E-10,
3.375807288647044E-18,7.823220214764607E-9,3.25811361089833E-18,0.7270155289183775,0.2729844632584028,1.1098924995225508E-18,2.3238345859954872E-18,
2.7910707516722374E-14,5.241146503478626E-7,1.1212186469370608E-14,0.7828176179669822,0.21718185791830166,1.367949234413595E-14,1.1586386442729673E-14,
1.393359393721386E-4,0.0027314319070896537,2.117843308557827E-4,0.9487192150272902,0.0479822379961289,8.419175363990465E-5,1.3180304562329656E-4,
3.6957697663358865E-11,3.720270786544706E-6,3.942656558833199E-11,0.7928164147828993,0.20717986480788395,2.9549140545111525E-11,3.2496991652107415E-11,
1.4278846653175462E-10,0.002643452340248342,1.18391623140517E-10,0.8059477508195424,0.19140879637896163,8.549906073103379E-11,1.1456843279685245E-10,
8.029556390005787E-12,1.2008029994434086E-4,8.875418498679199E-12,0.7245797792470636,0.2753001404214404,2.7067722949509516E-12,1.1940767159058802E-11,
1.8074454018271274E-12,3.7817584924471734E-6,2.32772809816447E-12,0.8355861776951585,0.16441004054075672,6.321712528231991E-13,8.256307946263456E-13,
1.6151010949986992E-10,0.0020730848045090048,3.102914526230253E-10,0.8384249260738672,0.15950198842216032,2.2573062693814324E-11,2.0508856893053465E-10,
2.1679887697053253E-11,2.5891841583609794E-4,8.270498466169306E-12,0.7541031747634555,0.24563790677256744,4.1572556323644874E-12,1.4034703286453704E-11,
1.7424733767264975E-12,0.0013299997818573687,1.155234414128017E-12,0.8028478414178672,0.19582215879587087,5.735380227245132E-13,9.335062960211213E-13,
8.224890469311623E-10,1.3689600050952914E-4,7.157841768118776E-10,0.7948353924869899,0.20502770882241456,3.1785116264411327E-10,8.339589660974962E-10,
2.1424245867922857E-10,1.7358102308067945E-4,1.4897895784673221E-10,0.812341177759143,0.18748524071760778,6.894501227984507E-11,6.800471015073936E-11,
7.293896882892922E-16,2.207147024563827E-6,1.4045460684248726E-15,0.7922414081286465,0.20775638472432612,5.98827519518343E-16,1.1547775179648344E-15,
3.904910369142678E-13,1.5454503340051988E-6,6.45415773344312E-13,0.8464039102811038,0.15359454426644792,3.516985742371055E-13,7.281467130780924E-13,
1.937708913432967E-6,0.01268311782735512,2.662555652721496E-6,0.8005777387857529,0.18671835094087838,1.3272038472629262E-5,2.920142975721348E-6,
3.3275823746679657E-9,6.371685929408388E-4,3.4761317223486204E-9,0.7759844033643358,0.22337838444631994,3.4030783276811296E-8,2.7619054105156396E-9,
1.5300927177677567E-14,5.705390670589124E-7,1.3289203586933186E-14,0.7640440071782084,0.23595542228264682,3.762459816370199E-14,1.1433852075577146E-14,
2.0464471283961997E-10,2.333127737295666E-4,1.2932685007344698E-10,0.711953621712857,0.2878130641452702,9.138382541824742E-10,1.2033356406001216E-10,
2.3141334391032E-9,0.004916459354075811,3.937440138254581E-9,0.8451940741785481,0.1498894100880996,4.392135547493468E-8,6.206346829151571E-9,
7.351760807970077E-6,0.03240526343413219,8.24069361016805E-6,0.8265525642500424,0.14101604145764768,3.121545401001425E-8,1.0507188304451723E-5,
2.784593088071311E-8,0.0013756197477891472,2.7330738572972202E-8,0.7690123207948699,0.2296119647090602,2.605999791139225E-9,3.696561077373639E-8,
7.936161256813952E-9,4.2823460386271444E-4,4.385597030439092E-9,0.7867543914034677,0.21281735292148213,1.08757570572243E-9,7.661855377301442E-9,
9.766491425143332E-10,3.0773412511231563E-4,3.3614789296382115E-10,0.7885460538300159,0.2111462099667793,2.0883953240024968E-10,5.564566840252944E-10,
4.77261715682984E-10,1.6854077294126588E-4,3.540113431692003E-10,0.8425971300021807,0.15723432813428712,2.8751703192548352E-11,2.3056578684411602E-10,
7.138550583860348E-11,1.2188384262640619E-4,7.380645331610221E-11,0.8179735810129033,0.18190453489552866,1.2813161785609608E-11,9.093821200116467E-11,
1.2956385762134735E-13,3.6467585043842474E-6,1.781124989752387E-13,0.7690886634241293,0.23090768981694754,5.603497472182068E-14,5.4230871671575995E-14,
4.7492345312518444E-11,1.2136646919755337E-4,1.0795811386663866E-10,0.8182200166462102,0.1816586166409853,1.6942929353810806E-11,7.121344675660424E-11,
2.3209613481046147E-8,0.0038325709586838445,3.0569179149471545E-8,0.8463497253712864,0.149817630187095,1.6115481653527043E-9,1.8092593290361966E-8,
3.687694025374251E-12,5.8968705590247276E-5,5.120163917477454E-12,0.8016041918253923,0.19833683945721337,8.767502189503488E-13,2.1202524202224045E-12,
6.634630537594587E-12,1.2844569434106764E-4,8.903901881819342E-12,0.7794049137062355,0.22046664057837678,1.2288898880549503E-12,4.2784297227602286E-12,
3.2731615067130123E-12,1.074061480651745E-4,3.870917891406162E-12,0.7264921551457235,0.2734004386956794,6.090292429815138E-13,2.77933198968895E-12,
1.618290674940643E-8,0.0232903598740449,1.2049873481346746E-8,0.8651366343879987,0.1115729659798905,2.3343217258625514E-10,1.1291854607031513E-8,
1.4117411974511682E-10,6.017267210078155E-4,1.7820355234095353E-10,0.836172613801853,0.16322565891736474,9.654345204108037E-11,1.4385112525121888E-10,
6.236718627062172E-18,2.3146339801678163E-7,6.681297982533724E-18,0.7940977455791449,0.20590202295745924,1.4813113722445801E-18,8.218900281261036E-18,
5.404514555620838E-15,8.232067085873798E-7,3.3339912102942567E-15,0.8191378531760962,0.1808613236171849,1.9094563421864656E-15,2.806766906736045E-15,
7.732538605936516E-16,3.3695635982789324E-6,6.270918835483068E-16,0.730708078780209,0.26928855165618815,3.660285207109804E-16,3.6697094012910345E-16,
1.5653424500948728E-12,5.280831700114163E-4,1.3398227780795181E-12,0.8626477423894663,0.13682417443649944,1.4840204640675372E-13,9.668604022621855E-13,
2.480762303762409E-12,5.62108687074541E-4,2.396524975547675E-12,0.8426841724707966,0.15675371883465963,4.932273036295624E-13,2.099737588829347E-12,
3.56298510930091E-11,3.101415172175647E-4,3.492887867355247E-11,0.7741796226317521,0.22551023574494108,1.3083849902953071E-11,2.2447819594935447E-11,
2.0787644528593057E-13,2.5155093972758966E-5,2.2040318170999014E-13,0.8220096294723886,0.17796521543302304,7.905693032069028E-14,1.0637965243391977E-13,
2.479879347220862E-13,0.0021934129789594192,3.201508481793771E-13,0.7404101258410108,0.25739646117907306,7.544765232461459E-14,3.1280436072603043E-13,
8.393248881278492E-14,4.010252241075372E-4,7.264237870089163E-14,0.7862913861875439,0.21330758858807622,4.2251374129412494E-14,7.14547726025088E-14,
3.759444643255066E-12,9.620654730779918E-6,2.9140852417217802E-12,0.8130172223510894,0.18697315698398478,1.4862758973793701E-12,2.0352720237376647E-12,
1.1047770579096877E-10,3.9968090284907656E-4,1.0988823479552985E-10,0.8304930573012702,0.16910726131598383,1.23714146160394E-10,1.3581485593582356E-10,
1.1939308173567146E-12,2.2485999447414382E-5,1.0964744611219678E-12,0.8412174336671153,0.15876008033005476,8.558665970978811E-13,2.3612601467896675E-13,
8.812567538563912E-10,2.1919945672884818E-4,4.664233868509095E-10,0.8066800885670788,0.19310070973853763,2.4224484976876595E-11,8.657513513538616E-10,
2.7085680119421133E-14,5.420356987192898E-7,2.7171592076821247E-14,0.7815021210340661,0.2184973369301591,6.906514403026262E-15,1.5030190313247212E-14,
8.327359420060897E-20,1.2075652498437693E-9,9.718016724536143E-20,0.7809755527171465,0.21902444607528487,1.0830865220837167E-20,4.888090503863798E-20,
2.2963290544184325E-7,8.159185457716856E-5,1.4148678301668174E-7,0.9018194241515782,0.09809833942213649,1.0073637636143911E-7,1.7271564342727674E-7,
1.0800591168865231E-10,1.3146634787225016E-4,8.40641368244192E-11,0.7766263440770748,0.22324218926640402,2.5325932574899905E-11,9.12538054669183E-11,
3.5223938645393843E-10,2.039396827943675E-4,1.3115826255896467E-10,0.8393113848190931,0.16048467482578874,3.024370510116413E-11,1.5868152218730295E-10,
2.508603992439684E-12,3.2741535800991724E-4,3.0493116443125386E-12,0.8193133391135963,0.1803592455201067,1.4173139862985356E-14,2.716467331195519E-12,
1.1580240699567211E-7,0.0041769503220844455,1.976644113785322E-7,0.7793847992085663,0.21643783554175688,9.786977823041015E-9,9.167379574001427E-8,
2.564941915607749E-9,4.905586184849451E-4,2.7875756898616586E-9,0.7450539029800182,0.2544555299587338,2.750165284144628E-10,2.8152278071470764E-9,
1.60890284849945E-10,2.041824659663827E-4,3.563015619969275E-10,0.7718820051748345,0.22791381161465668,3.096045657019535E-12,2.2425643385980745E-10,
1.9898341783837974E-12,0.0017287910683968378,2.3160780484420417E-12,0.7660274797369219,0.2322437291872405,7.980639476813481E-13,2.3368710996026166E-12,
1.5849624688187644E-10,4.959144674107605E-5,2.4985524366667136E-10,0.8185045092517284,0.18144589870814784,1.1344463873315174E-10,7.158768656819718E-11,
9.90817758772928E-13,9.148822530798024E-6,1.5457296118449579E-12,0.7802848178331179,0.21970603333983268,2.963281145890637E-13,1.6868376837299965E-12,
6.572456256472396E-12,1.4073254404518311E-6,3.742060568762216E-12,0.7499526851933018,0.25004590746468475,1.5414953795590284E-12,4.7188591472405964E-12,
5.536573397370869E-9,4.2654465582515325E-4,4.7767955601923794E-9,0.7867848405446715,0.21278860046136622,1.4554582495459332E-9,2.5693091469428093E-9,
2.2359473009899527E-11,9.342580592290878E-6,1.7090351287746113E-11,0.8336481539296599,0.16634250342395984,1.148448364919139E-11,1.4854844588146154E-11,
4.129112011183318E-9,0.028844611217577785,5.092153745621134E-9,0.8254357791859919,0.14571959655906433,2.341132403933098E-11,3.792687490875587E-9,
4.2818283061624057E-10,0.0013930401722456343,2.3494520795070135E-10,0.6995311229418091,0.29907583587702136,4.550861912812202E-11,3.002869032596316E-10,
6.155832296919052E-11,8.826362333305196E-4,9.111323162419143E-11,0.7943349966505217,0.20478236686898088,1.7310053770597428E-12,9.276447303340543E-11,
1.633752194162002E-12,2.5102703168947154E-4,2.706510591067873E-12,0.7768034426610707,0.22294553029906383,2.9072684958263534E-13,3.54479612434702E-12,
2.6303873873163496E-13,2.4694668995081386E-6,3.844657994161644E-13,0.767054229588286,0.23294330094380733,1.4796940964934779E-13,2.1332155812357498E-13,
4.5322981026187184E-17,1.191449686456968E-7,4.207253562009304E-17,0.8243472501823274,0.1756526306727039,2.3096575449995746E-17,3.867664202648043E-17,
2.0327959758860217E-14,1.7851917218702783E-5,2.826762789784287E-14,0.7264646568857601,0.27351749119694174,7.917732108292871E-15,2.2494794105336192E-14,
1.3391505023938852E-11,0.0010607503420032726,1.908661725115585E-11,0.7466398557625742,0.25229939384567374,1.7176957691672242E-12,1.5554259495978455E-11,
5.996892357200731E-15,1.3668932056581492E-5,6.096418592027486E-15,0.8532627311667098,0.14672359990121073,2.398255749685633E-15,5.550535627754022E-15,
6.026133334675646E-8,2.333939560581817E-5,6.55569408813693E-8,0.7196534764096466,0.28032296853611993,4.1631793029238375E-8,4.820856195758944E-8,
1.735019386732511E-15,2.410823086668566E-6,1.982500558041059E-15,0.7391458506486102,0.2608517385282929,1.0760489177091856E-15,1.7577507837512055E-15,
6.541720297920677E-11,0.0030852349527985493,7.574988584859728E-11,0.8116694477904673,0.18524531703947122,5.038476440104443E-12,7.105820067410101E-11,
6.9415610771322054E-12,0.0011981134874500868,1.4013989626869125E-11,0.791413978167522,0.2073879083124865,1.1021056137136365E-12,1.0483995952309826E-11,
4.735356287228511E-9,6.485056985771279E-4,6.412372685712539E-9,0.8521591817657402,0.14719229598741734,2.3856316545997267E-9,3.0149040889875642E-9,
3.4042190595339104E-13,2.6487837027819833E-7,4.835886478079144E-13,0.7608611262743692,0.2391386088458396,2.333934098641095E-13,3.6104538744684165E-13,
5.367967580486055E-9,3.9797741926713397E-4,6.585884647578674E-9,0.7579874137672341,0.24161459242180924,1.7742398720012785E-10,4.260411555029939E-9,
5.077155385809521E-11,7.860407739420481E-5,7.969805537325707E-11,0.7499384166796452,0.24998297906118222,3.2275946744008553E-12,4.808029079854432E-11,
1.35730518845471E-8,0.0026791211122275042,1.052139292802829E-8,0.8099030463517856,0.18741779522084046,1.4608734250698291E-9,1.1759825941369273E-8,
6.176735190023748E-12,7.267631018183916E-5,6.906518631115369E-12,0.8477960293056274,0.15213129436650283,1.616971811060082E-13,4.442819661639666E-12,
7.429808491549198E-13,1.9298369156063198E-5,5.502461706714688E-13,0.8150923295972978,0.1848883720311644,1.9787498214565234E-13,8.902290574428517E-13,
2.092533589432269E-13,2.5159065578388505E-5,1.8454244149603407E-13,0.7667460087961622,0.23322883213769535,1.701432007207306E-14,1.5275182446900157E-13,
1.4673177907424793E-16,2.045908149774676E-7,1.31416362319105E-16,0.8126512237064631,0.18734857170271943,2.958485820710775E-17,1.2015331207154764E-16,
2.72286816819937E-4,0.009710732516611725,8.368487484413549E-4,0.8808020175255551,0.10804618468423499,1.839935485893163E-4,1.479361597469015E-4,
6.953461674177921E-13,3.2142902938218706E-5,7.548528293833407E-13,0.8148038967574641,0.18516396033707327,3.8838522887106854E-13,6.859829448515513E-13,
1.1181793503293032E-13,4.2663901185918595E-6,1.1351335700614162E-13,0.7720759620198442,0.22791977158968976,4.229140691905967E-14,7.964100682501066E-14,
5.632347784206761E-15,2.2571907970865847E-6,4.5452140034251256E-15,0.7722087451981499,0.22778899761103957,1.8979661140052695E-15,4.301000714442765E-15,
2.5491103293697134E-11,0.0010641362069310682,3.1634497070645105E-11,0.7915951455980842,0.20734071811337365,5.143581739718763E-15,2.448220983464994E-11,
1.5757486755945004E-10,7.211153509834492E-4,6.239322011243504E-11,0.8184693046587886,0.18080957961672456,2.7002812789905778E-11,1.2653281191826752E-10,
1.1988432747483433E-12,4.914660661660665E-4,1.6199404431001877E-12,0.7586632245010655,0.24084530942759305,2.518161593189692E-13,2.106489847800432E-12,
9.732759538676766E-15,2.647205394764274E-5,2.6177485021080796E-14,0.7521964983503377,0.24777702959564818,8.168061632110664E-15,2.2215294272626467E-14,
9.677088022198073E-14,4.8116016817991835E-5,8.733941251299924E-14,0.7831618226317677,0.21679006135109896,1.4273684007361613E-14,1.1493771872446194E-13,
1.53855483760954E-10,0.004258921976793565,1.8695068499946493E-10,0.8130395067116766,0.18270157083683713,9.264668317669797E-12,1.246201645177729E-10,
3.7029066994600043E-19,1.9774257696262004E-7,3.95224762295154E-19,0.7582613039437289,0.2417384983136966,9.06825569634963E-20,4.222195178908612E-19,
1.0666289986950935E-5,5.448850518580185E-4,1.386307196499355E-5,0.890436765768116,0.10898179878687889,5.87494003844776E-6,6.146091157222139E-6,
2.9440785654610895E-11,0.0038741545651787457,4.3853179218860664E-11,0.8203886160941907,0.17573722923222482,1.147293523423248E-12,3.3964857684094274E-11,
1.3896063290191432E-13,5.178857340508913E-4,1.2008339036544852E-13,0.7095302175390114,0.28995189672652083,5.188432929217791E-14,1.0519569887028848E-13,
3.528915131939917E-11,3.563105626003883E-5,1.9378851394706727E-11,0.7626733482102651,0.23729102065020932,5.098256829039635E-12,2.3499233372308907E-11,
1.2228271621698855E-13,2.9867416351975036E-6,2.2124723937950918E-13,0.7665741121504887,0.23342290110736955,3.8305186968008754E-14,1.2473175800610017E-13,
4.275696990961544E-8,0.00521340248282808,5.410013320511544E-8,0.8336408534248766,0.16114561102511593,1.5671534414753665E-9,3.464292305232794E-8,
3.064293563153729E-11,1.376353625072625E-4,2.391629025447698E-11,0.8339396126833122,0.16592275187997224,1.0634183837234542E-12,1.8588315056294074E-11,
6.27568088438041E-12,2.255647232802324E-4,4.2596432122557915E-12,0.8335750920961207,0.1661993431664359,1.9123651819362134E-13,3.4357196959581456E-12,
3.7066611080027245E-12,9.044008614673591E-5,3.3365494920859887E-12,0.7790512535896899,0.22085830631162567,1.4189701257067313E-13,5.351662232005613E-12,
3.672476030395719E-15,3.0551615856341726E-6,2.8251712033919582E-15,0.7782190568325262,0.2217778880058758,1.4142121377670017E-16,3.311231642471344E-15,
5.3812518588345755E-11,5.22902746425056E-4,4.899870127586033E-11,0.7572981861484531,0.24217891093672836,8.741240393732308E-12,5.683938780513253E-11,
1.9132203168749117E-13,9.30853201901525E-5,7.163027501797569E-14,0.8002778287367517,0.19962908594272408,1.626973768532301E-14,5.293555931999457E-14,
6.509200177768313E-15,4.1715899986515796E-5,5.042528959012405E-15,0.7730455719672297,0.22691271213276606,5.795136059323478E-16,5.399244458838014E-15,
4.615086614166126E-9,7.224499715784076E-4,3.975226011699803E-9,0.734231188813452,0.26496418635630026,8.216275410764168E-5,3.5142501752077175E-9,
1.1546563006775311E-10,2.2169880318065704E-4,1.6068731984531006E-10,0.8249318528517485,0.17483289445895522,1.3553507602115575E-5,1.023606403953939E-10,
4.2801831421165243E-13,4.579883027076605E-4,8.982180786474984E-13,0.7498998206963636,0.24964101484577056,1.176153210461979E-6,6.209511747613571E-13,
3.2125124140546345E-12,5.403922365204586E-4,2.5719965094639486E-12,0.7308861372557656,0.2685703207384657,3.1497617490307943E-6,1.7156471844506882E-12,
2.897201233032128E-11,0.00455666769214555,2.4400339539527763E-11,0.7995269678666637,0.19591153603226205,4.828327837774195E-6,2.7718640933589168E-11,
9.262630729076712E-13,0.0011424190191204203,1.5019546188615653E-12,0.7891820067978066,0.2096742358858097,1.3382941248096115E-6,7.100540916637515E-13,
1.1966718277924527E-12,0.0010494672318082936,4.788405466129432E-13,0.7512295701066148,0.2477201895485233,7.73111063248793E-7,3.1735368982849723E-13,
1.0129737789975692E-16,7.355764925982947E-6,6.89825730688674E-17,0.8073767882820938,0.19261584945170354,6.501273902118679E-9,8.864659696920856E-17,
1.7411712093469926E-14,2.2027236853279739E-4,1.4554022978806782E-14,0.8185929007914899,0.18118672589150092,1.0094843688628726E-7,8.845305022998329E-15,
1.1752053342998676E-13,2.286046881685364E-4,1.3536056405717946E-13,0.7819257496735876,0.21784533963144845,3.060064393920685E-7,1.0142862158870556E-13,
6.186288098849099E-16,1.4485950862525477E-6,7.936989717913035E-16,0.7384988750310978,0.2614996736984268,2.6753881076430488E-9,1.7089760632218505E-16,
1.28143940137506E-19,1.3035298334066294E-5,1.5103357936641547E-19,0.6584959252767554,0.34149103941428893,1.0624690269513166E-11,6.862480405460566E-20,
1.7132385719514074E-13,0.011399515879016404,8.510799303375962E-14,0.8834353474591765,0.10516497472432201,1.619371276565008E-7,1.0227081946809067E-13,
8.190010786078174E-20,3.975857135030805E-6,1.1413390674518612E-19,0.7738802645403717,0.22611575960105199,1.4424104653187496E-12,3.4022045817051336E-20,
2.1923152915394165E-15,5.14882154855499E-5,1.6037921355611367E-15,0.7575570125167591,0.24239148032854763,1.8939201739049375E-8,1.2454937205521419E-15,
1.106128611026484E-12,4.195176070678544E-6,1.9789168726853766E-12,0.7831383124861027,0.2168562288035685,1.263530327219672E-6,8.437326262616837E-13,
9.926939250423533E-10,2.2438904047585666E-4,7.455684505790024E-10,0.7076971027693306,0.29205604856251727,2.245748575894614E-5,4.036535077755293E-10,
1.245889321196423E-10,3.9171660593793396E-4,1.4393966271369244E-10,0.7723537283117438,0.22724354943789246,1.1005263534526638E-5,1.1236451426823065E-10,
3.868707502335464E-10,0.0029234861040158184,4.928903116289673E-10,0.7964915274610368,0.20058445085477244,5.341233649817871E-7,5.770489982742943E-10,
1.7014733468020685E-10,0.0010745656570271833,1.3504914985742387E-10,0.7362267969300307,0.2626915631043239,7.073902583379087E-6,1.0083650653062864E-10,
1.9465470602916118E-13,2.3569950539107834E-6,1.359002011079354E-13,0.772312486436478,0.22768487850107172,2.7806697675884E-7,8.892678747297096E-14,
3.994489220535466E-17,2.977362232413779E-7,3.16126055016664E-17,0.8832589495083085,0.11674075215617405,5.992909955688436E-10,3.464145789773156E-17,
2.199133281373729E-11,3.3497100076358E-4,1.3256361008021767E-11,0.7573241645882303,0.24233847443687342,2.3899245519969565E-6,1.4330790546776713E-11,
1.0598530414844412E-13,2.106377453580459E-5,1.5215877924257516E-13,0.7368717527701888,0.2631070172982506,1.661566575632679E-7,1.1184385645766648E-13,
7.93171457311611E-14,2.066033372559759E-5,6.921600921886239E-14,0.7390793017979588,0.260899880610315,1.572577979934418E-7,5.552565662876669E-14,
2.2713400980757968E-14,3.470413262221547E-7,2.5026397899874398E-14,0.7801684197234796,0.2198312084335686,2.480154967841097E-8,2.7418237697880757E-14,
5.665254714875595E-14,5.9130959223659254E-5,7.750554975693351E-14,0.7552494721662933,0.2446911515653341,2.4530895905879505E-7,5.650758972444076E-14,
7.39201261882044E-17,1.0160843855833263E-6,1.0294216251497776E-16,0.791526713273119,0.20847226843144048,2.211056326362116E-9,1.1697190808185363E-16,
1.8476449405983452E-14,1.6433369825148805E-6,2.092419234427869E-14,0.8064224477813342,0.1935757818130259,1.270686081076349E-7,1.1855741800855325E-14,
4.407758259061454E-10,3.194628863026585E-4,2.864581210033488E-10,0.7816754905228942,0.21799307747338845,1.196800252698642E-5,3.876521949482401E-10,
1.140987698183283E-10,1.2128829321530541E-4,4.4906819177486615E-11,0.8246043752792133,0.17526987757924078,4.458647869628694E-6,4.1453876015037534E-11,
7.103633322662273E-13,1.309306599722538E-5,6.001149846905543E-13,0.7639973149146367,0.23598906471325204,5.273041286071311E-7,6.742029878180691E-13,
2.6213918290433536E-11,3.254712823123154E-5,1.5390699421492974E-11,0.7529182004623628,0.2470468605578057,2.3917985740060955E-6,1.1420362750255619E-11,
1.294319905707926E-8,0.005641266335420384,1.9969091378387985E-8,0.8741126662109777,0.1202269743638705,1.9043224223978727E-5,1.6953215713132522E-8,
4.526482839036206E-10,0.0014149186537891305,6.615006202143964E-10,0.7580144460884477,0.24056297952910452,7.654198029359337E-6,4.164804195730571E-10,
1.7220468952241953E-10,0.0018924088038889055,2.2752394012055863E-10,0.7416912244011978,0.25640903142671756,7.334791806756047E-6,1.7666080975397222E-10,
1.4680695633386343E-11,0.0021224471905396747,1.5257076180624008E-11,0.7851361327376053,0.21274071394168664,7.060879867681097E-7,1.2242043449827937E-11,
1.735016271418217E-9,3.27880324014514E-5,1.1905298349050978E-9,0.7723358392837385,0.22762317307774801,8.195858490875792E-6,8.220736129857977E-10,
1.430196702375106E-8,0.001177449963605562,1.3870751571017083E-8,0.8047048455904783,0.1941033481354843,1.4320539892885664E-5,7.597821320555953E-9,
1.640612328468119E-8,9.862096318373928E-4,1.6301371173610428E-8,0.8039966511300889,0.19497999761424184,3.7095708894781204E-5,1.320744069588746E-8,
8.829352084714081E-12,2.9628596467990828E-5,5.735475494555599E-12,0.7670463595485113,0.232923375920701,6.359116630190571E-7,8.091753359687781E-12,
2.191671582659043E-9,7.102936892459147E-4,2.113745735807528E-9,0.8078878234490279,0.19138631648936294,1.5559987891521426E-5,2.0790547858810978E-9,
2.0530999287846204E-10,1.4512102311003129E-4,2.2053870526814204E-10,0.7798225528056114,0.2200289627552269,3.3628971087318684E-6,9.309531461339226E-11,
5.548368578567118E-15,4.317399907739207E-6,6.5830406174158E-15,0.7975221751138283,0.20247345254811513,5.493813246406336E-8,3.826319665016721E-15,
2.2277413000247765E-8,8.876430279746128E-4,1.7280861304362274E-8,0.8560627619099497,0.1427133139804856,3.3622955282438914E-4,1.1970491569626085E-8,
1.6749120353862046E-11,5.2221063851928966E-5,2.161099456876822E-11,0.8510954877966594,0.14883931148119667,1.2979594920370444E-5,2.501227010228493E-11,
1.9402572153840686E-11,7.600734280089307E-4,2.8576771569911584E-11,0.7207138752633756,0.2784948709623711,3.118027773340455E-5,2.052873805685573E-11,
5.738590341078394E-12,9.541643243393171E-4,6.342492412346751E-12,0.7904388345694306,0.20857783246910086,2.9168621433696056E-5,3.614129840476251E-12,
1.2783174184734527E-13,8.558134455974888E-6,8.459278964914312E-14,0.7569760416865194,0.24301504521609615,3.549626243828486E-7,9.242905655037044E-14,
1.3948216746300478E-15,1.7148855787243645E-8,1.1213120544853102E-15,0.7671811730249468,0.23281880742864428,2.3975485231723016E-9,7.177452995976679E-16,
1.4630069102658761E-15,4.012619339041294E-6,5.65466666420852E-15,0.8050876274668655,0.19490829618227873,6.37315092661436E-8,3.060036102719948E-15,
3.136839394841018E-11,0.0012429454233769625,2.8527767704928007E-11,0.8342745968334772,0.16446440635162085,1.8051298134416264E-5,3.349551681062311E-11,
8.760747758320752E-13,2.4045355700390297E-4,5.437236734097811E-13,0.7234190075294539,0.2763387020598929,1.8368519508141305E-6,2.8062298335509214E-13,
2.5218861108389734E-11,0.001558860994032705,2.22102738150108E-11,0.8244752658858812,0.17395987716568892,5.9958779399324725E-6,2.9028650114041305E-11,
2.8047358150947066E-15,4.32080195576057E-5,2.3683123756648567E-15,0.7398269111218938,0.2601297276405966,1.5321794733746648E-7,1.6642608307245277E-15,
1.2858394196242964E-17,7.426489473844172E-6,2.554983665152074E-17,0.8269950926835311,0.17299746726423246,1.3562762562893413E-8,1.3498029548474691E-17,
