
0.187792397089081,0.2692519813659628,0.015297411557936022,0.17865943622230715,0.2183050605115155,0.13069371325319762,
0.187792397089081,0.2692519813659628,0.015297411557936022,0.17865943622230715,0.2183050605115155,0.13069371325319762,
0.187792397089081,0.2692519813659628,0.015297411557936022,0.17865943622230715,0.2183050605115155,0.13069371325319762,
0.187792397089081,0.2692519813659628,0.015297411557936022,0.17865943622230715,0.2183050605115155,0.13069371325319762,
0.187792397089081,0.2692519813659628,0.015297411557936022,0.17865943622230715,0.2183050605115155,0.13069371325319762,
0.17065380521320048,0.1658036958389542,0.17055307991228508,0.167495386890397,0.1642030021312293,0.16129103001394707,
0.0012670412221126106,0.0018565167594018054,0.00178633569598405,0.9926845763022478,0.0014545926446133228,9.509373756402813E-4,
0.0025138680596017097,0.004213114936674205,0.00358752090883473,0.9846179029243318,0.0025504415866910513,0.0025171515838661837,
0.0024838706887518325,0.008534195565314864,0.002970037465837951,0.9818262832326815,0.002304513119664659,0.0018810999277492464,
0.005668744247074517,0.024931324521891618,0.006534147916130533,0.9545872059530756,0.003265502547053954,0.005013074814773445,
0.004363570164064242,0.03953383149088915,0.021266741765236925,0.9260472505415883,0.004258955384220177,0.004529650654001497,
1.2854759726717773E-4,0.007411708857123377,8.829492278884828E-5,0.9918233751070274,2.6346363311154883E-4,2.846098826829327E-4,
4.2727219029910056E-4,0.007512489968719723,2.7188532151470443E-4,0.9912641444420136,2.8060161294659995E-4,2.436064645057945E-4,
2.7398956006149514E-6,0.03769105426551769,4.468241673428414E-6,0.9622960425972006,2.6853191870811256E-6,3.0096808196648E-6,
1.064159358975448E-9,0.06301554297938479,2.4494409201578117E-9,0.9369844522286127,7.617262933193148E-10,5.166757319227611E-10,
3.531756505698096E-6,0.04874770345257576,1.7735632992297367E-6,0.9512431004212852,1.152051350587617E-6,2.7387549837699676E-6,
1.5252513112742702E-5,5.305197873191077E-4,1.3165900743998308E-5,0.9994236385409955,7.614735813510812E-6,9.808522014523667E-6,
1.2654947404446033E-5,0.005403744815153563,1.2354042343512544E-5,0.9945406486083213,1.0283246310891567E-5,2.0314340466613248E-5,
1.4834992514506778E-5,0.01387369496225896,1.2246169670351575E-5,0.9860809265421836,6.370690090973568E-6,1.1926643281447903E-5,
3.497062430947951E-10,0.2497408262466343,1.849725480485666E-10,0.7502591726752235,2.924490137941469E-10,2.5101411723186825E-10,
2.2953622631222418E-7,4.2306152544293034E-4,4.966896265060056E-7,0.9995756286384948,2.3397802424650886E-7,3.4963218459099884E-7,
3.341540754286446E-7,1.1124946492649319E-5,1.9574700876524981E-7,0.9999878676411031,1.7993933738853477E-7,2.975719839660219E-7,
1.451300120061742E-14,0.004166761499659612,2.3374601343556318E-14,0.9958332385002835,7.136871749326668E-15,1.3165091937827981E-14,
3.52521403268273E-9,0.027083521753515333,1.984834446777355E-9,0.9729164679591448,1.7033616785249664E-9,3.0739288573785983E-9,
4.663570410281838E-7,1.9155747186754368E-4,3.630497575346608E-7,0.999807129952845,2.6114054530548427E-7,2.2202794445146916E-7,
2.083964911136903E-6,2.6725806917049077E-4,2.8531634853571392E-6,0.9997249786592237,1.2822268712684236E-6,1.5439163375011308E-6,
1.67612610412634E-13,0.0026010055468162433,4.656461791836549E-13,0.9973989944519712,3.2868359836390776E-13,2.5021650259356096E-13,
1.913497247441918E-12,0.009935086422857954,1.2274452893550009E-12,0.9900649135715764,8.29826355562757E-13,1.5939713758108009E-12,
1.5155983078488046E-14,0.003527544346952858,3.490417640945836E-14,0.9964724556529376,2.3039759468703554E-14,3.552396473452357E-14,
2.1303258950891374E-9,0.007555195224167117,1.7478354413868917E-9,0.9924447987316892,9.496146535369325E-10,1.2163677940361936E-9,
1.0641569908351789E-10,0.055518782358630364,1.6738168964334544E-10,0.9444812172533884,6.913806006176289E-11,4.504661563026766E-11,
2.5109044782880345E-10,0.05755641315576799,1.7732743355936813E-10,0.9424435862236042,1.6411221979930422E-10,2.80978700399763E-11,
2.813306240560404E-9,0.003733013715304394,2.718731661684592E-9,0.996266977123806,1.1201728146835276E-9,2.5086781200271158E-9,
2.8318867730868643E-8,0.0022812421828874263,2.5567731640565038E-8,0.9977186748685184,1.0427244693240548E-8,1.8634752429907034E-8,
4.518089116052238E-12,6.861096477234601E-4,3.784271357384434E-12,0.9993138903348371,2.830831898477732E-12,6.30594199274218E-12,
8.89026104533536E-12,3.837684927327851E-4,5.17756535122909E-11,0.9996162314083432,2.0058479336743512E-11,1.820068543712238E-11,
5.350200831164539E-10,0.1313686603947332,1.1792800929249657E-9,0.8686313362741543,7.598393696269116E-10,8.569740228665655E-10,
5.090716392962144E-12,0.009332366355921344,3.8883241607943016E-12,0.9906676336301677,2.8881386580692186E-12,2.043605222528406E-12,
9.910999110238217E-10,0.03656088438148709,7.376198337283155E-10,0.9634391133682829,1.4264815934199133E-10,3.7886146449765335E-10,
2.0763748304460953E-11,4.8400948207389184E-5,6.043580263012818E-12,0.999951599011578,9.528063946780012E-12,3.878057890018097E-12,
1.0778086761913693E-11,8.891395356864673E-5,1.04612010775942E-11,0.9999110860160164,1.7570940076536082E-12,7.4193439766209E-12,
1.1198279880374185E-11,5.608953282960954E-4,1.4778440834827087E-11,0.999439104636594,3.425573617833653E-12,5.707016016381325E-12,
2.663240624940511E-9,0.0027624249802110632,4.514141427671176E-9,0.9972375652984946,1.3176974811818323E-9,1.2262145628751343E-9,
3.1509737653563925E-11,0.007537343777921264,6.472509737053738E-11,0.9924626560923252,1.230894124059127E-11,2.120987073830141E-11,
7.292474583966237E-12,0.019376361015239273,5.749890695161728E-12,0.9806236389641647,3.3722009104444338E-12,4.180623384633331E-12,
2.2960800807671E-10,5.673694166739577E-4,4.285740454342147E-10,0.9994326295167717,1.0740602656114094E-10,3.009650781324921E-10,
2.3859978385717446E-10,0.00336049950874391,3.2920092547203423E-10,0.9966394996955301,8.070747449655502E-11,1.4721734106386816E-10,
1.1873449027095175E-8,0.020851367698046904,1.4012951135791905E-8,0.9791485974888543,5.327442026040203E-9,3.5992578421084926E-9,
1.933234880227816E-13,1.843833984902404E-4,2.952680634611492E-14,0.9998156166010429,1.0906088942495718E-13,1.32007339850441E-13,
5.80870042838993E-13,0.016613383810078746,6.82936452751043E-13,0.983386616187741,3.5419039516599235E-13,5.62090052434049E-13,
1.3445038699980866E-15,6.678597464395508E-7,3.147983269159577E-15,0.9999993321402407,7.661197777881972E-16,9.159217933243681E-16,
1.4379189329619078E-13,1.273446624132144E-4,1.378825991913683E-13,0.9998726553371541,8.865217608023028E-14,6.273279282631334E-14,
1.8730831650853017E-13,0.045706069570060286,4.4468475825064117E-13,0.9542939304289496,2.1068096205422532E-13,1.4725624771629216E-13,
2.4123476600861977E-14,0.08877467601341328,2.877872274385831E-14,0.9112253239865007,1.2341786121814504E-14,1.9250719700219262E-14,
3.0805259374707644E-12,0.10668797031695962,2.7807241165716405E-12,0.8933120296725225,1.845109948059878E-12,2.8137071290256074E-12,
1.4986010003246823E-15,0.1267255579114782,9.407127474063908E-16,0.8732744420885206,6.73545065983062E-16,6.319751241672223E-16,
3.860455010628966E-13,0.2922873684939181,2.629557067077547E-13,0.7077126315050287,1.922055757876536E-13,2.119084888915485E-13,
9.743132309296529E-15,5.40199442667933E-6,9.382822213966142E-15,0.9999945980055535,2.3240036097050426E-15,9.952399826531688E-16,
8.40360760022829E-17,0.09217850327039542,9.81858180192931E-17,0.9078214967296068,8.394641655235544E-17,1.0003021512483397E-16,
8.042074529638518E-17,0.02581031539938561,1.0144635633591853E-16,0.9741896846006131,3.280624430330546E-17,3.182685675563724E-17,
3.2634860240866634E-11,0.005945706956373308,3.615971812083082E-11,0.9940542929429965,2.8740145871651495E-11,3.0965601021054743E-12,
3.285266671967761E-16,0.07213402216520323,1.237756337360878E-15,0.9278659778347905,9.286776416750013E-16,6.819162717421234E-16,
4.8336741445936996E-17,5.838305847747371E-4,8.92480831566718E-17,0.9994161694152287,5.870894334729081E-17,3.226093657691247E-17,
3.04925399907509E-15,9.413246925589193E-5,3.247926338453466E-15,0.9999058675307282,2.7138307200334205E-15,3.938004176096655E-15,
2.641341391924265E-6,0.002642398081076045,3.7764616714931004E-6,0.9973451718882613,2.730374155034419E-6,3.281853444784581E-6,
7.672394256516458E-9,0.011449409128338896,8.411263813628206E-9,0.988550567300459,3.278581224302769E-9,4.208960855824625E-9,
1.8284841150555525E-10,0.11777431069644913,1.2204116286032697E-10,0.8822256885502926,1.352007664033691E-10,3.131696478239565E-10,
1.3158510037548285E-15,0.01116958343045561,1.2906242937183725E-14,0.9888304165695159,8.228170378992651E-15,7.224295474865266E-15,
1.3469347295436528E-18,0.00201822584260916,9.868238439885623E-19,0.9979817741573908,8.421982238425657E-19,1.1346250553047272E-18,
9.710041293884756E-6,0.0025992720528948466,8.45867436480688E-6,0.997359821652741,7.202613746408084E-6,1.553496495958523E-5,
3.4477977449400674E-7,0.07286829640192402,2.5059327482416733E-7,0.9271304687792329,5.231317740218203E-7,1.1631401909346632E-7,
1.2236794757793148E-6,0.006758094900760494,1.5719302705612856E-6,0.9932375766859642,7.221812132726027E-7,8.106223157179478E-7,
2.439696619409263E-8,4.956420936287072E-4,2.500137794849884E-8,0.9995042547127909,1.8884012486222686E-8,3.491122424952137E-8,
2.006777272518083E-7,0.0016634557320435437,2.598478888191042E-7,0.9983359094634333,2.465361515839069E-8,1.4962529251934136E-7,
2.693791273337681E-16,0.2967561343155433,1.5615795097261778E-16,0.7032438656844608,1.0896054963662444E-16,1.6675503888412524E-16,
1.304987098967199E-13,3.0158864898937427E-4,2.142626302758756E-13,0.9996984113505569,7.258932877894389E-14,3.518381572983808E-14,
2.3115517550209308E-15,0.14731686945532876,7.581941883972804E-16,0.8526831305446668,1.1998265157714873E-15,1.1807400131973828E-15,
1.0964375959484647E-16,5.463420979515992E-4,3.651189575545843E-17,0.9994536579020454,5.0870689402862173E-17,7.676236576384035E-17,
7.049459446594512E-16,0.12406063208087945,9.187868568271372E-16,0.8759393679191203,2.373632397610543E-16,3.152147282031381E-16,
1.5198981065121054E-11,0.006696396532933304,1.6311858220413883E-11,0.9933036034070633,1.573954874128066E-11,1.2752850387574297E-11,
1.975793496994358E-12,0.0037438866723796507,1.22155674523961E-12,0.9962561133229645,1.1549692488811708E-12,3.017415547872789E-13,
1.2352185678444025E-15,0.0034712278580885025,1.9097761430758294E-15,0.996528772141909,3.912448941783755E-16,4.318801802118131E-16,
2.31895247569611E-17,0.0013539618217880938,6.648627863045479E-17,0.998646038178212,6.259256945001848E-17,9.143737259731288E-17,
1.256218442054053E-6,7.791557927015989E-4,1.422024512986868E-6,0.9992169459432722,3.592171810085075E-7,8.608038902818989E-7,
1.4944631123052284E-6,0.0025914397516305383,8.085759767241264E-7,0.9974046880365136,6.473171986629339E-7,9.218555682257998E-7,
4.7658484459369566E-7,0.0033661870391941025,4.96385938361649E-7,0.9966315263324965,6.299192670275786E-7,6.837382591526061E-7,
1.7130794784802356E-18,0.17488983533259508,2.4325321691828593E-18,0.8251101646674052,6.4019803186612985E-19,1.2922133226626419E-18,
1.074726085212355E-14,0.18828105789664226,2.14191885211705E-14,0.8117189421033204,4.730368408098111E-15,3.3323273800439746E-15,
3.9154216123760396E-19,0.01514151472875314,5.181244584790407E-19,0.9848584852712465,1.4260393929614094E-19,1.750651077202502E-19,
1.069213449346876E-14,0.21075330745470944,1.7768551677061075E-14,0.7892466925452295,1.4194546436410196E-14,2.1373943346866303E-14,
1.154702854099553E-16,0.31005975782285133,3.2759486353459243E-16,0.6899402421771441,8.078724685283667E-17,1.5407496634346572E-16,
3.776007073113509E-14,0.11873390146963823,2.378324195914461E-13,0.8812660985299612,6.773588873983958E-14,5.803909744742508E-14,
2.450267535156852E-12,0.11462328439270084,3.283008748661212E-12,0.8853767155999477,2.973339088855869E-13,1.3184907599198104E-12,
2.6623091887645095E-15,0.10763524292341288,1.4898827168656854E-15,0.8923647570765794,1.7231782036504902E-15,8.730090116757737E-16,
4.667369963323334E-14,6.771603786408075E-5,5.74480983975779E-14,0.9999322839619611,4.6268801886703326E-14,2.1700710142410093E-14,
4.8854134351181105E-14,0.020302739087996662,5.472760088599851E-14,0.9796972609118161,2.1190911664367644E-14,6.138177801422288E-14,
7.670159760750096E-14,0.003938204324152972,1.528898146115623E-13,0.9960617956754958,6.794995085107934E-14,5.275367976833022E-14,
1.0921512427669144E-15,0.08746887697997292,4.724505593680034E-16,0.9125311230200237,5.686318848127645E-16,1.0466654298669854E-15,
1.8479715489300862E-12,0.11652508093867726,1.3597555426827523E-12,0.8834749190569033,6.395337543365227E-13,5.721940839054418E-13,
2.0436518389724876E-13,0.01492923161750156,2.2772325090323707E-13,0.9850707683812125,6.450108556892659E-13,2.0828430591898125E-13,
1.209611991847754E-14,1.97740504272597E-5,3.369828440406691E-14,0.9999802259494792,1.1253938651898727E-14,3.622323990619239E-14,
1.3181946831329943E-11,5.110229576042387E-4,3.5609271354613944E-11,0.9994889769246735,2.7315483589297145E-11,4.1616266888492736E-11,
4.087110531625029E-14,0.033765718436867924,3.340370007365454E-14,0.9662342815629822,4.9950359898233904E-14,2.4309082373070182E-14,
3.8428073289651346E-16,0.2487395769164277,8.221526929278374E-16,0.7512604230835704,1.4507149725584083E-16,6.292624765158704E-16,
6.952828178014867E-13,0.022413619730995184,8.428954085031204E-13,0.9775863802663621,6.866699768022287E-13,4.1912083194376195E-13,
3.2259418535972856E-15,0.04529780383371809,2.089872715393993E-15,0.9547021961662746,7.55863564467891E-16,1.442313988479298E-15,
1.1744820167178776E-19,0.011426645472825644,3.8330614051238965E-19,0.9885733545271719,4.235292340677508E-20,2.670085067776127E-19,
1.2964875370394444E-12,6.656771775095673E-5,4.982032620798611E-13,0.9999334322796835,6.302557219149127E-13,1.4001807003676344E-13,
3.896189419198258E-18,0.004435250663426727,1.6512309693383161E-18,0.9955647493365791,1.651606283756347E-18,1.0999622914677439E-18,
7.937757259182801E-6,4.435072103586595E-4,1.0721847066298553E-6,0.9995415468712162,3.1960541541007517E-6,2.7399223058792885E-6,
7.887181286829391E-13,8.921999215455855E-6,9.586241164300704E-13,0.9999910779985783,8.825078641116001E-14,3.6810693513772866E-13,
4.216468635788779E-14,0.046450242392173186,3.962271883001264E-14,0.9535497576077154,1.319283925333357E-14,1.6616488450097244E-14,
2.450658486547181E-14,2.244912412497561E-4,1.507340807221971E-14,0.9997755087587104,1.861096571323471E-15,1.789948425676656E-15,
7.817358021682374E-14,6.306386553832092E-5,5.792879487935918E-14,0.99993693613423,5.775068315767671E-14,4.025695728871099E-14,
1.1705799819658629E-13,0.08225369908683246,9.43526146729027E-14,0.9177463009128883,3.103386494340389E-14,3.789112363090701E-14,
7.654590756254464E-14,0.0010345525620373314,5.707650654725769E-14,0.9989654474377151,7.15430009747223E-14,4.2796515382139944E-14,
1.3257317404951964E-14,0.016500532907069945,3.5408662338900137E-15,0.9834994670928936,8.33726486844941E-15,1.0216050817888417E-14,
3.0384086836167934E-15,3.7726198818394004E-6,5.9042270919077006E-15,0.9999962273801066,2.7533671232285834E-15,2.48566561892784E-15,
6.664489045870922E-16,0.22988411060638486,1.3603574887490622E-15,0.7701158893936119,5.676740944462061E-16,4.545064138021854E-16,
3.3382099774947883E-15,0.005955826949027168,4.594689332748963E-15,0.9940441730509606,3.780475015777195E-15,1.8527331980072E-16,
3.805826511101622E-11,4.718952631096851E-5,2.1481004919559828E-11,0.999952810330424,6.126948888951484E-11,2.2454607019046923E-11,
3.716109247043732E-11,0.1831740731139114,2.6892695841017007E-11,0.8168259267921408,1.7344032444187914E-11,1.2548184931862975E-11,
9.11457597906949E-13,0.04341306456584838,1.0045232206273313E-12,0.9565869354310005,5.713749659152913E-13,6.633403471517974E-13,
1.1734847115959809E-14,1.8249573876856753E-4,5.420965531290454E-15,0.9998175042612039,4.097486355595313E-15,3.235999854868525E-15,
6.209291919177453E-10,2.6316286642002875E-5,6.139812070572448E-10,0.9999736813796098,7.272556627063831E-10,3.715833847200381E-10,
2.6632245319169736E-16,0.10039205344661711,3.3989068494882557E-16,0.8996079465533815,2.1955466010025275E-16,1.9924904917996564E-16,
9.187892182057751E-16,0.015687156277057523,6.592330328920846E-16,0.9843128437229398,3.1153299653016707E-16,3.074302116405622E-16,
7.882020008518228E-15,0.13196025778346956,3.1726281590995167E-14,0.8680397422164523,1.3743901787364431E-14,2.2882905723806898E-14,
1.935334028432778E-17,0.031153395482470907,9.210768423412793E-18,0.9688466045175258,6.284430720833019E-18,1.6568378777479652E-17,
3.64840242033157E-13,0.11103267429903942,1.6170139596205502E-13,0.8889673257000695,1.885771990212497E-13,1.7574906931665977E-13,
2.382638613050535E-16,0.0015746639521291908,3.005178216882155E-16,0.99842533604787,1.8386201075678217E-16,4.1962509597348254E-17,
8.242878214285491E-20,0.014875942072374176,6.408594556941892E-20,0.9851240579276244,2.8207585856074903E-20,4.961808007808018E-20,
9.375438439663567E-16,0.028483174151900416,1.0719439625365646E-15,0.9715168258480956,5.357155281894674E-16,4.739108146867781E-16,
4.452975192291421E-18,0.006658704557506656,1.1537346143287378E-17,0.9933412954424938,4.99237737976239E-18,7.746062307256251E-18,
1.2120552151452233E-9,0.002885647930011714,4.883977118700147E-10,0.997114346400976,1.9012704817743633E-9,2.067291565294891E-9,
8.57252994078155E-12,0.008514330488503755,1.3102850101112418E-11,0.991485669467299,1.2158718869474452E-11,1.0362808741015367E-11,
3.089991233596029E-18,0.01315681563647058,2.5231022542710676E-18,0.9868431843635341,1.5279746228254375E-18,5.338061381425561E-18,
6.299539112173397E-15,0.014432149904880566,1.1601568111669874E-14,0.9855678500950781,9.165006122848615E-15,9.412301512248867E-15,
1.6385450511001257E-13,9.845565127865449E-5,1.650509666243214E-13,0.9999015443481323,1.0339050386430453E-13,1.558688974030457E-13,
2.4912307755390396E-15,0.020023060600799038,3.573015206557926E-15,0.9799769393991832,2.9505279959050524E-15,3.082342885080534E-15,
2.4206842299685054E-17,0.23550855527472433,2.03081874509655E-17,0.7644914447252762,2.2204867430867852E-17,2.816460009292925E-17,
4.611855282864412E-12,0.0017695710100702764,7.73586631269878E-12,0.9982304289644576,8.662174209429431E-12,4.462465680781794E-12,
7.112936453001485E-20,0.02512349005882159,3.553179487938071E-20,0.9748765099411755,8.890789899008861E-20,7.574361948720618E-20,
7.575271740585643E-20,0.07293631823067619,9.628435554514775E-20,0.9270636817693219,1.0879959023324095E-19,3.301087829464518E-20,
1.6828875059997027E-20,0.0032976206258901308,6.889019478809725E-21,0.9967023793741149,2.9371616297975524E-20,1.3701920911834455E-20,
1.1766360568846646E-21,0.009466066577494369,3.953736439922553E-22,0.9905339334225071,2.011447498238115E-21,5.523493331899087E-22,
9.232118592575703E-12,0.07900074441261308,1.1142217188540169E-11,0.9209992555422599,1.3147746554953032E-11,1.1605297695324335E-11,
8.420417548478099E-15,0.058941304678653245,4.554574288832336E-15,0.941058695321326,6.395146548956339E-15,7.443445620305304E-15,
1.1264727131510158E-14,0.006860326422593516,2.349737393954012E-14,0.9931396735773236,3.3112260685300294E-14,1.891720281197013E-14,
4.287263939553373E-16,1.7569701327673097E-4,6.616366572458795E-16,0.9998243029867183,2.585248096927163E-15,9.379836455102134E-16,
6.075394119667932E-14,2.121054167646539E-4,2.793891298443543E-14,0.9997878945829356,1.5243392636313459E-13,5.88858633595187E-14,
1.3112716537012445E-9,0.006853820100250268,1.9383577525338987E-9,0.99314617228028,3.2353288834394755E-9,1.1345115684605288E-9,
1.2225706372536994E-14,0.01806400459514969,1.403397297624672E-14,0.9819359954048005,1.8270171178008374E-14,8.93349645206967E-15,
3.780173351093143E-14,0.03824738107718535,2.619785412082605E-14,0.9617526189226674,6.23007144523708E-14,2.3414946359343094E-14,
1.1062253178753531E-15,0.018218944555398027,1.6439097550483001E-15,0.9817810554445994,1.6855195807371642E-15,1.5721680574145374E-15,
1.2091220812085382E-17,1.1093874816252634E-4,1.2789937018501893E-17,0.9998890612518385,2.1207259645455853E-17,1.7324008167828512E-17,
3.5393976565496075E-15,0.024027023529299384,4.5249318012829604E-15,0.975972976470679,5.546386680504546E-15,3.898098746767527E-15,
4.9179937141685266E-15,7.46349628100583E-4,1.020838467758964E-14,0.999253650371864,1.7197779352869137E-14,4.995083959963665E-15,
3.2660956696540037E-10,0.04880756875753386,1.9550842775950618E-10,0.9511924302193772,3.622512687809416E-10,1.387191959361066E-10,
3.5545842782890936E-13,0.02883945529512264,5.032872127310534E-13,0.9711605447029154,6.706996712241463E-13,4.3233542825192824E-13,
2.0880595219326184E-12,0.07557881647607083,2.7590558727702097E-12,0.9244211835152524,2.1801914636054952E-12,1.6488011722098966E-12,
1.5937497374410266E-10,0.0020342247421823324,4.0443976693274074E-11,0.9979657749451442,7.498007673524156E-11,3.7874753503664095E-11,
5.219999833571604E-16,0.06025813197347437,5.588741871909815E-16,0.9397418680265215,7.85938418242146E-16,1.5434987583566987E-16,
3.0251682172678014E-14,0.006855957393491618,1.6258813855042246E-14,0.9931440426064307,1.7824730529689323E-14,1.3822806058751742E-14,
1.8621573452429997E-12,5.415818279779279E-6,2.663151844993887E-12,0.999994584173383,2.94182952159109E-12,8.691848407665329E-13,
6.766388506434112E-11,1.686317619369795E-4,8.946261944381773E-11,0.9998313677841348,1.5380429528119974E-10,1.4299475142938733E-10,
5.0173284161471474E-15,0.008718036554937669,2.050772491967574E-15,0.9912819634450422,1.0236918193734816E-14,1.6327199333926896E-15,
2.4695227625726457E-14,4.622488068567586E-5,1.8317946108567356E-14,0.9999537751192218,2.32501962619055E-14,2.651865752811933E-14,
3.741283669712436E-20,1.0563927653510492E-4,9.47707309171845E-21,0.9998943607234605,1.9328526355323846E-20,4.366576362886678E-20,
6.600278708515317E-13,4.368338481031673E-5,5.745498335448232E-13,0.9999563166119836,1.277353321364884E-12,6.942771483138511E-13,
2.364569759090895E-17,0.0036031183159874395,1.8082879157391525E-17,0.9963968816840091,1.4423006915361476E-17,9.625945087649981E-18,
6.371719573744319E-15,9.565535384345595E-4,1.5412786181336142E-14,0.9990434464615242,1.4024414744997131E-14,7.270637098143622E-15,
7.183732789035818E-14,0.04909566530238322,8.992505403021148E-14,0.95090433469718,2.2225259504286777E-13,5.26562874474194E-14,
1.644375093750476E-15,0.009242398164556055,1.3592959043089046E-15,0.990757601835438,2.421363311061169E-15,6.146331462214187E-16,
3.264973128187519E-12,0.00437559905634951,4.02105232788254E-12,0.9956244009286395,5.0425518348111585E-12,2.6813281270954932E-12,
2.539049342835086E-13,0.013551392033618102,1.074949851360879E-13,0.9864486079656757,2.1172733408248598E-13,1.3237476342653237E-13,
5.157056499016701E-17,0.3766212670354094,2.887821898366887E-17,0.6233787329645933,5.0349542532405824E-17,5.117137021957267E-18,
1.1870714573489288E-13,3.04671294964765E-4,3.190589304418293E-14,0.9996953287048096,4.0455661138025785E-14,3.4168615061559207E-14,
7.204993832626697E-15,0.07374556953466639,2.5448262227108024E-14,0.9262544304652539,3.485597705431527E-14,1.0354327193647049E-14,
2.933628977348039E-14,0.004122479643869332,4.172162802706546E-14,0.9958775203559697,7.148944057385113E-14,2.003335892760272E-14,
3.9108425205182816E-16,1.681876407750872E-4,1.0220927661354309E-15,0.9998318123592238,7.323813581062482E-16,3.7930605038891204E-16,
3.2449421494862106E-17,0.017553278549474083,5.594923334965282E-17,0.9824467214505286,4.5648765927194216E-17,2.853026318567301E-17,
2.915160091929825E-21,0.002615072892766751,4.601873174934803E-21,0.9973849271072333,4.296105129103593E-21,2.307514532178632E-21,
1.694007300759136E-16,0.17796593426877208,8.704196755927634E-17,0.8220340657312274,2.999300244547109E-16,1.2415577569267103E-16,
1.847435872646665E-18,0.0018953065370608893,1.4218607653034904E-18,0.9981046934629422,4.6573588766294325E-18,2.3430888954449606E-18,
4.6227530690214146E-18,4.9809798735533284E-5,9.967380993826479E-18,0.9999501902012646,2.6672713416148363E-17,1.262831794799557E-17,
5.902858007206812E-20,0.20803343493645252,7.425044900833933E-20,0.7919665650635481,6.75703370912084E-20,9.243346961397255E-20,
3.1165216230942557E-13,0.05756833851585058,1.1109704905675152E-12,0.9424316614811744,8.978919312078123E-13,6.559657001514161E-13,
8.33795422818687E-16,7.926997043544667E-4,5.510971492757794E-16,0.9992073002956443,1.5835230438436159E-15,2.0975278713272229E-16,
5.938998965039927E-16,0.00555290454076136,8.471247099657884E-16,0.9944470954592319,3.21417661647148E-15,8.9429651148751E-16,
7.98618727259185E-19,0.10189358283673342,9.519099717527424E-19,0.8981064171632701,3.690323635089458E-18,9.44084686328121E-19,
2.1656977502778523E-23,0.18140600708533322,3.9382566741688917E-23,0.8185939929146658,3.6798936391446943E-23,2.4269139047706608E-23,
7.988308603871563E-13,0.009320220575677112,1.1025261890669967E-12,0.9906797794213293,5.956656574771092E-13,4.971859656304639E-13,
1.2248446481004345E-15,0.007212284195698249,1.8570072066082585E-15,0.9927877158042929,1.0362737784733653E-15,1.2897514420853456E-15,
1.5896156772153559E-15,0.00481648907874167,1.2780161902470327E-15,0.9951835109212566,1.9892798896018365E-15,1.503224850213792E-15,
5.026903741042625E-19,0.04690870683420874,2.559904460867128E-19,0.9530912931657903,3.839852837073275E-19,5.283439899811077E-19,
2.241629454990273E-14,0.0014387934470081007,2.6815538634106917E-14,0.9985612065528908,3.630583872166525E-14,1.8348825805514405E-14,
7.402516501279863E-17,7.129405591138981E-4,6.082124951735714E-17,0.9992870594408884,9.061263397558474E-17,1.2443916046959691E-17,
4.851725753355659E-17,0.13119421602801318,2.2204683453942428E-17,0.8688057839719918,5.3519398686502665E-17,4.561758515845505E-17,
1.0633704978922379E-13,2.831401735546993E-4,1.053082863948639E-13,0.9997168598260783,9.685398817908251E-14,5.804452580896947E-14,
1.107786277221503E-17,1.0688594472068382E-4,1.7262382247650522E-17,0.9998931140552785,1.942705377883132E-17,7.304138702987158E-18,
7.511103013146253E-18,3.826363981909248E-4,8.333474291207664E-18,0.9996173636018075,5.123970521695376E-18,5.900139342793934E-18,
3.0434971490007337E-18,0.0016898003552485287,1.955195987345543E-18,0.9983101996447458,2.432755715762224E-18,4.92725309717274E-19,
6.428976054628372E-20,0.03220929390250907,4.1540991236566624E-20,0.9677907060974887,6.752734079159779E-20,2.4040835520738474E-20,
2.0769995612138334E-15,0.2327461842552284,1.3760386444693193E-15,0.7672538157447601,3.0832143981340302E-15,1.629765629364247E-15,
1.3048966799651071E-23,0.08426157459132542,5.098625864147572E-23,0.9157384254086717,5.724522348563712E-23,1.029793848682226E-23,
2.0122631960688323E-15,0.06616380627560452,5.807413633373652E-15,0.9338361937243713,6.401271354385143E-15,9.546530506910017E-15,
2.23791659121967E-17,5.930132322852249E-4,7.037848724883695E-17,0.9994069867677138,8.50496579602309E-17,4.450027054342205E-17,
7.375126789379501E-17,0.01876607707639278,2.334735557039756E-17,0.9812339229236113,1.4620324431402245E-16,4.3776638775143667E-17,
9.300283101447215E-18,0.09160589360748136,1.2826961874193262E-17,0.9083941063925209,2.240962937351471E-17,8.507594028470595E-18,
4.140652233695639E-25,0.046112369859354546,2.2455167378648613E-25,0.953887630140649,4.15166929069637E-25,1.7052126431958389E-25,
4.467683564150285E-20,0.010991874183593315,2.0313836825678303E-20,0.9890081258164095,5.663076531152705E-20,1.8219519125310163E-20,
1.08999495856633E-18,1.7771454389115272E-5,9.81400222493398E-19,0.9999822285456066,8.635369582046172E-19,3.8497326240931035E-19,
5.132778929391746E-21,6.396655059467409E-4,6.2158032168148914E-21,0.9993603344940497,7.585443891228127E-22,4.059884506980946E-21,
1.287732570573781E-15,0.0024573748069920713,5.714984647138097E-16,0.9975426251930015,1.958453700356097E-15,6.56566049446475E-16,
3.7492563839950605E-20,0.0011639161882419547,2.291161671473976E-19,0.9988360838117557,2.451101882079111E-19,9.101710456398527E-20,
3.080561052639417E-20,0.00707885917978092,2.15457112285047E-20,0.9929211408202188,1.4499636987203268E-20,2.182458938134696E-20,
3.169999116040877E-16,0.001056865548259242,1.0819197009733859E-16,0.9989431344517423,3.0390776941764735E-16,8.468916646165597E-17,
8.348837289717897E-17,4.915537021799224E-5,1.4495207653975683E-16,0.9999508446297823,2.078090473362388E-16,3.856504154456816E-17,
5.277495840456165E-15,0.01245837752070153,7.888608273458672E-15,0.9875416224792763,9.206130277609577E-15,1.1088562075262956E-15,
6.987740677652236E-17,0.007689602958850299,8.842349745827474E-17,0.9923103970411503,7.265098701900983E-17,1.1013257387078667E-16,
1.5260183122817273E-17,2.1211382705161268E-4,1.2529731722602097E-17,0.9997878861729477,1.9159747353088195E-17,1.1552507001189245E-17,
2.4234977529219605E-14,0.044218947782294585,2.296126378287441E-14,0.955781052217641,7.917295938943168E-15,7.522344092239993E-15,
4.558120431680565E-17,0.015194768731657286,5.893805164135666E-17,0.9848052312683384,4.972544475659408E-17,2.5550988499365253E-17,
2.6749692644788973E-15,8.302560858533774E-4,4.583847556599579E-15,0.9991697439141332,3.1529166571763676E-15,3.0253327001903376E-15,
7.772406073752285E-19,2.2998915767953943E-4,1.3236509633039878E-17,0.9997700108423228,2.2154790675534738E-17,1.0014101210912365E-17,
2.8206631383100626E-21,0.044030220936227125,3.853615891787198E-21,0.9559697790637722,3.2348682977374946E-21,1.5761724430098645E-21,
2.839673212010585E-19,1.3707671332537495E-5,5.6407303921337815E-19,0.9999862923286685,5.289465657157769E-19,3.0220861370118276E-19,
4.684927743018386E-20,0.16533608107186465,1.6156225038849663E-20,0.8346639189281378,7.453181926864431E-20,1.2055117790034566E-20,
8.53472724754094E-18,4.2436755030904285E-5,4.4705889714739796E-17,0.9999575632449735,3.025452032538134E-17,3.564684872454436E-17,
7.930251675880198E-20,0.07729937290194505,5.055027410293325E-20,0.9227006270980568,1.4371938679885298E-19,4.1446765942773066E-20,
1.6977870430271728E-19,1.453017726234146E-6,1.2952094912447155E-19,0.9999985469822708,6.467120513210377E-20,3.344906857413602E-20,
6.615399822875005E-18,0.013217582177201505,4.706513181136538E-18,0.9867824178228015,1.723449124931803E-17,3.2782149902497932E-18,
1.896495744248668E-21,0.0024434424461055094,9.959021240872345E-22,0.9975565575538907,2.015482442788726E-21,1.0205548007777976E-21,
1.7410449011739572E-20,0.004943685363959603,1.6116841439620452E-20,0.9950563146360423,2.955012876978895E-20,1.0518255667869251E-20,
1.7850048384527388E-22,4.6226097205878154E-4,1.208517422694844E-22,0.9995377390279432,1.8677299738529652E-22,4.72430947904604E-23,
2.5043892662669646E-17,0.009742566015830756,1.5450365871954246E-17,0.9902574339841691,7.046665656343566E-17,1.504211581067235E-17,
3.239452531893179E-15,0.003923391487791559,1.9889526164444146E-15,0.9960766085121939,5.3203807480028556E-15,1.2983569107771473E-15,
2.8492583428333346E-16,0.0036490826471337135,6.487700392078629E-16,0.9963509173528599,2.276051082607282E-15,2.311075003559111E-16,
5.335612079382755E-14,0.002163285470805986,2.3113078423899115E-14,0.9978367145288108,2.6502909734178853E-13,3.8863571944652924E-14,
2.119531927976465E-15,2.5098660769475522E-5,2.3268903343813648E-15,0.9999749013392163,1.1200155777557175E-14,3.964046795145106E-16,
1.4842623967067668E-15,0.0031747838787609217,2.4071017297129423E-15,0.9968252161212304,6.224756536377982E-15,7.426308096330244E-16,
1.2813951069537247E-17,0.00471306917037775,1.480530342181961E-17,0.995286930829621,4.414648574778038E-17,5.738578547100466E-18,
1.1878407816256068E-16,0.0013809220658457257,1.2101848862408056E-16,0.9986190779341572,9.724274184830033E-16,2.4705287542819857E-17,
1.423237134956559E-18,0.001110368336617422,4.184304193037546E-18,0.9988896316633866,4.015152517562339E-18,2.8044136889443905E-18,
4.5999023740823845E-17,0.011410920144643523,9.485100433782945E-17,0.9885890798553583,1.6348406987247198E-16,2.891159265818812E-17,
4.751873785716682E-11,0.00944145445181359,4.5087790966928926E-11,0.9905585453093321,1.3113334554749172E-10,1.5115829658859615E-11,
2.3870462177103824E-11,7.531881607972181E-4,2.5719277293166928E-11,0.9992468115852968,1.8668804275396957E-10,1.762820199114509E-11,
2.539196662944088E-13,0.002178557105497268,1.6480036220298407E-13,0.9978214428931106,9.244791829805792E-13,4.938971512721268E-14,
2.14472912904734E-15,2.269861943795674E-4,7.63046530035348E-16,0.9997730138056105,4.513806441770359E-15,5.902387795041491E-16,
1.3868319058108769E-14,0.038200346034979786,6.9604388949282264E-15,0.9617996539649831,1.304603358497719E-14,5.239505836050345E-15,
6.753073738765348E-16,0.0032795609920693524,1.294043094572212E-15,0.9967204390079171,1.1997522058611973E-14,1.1341378772365202E-15,
4.557600577313382E-14,6.635809327409775E-5,1.0844488202756741E-14,0.9999336419065301,1.2775687719883925E-13,1.0311860877241167E-14,
5.3138920201517726E-17,0.10406841326002422,8.500134629784083E-17,0.8959315867399751,5.251049333292592E-16,7.340581266628028E-17,
2.783213105301109E-17,9.135038840616525E-5,1.682579255398904E-17,0.9999086496115908,1.6606226285209871E-16,1.2442259031189371E-17,
2.8419493611461564E-18,9.984916635568395E-5,1.216436371944513E-18,0.999900150833649,2.4922670681497768E-17,8.817189238778497E-19,
5.753032547508474E-13,0.002283802382925673,2.6740388949909685E-13,0.9977161976122312,3.6327557713417396E-12,3.696329417648295E-13,
3.6057886373853516E-13,8.806188013659718E-6,4.20212625157298E-13,0.9999911938072406,3.678635596179277E-12,2.860986269395766E-13,
7.71023218564683E-11,0.020293636904184637,5.116504225824999E-11,0.9797063622474115,6.91205480106626E-10,2.8928703672520852E-11,
2.365695981361143E-12,0.007961354932918368,3.0209677361963465E-12,0.992038645046973,1.3031074468075451E-11,1.6914683855450303E-12,
3.64056081922762E-15,4.200585583078707E-4,3.935699983518879E-15,0.9995799414416464,3.7453583777921625E-14,1.734809995884741E-15,
4.5297628906881714E-14,0.003625603306014837,1.3268758282047874E-14,0.996374396693472,4.3810373756331724E-13,1.685417075862596E-14,
2.433545086584805E-16,1.3617575599097454E-4,2.879007368567673E-16,0.9998638242440092,6.787787350399409E-16,8.657143700788146E-17,
6.214296459539159E-14,0.0016141612488020022,1.079484320838708E-13,0.9983858387504347,5.482595242987395E-13,4.608158284786193E-14,
3.4549613928080335E-16,0.015173673070845118,2.251955648878114E-16,0.9848263269291494,1.7698233372108427E-15,8.185921483028832E-17,
5.0087183353020065E-17,0.00946088891948718,3.228718582357817E-17,0.9905391110805161,4.546269982547087E-16,2.6275654806169235E-17,
7.031815635395682E-18,0.0029587503623997864,1.474422450874355E-17,0.9970412496375997,1.854258741255832E-16,4.886865698124226E-18,
1.4844511996305333E-23,0.007256058853203102,1.3487568787577814E-23,0.9927439411467943,9.505086134491057E-23,3.367509057612119E-24,
8.082386172178309E-17,0.023084987861722025,7.913386488176924E-17,0.9769150121382797,7.732561671583834E-16,4.461117236884491E-17,
2.4843921536867927E-16,1.6085919071074135E-5,3.251653599847448E-16,0.9999839140809282,2.4523725916332797E-15,1.14114286581592E-16,
6.366213156414763E-18,0.0045138516764131175,3.9944944313313994E-18,0.9954861483235882,2.6289541340544025E-17,2.139163527198599E-18,
5.661691105559767E-13,1.556858871311119E-4,2.195869574377134E-13,0.9998443141049695,6.7134657084376155E-12,4.0161500228177636E-13,
6.021594953073531E-15,0.05002583774349893,1.1943374136223965E-14,0.9499741622563588,1.1603454053410788E-13,8.251363054367207E-15,
1.7956154433001752E-13,0.03258705667126506,8.825382049222102E-14,0.9674129433270661,1.35486440764052E-12,4.7493996715955745E-14,
3.041529423390597E-16,0.006706284367084151,4.698335352671183E-16,0.9932937156329078,7.76996228130834E-15,1.5922129892781335E-16,
5.526721097850742E-15,0.01214520708625985,4.154119168042048E-15,0.9878547929135891,1.3654137518945786E-13,4.2075922686309475E-15,
1.0195554016791397E-14,0.03589893373426509,1.240353958644121E-14,0.9641010662656239,8.120056672177919E-14,4.064132388315098E-15,
4.067112426427358E-17,0.12429724079529564,8.215011524099001E-17,0.875702759204702,8.866351597099687E-16,2.118700407431015E-17,
1.5734724955735084E-18,0.002751304449302929,1.2468531737444145E-18,0.9972486955506944,5.760778559459217E-17,1.5943258547205735E-18,
9.791194022524075E-16,0.018095796351266492,3.02483101750525E-16,0.9819042036487244,7.084304063547575E-15,2.512797699256847E-16,
3.0388348704054825E-17,0.014089443084673582,2.0604176187454468E-17,0.985910556915329,3.7777365960177765E-16,1.5513147802446654E-17,
4.170327756539443E-17,0.023968739566269427,2.2835968329944014E-17,0.9760312604337311,3.9662676074771805E-16,1.6442053659841536E-17,
6.4192012897502015E-19,0.004244019641766798,5.407732426440679E-19,0.9957559803582314,1.1713979588335238E-17,5.029773440637795E-19,
1.9787936081843364E-19,4.3471299248748886E-5,7.593631044008342E-20,0.9999565287007554,2.6558693942279438E-18,1.489122667062841E-20,
5.095203771674236E-19,3.8625455947510115E-6,5.158497115798993E-19,0.999996137454405,5.925713693188055E-18,3.8383030288978976E-19,
3.4091197740391413E-22,0.008622277341986843,3.333800222189176E-22,0.9913777226580123,4.9037216506777756E-21,3.807951822595367E-22,
1.5071543410538417E-17,2.0830013098693863E-6,1.5319987372567432E-17,0.9999979169986873,1.3001884083766983E-16,3.870707939277272E-18,
8.747930395878772E-15,0.021724428082248233,1.9920368108111568E-14,0.9782755719175162,1.930230406074822E-13,1.1242174631011819E-14,
2.6068865749206575E-11,6.164725481524969E-5,1.495885967457231E-11,0.9999383522890547,4.0856557564810873E-10,6.53669481518942E-12,
1.2545228076664131E-11,0.024986383319164533,1.4727390440820087E-11,0.9750136163443948,3.0234376305617254E-10,6.824527824761455E-12,
3.114851486740838E-14,0.005082917388965442,1.5320901589321603E-14,0.9949170826107491,2.231092806665759E-13,1.4814650072262733E-14,
7.783008075982067E-19,0.07700405292484142,2.347519416903501E-19,0.9229959470751571,1.2590596767661517E-17,2.18694263951361E-19,
2.0867707052997483E-14,1.754003047198952E-4,2.5834917334259273E-14,0.9998245996946166,6.036889269050965E-13,1.2870145154970173E-14,
1.9335415863106E-20,1.4816622181253025E-6,2.3254478328949295E-19,0.9999985183377821,5.176947754865229E-18,1.7566472179296486E-20,
9.301509353961757E-18,0.005205580623769845,6.2896350685598195E-18,0.9947944193762275,1.530977674997941E-16,2.2431177871491836E-18,
1.4912750307564627E-15,0.008308160962265377,3.802898471982145E-15,0.9916918390377053,2.628777048435263E-14,8.643592193235149E-16,
2.098670172243617E-13,0.010939309563279367,1.9275430130698176E-13,0.9890606904298718,6.358689850070834E-12,8.866997634193452E-14,
4.025047675430713E-16,0.00787997176337871,2.9360359580831024E-16,0.9921200282366086,5.4063136034229844E-15,2.3001004928698665E-16,
8.686492384750292E-17,0.006439513985288979,1.653872600640417E-16,0.9935604860147053,4.928637009433623E-15,5.2326237364150354E-17,
1.0127447472531079E-17,0.007338334856551155,1.5650002472375458E-17,0.9926616651434508,6.434938517240442E-16,9.611187875544926E-17,
1.3984748063911442E-14,1.1653285585570277E-4,1.0375226199924694E-14,0.999883467143871,2.423558374009572E-13,5.382118539043253E-15,
2.4696162256598755E-14,0.007159285786999071,1.2826864419073837E-14,0.9928407142121132,8.403254176288183E-13,1.1069365108670303E-14,
2.725291675441772E-15,0.0019177523390337052,2.355267801581967E-15,0.9980822476608395,1.174030900991483E-13,1.6885678102552736E-15,
4.241511694370619E-17,0.021861724124645023,6.997496226040045E-18,0.9781382758753495,1.0898722231063833E-15,1.239270731178706E-17,
6.6105559353161275E-18,8.64584327592651E-6,1.7448294071991646E-17,0.9999913541567224,3.944512829812199E-16,5.168853641020414E-18,
1.0648830347611598E-16,2.37303093511379E-5,7.696308503384049E-17,0.9999762696906532,1.1688815884990695E-15,2.2384106962849867E-17,
1.0216240033158843E-16,6.0590894638012605E-5,2.1637218306423669E-16,0.9999394091053625,2.5415109033103436E-15,1.0201688304998194E-16,
2.357404739894309E-15,4.826877788817223E-4,1.0217428047159827E-14,0.99951731222085,2.455082778591585E-13,1.0176056281878618E-14,
