
0.170908555267263,0.15145195055066804,0.07006999940267321,0.16243974665300687,0.09914735794271194,0.09005378950764666,0.17702218640102707,0.07890641427500329,
0.12524107069464901,0.12657513567909368,0.1213207263081149,0.12732715128129482,0.12381883451136295,0.12568516443248315,0.12296955002211851,0.12706236707089075,
0.009968592408341635,0.01251803318600039,0.013935013970145902,0.9381685717914607,0.007290507415683864,0.006253959480419438,0.006358483456850897,0.005506838291097371,
0.006911227448562059,0.010923024334373118,0.008932365925815568,0.9579172600073999,0.0027749792937309882,0.005685777953546933,0.002144916796064426,0.004710448240506537,
2.2303162632215367E-4,1.8432918702805375E-4,3.1112990652997765E-4,0.998230440015205,2.4077769648782788E-4,2.505164062927067E-4,3.251182128819266E-4,2.3465694925183282E-4,
8.699674729572012E-6,1.1688947013193044E-5,7.34822295867831E-6,0.9999445301809025,7.40427287292836E-6,4.930670212254223E-6,1.069542243678216E-5,4.70260887421718E-6,
0.00414318096061401,0.004700553662859781,0.0028061237481572165,0.9759825490975644,0.0031519288932920445,0.0025693238115739553,0.0031312980885607133,0.0035150417373776533,
0.004134074602946181,0.007242626126209888,0.03794050197049805,0.9386164984121729,0.0023241712849473547,0.004043027792154274,0.002882345145883662,0.0028167546651874814,
6.538826576530191E-4,6.630798374726619E-4,5.744948101577024E-4,0.9960888451964842,6.262205692266021E-4,5.758391741854696E-4,4.993059918947965E-4,3.1833176292571396E-4,
0.00910867284074871,0.020096117869313822,0.0275090119243071,0.9252575815342482,0.0034979629135163267,0.005299222500726281,0.004888781512099069,0.004342648905040538,
0.0030871524283164675,0.0022795052143831165,0.0021605757115794404,0.9817264250435486,0.0026478046267075016,0.001929690734045299,0.0034463268808283,0.0027225193605915745,
0.004197359093492404,0.0036120849920311493,0.007510932270475005,0.9757029292367115,0.0019550117092159867,0.002791307204330988,0.0016908575415162065,0.0025395179522266493,
0.009005578712683893,0.010492511507706154,0.05773087871557615,0.9102391760210816,0.004710961791701092,0.0013303873835306813,0.0032697287661685253,0.0032207771015523284,
3.775446370371063E-4,8.685848328424668E-4,0.0055815154647641755,0.9918155870546863,5.392071879701744E-4,4.3385356757525957E-4,2.2150981981335606E-4,1.6219743531094925E-4,
0.001045314024176159,0.0010164755800504458,6.92782722940946E-4,0.9947179810403441,5.078724966492841E-4,9.286952214814277E-4,6.168057786934492E-4,4.740731356639401E-4,
0.004951971446468406,0.02755412026252953,0.07430286750359993,0.8844552668365769,0.00280943575589483,0.0022224512976080713,0.0018646597654069653,0.0018392271319148834,
0.0013765763450960234,0.005362893745528219,0.027916563407195807,0.9609473859632598,6.246321392814055E-4,0.00158750192620635,9.880568624932205E-4,0.0011963896109391146,
2.897872302762294E-4,6.728161023600211E-4,0.0012123696795442362,0.9968172693765024,2.2374701585482805E-4,2.3428231945971315E-4,2.5714766906004396E-4,2.9258060694297946E-4,
0.0013787109902067007,0.018493123651475686,0.11136388402182658,0.8633506972011579,0.001331898325291938,0.0011325116698306982,0.001301012218257723,0.0016481619219526741,
6.124119581392639E-4,0.005002043318544904,0.039315216815414486,0.9535329673396058,4.6826375341525863E-4,4.759505989221536E-4,4.1451664474280344E-4,1.786295712156323E-4,
0.0030444987202000776,0.038407397277765716,0.10458713428694931,0.849254248216778,0.001077675041900643,0.001227448060915839,0.0014704776093596753,9.311207861312944E-4,
6.090781859573441E-4,0.0014258896973337904,0.002953111216988748,0.9931222463347189,4.368108354183313E-4,2.974825795530975E-4,6.38601261340499E-4,5.167798886892473E-4,
6.4866653422787E-4,0.004247893186220964,0.08036013415462995,0.9115174593123415,6.671101180184993E-4,7.278222105537668E-4,8.215815867430486E-4,0.0010093328972649823,
1.6323963100638235E-4,6.639601780537205E-4,0.001311890592450845,0.997543875782761,8.316088506647738E-5,7.671949830748991E-5,7.20869912976156E-5,8.50664410579836E-5,
3.1669025874041305E-4,0.002639701967503961,0.0267159111964602,0.969937944241069,1.344230600693569E-4,3.771316495927151E-5,3.938976630510538E-5,1.7822634489385368E-4,
8.698731827882059E-4,0.001516059757913251,0.0021925486477934616,0.9925713621057208,7.460769892189668E-4,7.743808030328393E-4,7.625155695870812E-4,5.671829439452763E-4,
7.604426350311084E-5,0.0017910352771970332,0.004161213803599792,0.9935191272575078,1.1437809301067555E-4,1.3322124013952506E-4,1.2898885311664562E-4,7.599121192496877E-5,
0.002429769831290122,0.03186075550553209,0.19525786681447665,0.764783439841337,0.00144275501357499,0.001623458215186115,0.001405517564529475,0.0011964372140737711,
3.887025208137684E-5,6.013448126224087E-4,0.006611792480572608,0.9926338521055934,3.293477759999348E-5,3.122768279018999E-5,2.4862671991697314E-5,2.5115216748457018E-5,
7.730952974188682E-4,0.004212153980102,0.1952395582165719,0.7972135426972188,5.809607078324891E-4,7.617528480271444E-4,6.287762261941613E-4,5.901600266338052E-4,
6.445910067813369E-4,0.0015395955444268126,0.0014064850752956274,0.9949815109601376,2.1614399224470415E-4,4.2147291686059503E-4,4.0170864777122395E-4,3.884918564817318E-4,
2.9125085155325323E-6,0.003747074251673069,5.050736902655341E-4,0.9957267507134379,5.502051054572274E-6,4.422953745272965E-6,4.666566660720177E-6,3.5972646482080405E-6,
2.200713886743358E-4,0.11042963627052754,0.002298914920673691,0.8862434108224138,1.818400353243197E-4,2.2011498309634572E-4,1.9260759700917205E-4,2.1340398228043739E-4,
1.926931175811104E-6,2.473881982506482E-5,3.3370759297666995E-6,0.9999654313514861,9.424289185876685E-7,1.5021627784886402E-6,8.10438532868235E-7,1.310791353811373E-6,
0.0014505114201843528,0.013132581409034864,0.002232663923201858,0.9799301366473839,0.0011191422492389884,4.4121552284396106E-4,5.165639419430399E-4,0.0011771848861689852,
4.338891740167703E-5,0.0027418815059636116,4.636315567488502E-5,0.9970343302509213,3.0511620818189702E-5,4.259838599189178E-5,2.4482051974962285E-5,3.644411125343106E-5,
8.287697763435856E-6,0.010986598380451193,2.195674076869576E-5,0.9889616997882065,7.351588735210102E-6,4.56822479517286E-6,4.690761995168452E-6,4.8468172846899045E-6,
6.371283639816204E-6,0.005688853884503609,8.70177695990077E-6,0.9942825274815565,1.6088302547094678E-6,3.844424171175477E-6,3.179598782043331E-6,4.912720131696755E-6,
2.7064762954523036E-5,0.024890373231945803,5.706221616923322E-5,0.9749743405234284,8.946223003297855E-6,1.3650369162165307E-5,1.4871835012464903E-5,1.3690838323741668E-5,
5.6155658275997985E-11,0.22240981038693167,2.0866754031395926E-10,0.7775901892845174,1.7815010809533707E-11,1.783617026215469E-11,1.025152477362796E-11,1.7824360979805568E-11,
1.598697592378003E-5,0.047507851192485094,1.1242870876091522E-4,0.9523120624038212,1.2923818268734336E-5,1.5033488464244326E-5,6.94530985638634E-6,1.67681024200978E-5,
1.7324153584943676E-7,0.06517313062231465,4.691078090906984E-7,0.934825789500662,7.152651539286468E-8,7.930832363171176E-8,1.6612966724234672E-7,1.2056317221281134E-7,
3.6054201068532113E-7,0.00898708027427398,9.928905689471653E-7,0.9910106951376113,2.2506722031909602E-7,2.57117666986698E-7,1.8815621955654806E-7,2.0081442840026185E-7,
3.4107562663116477E-13,0.04988782025795944,1.5150063409539481E-12,0.9501121797394647,1.5322845770388664E-13,1.2203342153820094E-13,1.617684206638227E-13,2.829309878939006E-13,
1.263570228398098E-5,0.004339929376833991,1.9230599623944367E-5,0.9956015964901965,7.721364908013753E-6,5.252178684918117E-6,5.849018693767638E-6,7.78526877524721E-6,
3.1459586751921443E-4,0.00326270165830414,4.5664717454261503E-4,0.994914368881281,2.7691453392064696E-4,2.3315255322233375E-4,2.2016634759068865E-4,3.214529836195664E-4,
2.0133903736242653E-4,0.0028461025012910465,2.4535421191915864E-4,0.9960624308152398,1.7481104549746387E-4,1.806694923154405E-4,1.4099971269211658E-4,1.4829318368278307E-4,
2.3027289296713656E-11,0.12933416792663738,1.9502280209478339E-10,0.8706658317848742,2.1040897232359997E-11,2.204578678856384E-11,9.751330138927313E-12,1.7602040241258303E-11,
4.667811787605533E-10,0.10938950090504759,2.697302267645781E-9,0.8906104946221378,3.856157962299097E-10,2.4202952695301633E-10,5.162900118273317E-10,1.647970585603991E-10,
6.325114697098031E-8,4.3820956257431456E-4,1.0102804408523983E-7,0.9995614420530876,5.343684560589578E-8,4.469123368798142E-8,3.67456112814543E-8,4.923145789374944E-8,
3.5167987797036784E-7,3.05490451462111E-5,9.051509896963043E-7,0.9999666997716797,2.985170957100236E-7,4.5043232052297004E-7,4.324821247851835E-7,3.1292076661135037E-7,
4.438424265286727E-10,0.11155792751223542,2.4789326906526542E-9,0.8884420680651696,1.9136695370417151E-10,4.327088249905859E-10,3.70653354166215E-10,5.050911323470107E-10,
6.301686493327887E-10,1.508802965086407E-7,9.300503430611344E-10,0.9999998435832791,1.026986882074539E-9,1.0182351730684016E-9,1.281268138714001E-9,6.497147298573534E-10,
1.685525704704088E-10,0.019443088230052884,1.3641800361216902E-9,0.9805569097858581,5.494472185252739E-11,1.3945476669994265E-10,1.162812082452801E-10,1.4067508548460924E-10,
8.922113439612153E-11,0.002415293647803593,2.071002057813724E-10,0.9975847059117601,3.0314749446232906E-11,2.7253286582975072E-11,3.624434441361568E-11,5.03041053811336E-11,
5.8958629211217224E-8,8.723748810112788E-4,1.2524319889137547E-7,0.9991271513888904,1.4389755626176461E-7,4.279882386359013E-8,4.536917412504003E-8,5.74627162111052E-8,
2.415001632532201E-9,0.1411574743604342,7.593403257026417E-9,0.8588425069179166,2.5550467249666336E-9,2.1544061241929553E-9,1.8897901505021085E-9,2.114001967031634E-9,
1.3722126869491037E-11,0.15033110127328156,5.1509350050020863E-11,0.8496688986298495,7.1818563081954795E-12,1.0035457478782363E-11,9.80426473366029E-12,4.6147174252346124E-12,
2.9693161512918515E-11,3.650581600160976E-4,1.2003613676937503E-10,0.9996349416188791,2.5900262094823276E-11,2.208348868056905E-11,1.5430514095062803E-11,7.961933310063763E-12,
1.0345335364845558E-14,0.0020491161922152014,3.8590402721425515E-14,0.9979508838077313,1.5875983811063138E-15,1.3215435362668459E-15,9.827178036320291E-16,1.6911447894624755E-15,
7.60232705877015E-11,4.114677051719969E-5,1.7503422470639055E-10,0.9999588528010299,5.320247133130379E-11,3.869044487469114E-11,3.5804027654962766E-11,4.9699376908105426E-11,
8.143202956121515E-10,0.0028863759258069468,4.63773199313796E-10,0.997113620898222,4.539925241132707E-10,5.299030377949904E-10,5.657472945183305E-10,3.4823294001269046E-10,
2.959655058898675E-10,0.001993035509702818,4.3705854468772274E-10,0.9980069632411203,1.4760058306308213E-10,1.4153564933093958E-10,1.3386686909166135E-10,9.315264901759587E-11,
3.714704490470317E-12,2.280088406216156E-5,5.313897983983901E-12,0.9999771991029017,3.2345330268064865E-13,2.113694350145412E-12,6.404860186688114E-13,9.319329264814972E-13,
1.0767370540699732E-8,0.01065260039725804,3.797104606968276E-8,0.9893473122313186,1.0996302033285481E-8,1.1765269352762896E-8,1.0706552231606347E-8,5.16488476263463E-9,
1.3839210990079979E-6,0.0018218548579242316,3.1240323987459625E-6,0.9981678261376973,1.672274947087189E-6,9.028999630131446E-7,1.8599401198973343E-6,1.3759358496928663E-6,
1.2492406301430097E-15,0.03809887865130163,1.3593290739721309E-14,0.9619011213486758,1.6053728338786076E-15,1.009186772859888E-15,9.92729136936692E-16,1.0647230569718339E-15,
2.1711863813270523E-9,0.005877632199377138,5.168071635735952E-9,0.9941223549282553,1.4920715148117128E-9,1.303958486020436E-9,1.2475567927735227E-9,1.4895236413068477E-9,
2.2201774353210535E-26,0.10156595621959082,9.331286022440007E-25,0.898434043780412,1.0712594583796631E-26,2.787196801826124E-26,2.0421840135665468E-26,3.035644378874062E-26,
5.0482469455219944E-21,0.0018239458021353549,1.0722356591373849E-19,0.9981760541978603,2.452062385318118E-21,2.387223602732189E-21,2.7384996004912007E-21,2.4663328012228656E-21,
1.534621658488843E-20,0.005163867181084456,6.29974196722369E-20,0.9948361328189161,6.716711428670347E-21,2.3537127786834538E-21,8.868410350063607E-21,3.671778761235734E-21,
3.1391765272799595E-8,0.026673242288308738,2.536169897846002E-8,0.9733266716819646,1.0596219798060429E-8,7.2313490961481325E-9,4.605444434591194E-9,6.8432495227466626E-9,
5.433595963312131E-9,0.07484847041783872,1.0308860663451419E-8,0.9251514978691467,3.753105201112716E-9,3.19470038541702E-9,4.654661722002182E-9,4.3680881825994615E-9,
6.151203987214419E-8,0.005070591139680904,5.700128222473897E-8,0.9949291775661947,2.1375436611134153E-8,3.1565412616745856E-8,3.439401110622409E-8,2.5445940537178504E-8,
1.7812133799544015E-12,0.17126445957229836,3.786155047587497E-12,0.8287355404196516,6.297858587427504E-13,5.809546206137234E-13,7.210308041431403E-13,5.50657349211908E-13,
5.142398599960332E-9,0.021425222438014237,8.25414160307012E-9,0.9785747554540933,1.6963805502368661E-9,2.758408137920627E-9,1.5886434643626028E-9,2.66791998557941E-9,
1.1242825525862717E-8,7.00610204876515E-4,1.5291583460735014E-8,0.9992993379955268,8.907396560223287E-9,5.0965875882761294E-9,2.516562619586959E-9,8.744641708530813E-9,
2.9242015446051867E-12,0.05951759952660867,2.8747534490630172E-11,0.940482400434243,1.539302419116546E-12,1.7206862856389598E-12,1.815241892939173E-12,2.4028558258785023E-12,
2.2914170160947963E-9,0.04583839345477321,6.724897192634931E-9,0.9541615896492245,1.7133226686144242E-9,2.5441908576894436E-9,1.925574162680886E-9,1.696601221959641E-9,
1.6869353326833915E-13,0.00663454066350173,9.457921971810535E-13,0.9933654593349279,1.4337949550172024E-13,1.120439890161353E-13,4.6478080745542293E-14,1.556090628919301E-13,
4.0060439811269834E-8,0.008672630834598493,9.064195265777598E-8,0.9913271664879273,1.1304663672268593E-8,1.8046097298619698E-8,2.6799586116259982E-8,1.5824731862157268E-8,
1.231209919042638E-10,0.003337375157457486,6.980610402716761E-10,0.9966626235035725,9.797935116301703E-11,1.4847410839725178E-10,1.1391559910051824E-10,1.5742230487001468E-10,
1.6591272025045126E-13,0.0033688711061764954,3.9664406011172665E-13,0.9966311288929643,9.597974675785661E-14,6.479437999590817E-14,9.506581470768091E-14,4.0573244510332927E-14,
9.154399589034332E-18,0.001098726260761788,7.574271480672912E-17,0.9989012737392439,3.237561221516512E-18,3.6092366842552816E-18,5.371079600361439E-18,2.3270717579771402E-18,
1.951344297067837E-16,0.0011617124450547848,3.828840505453247E-15,0.9988382875549358,1.147415377827416E-16,8.874168949664971E-17,9.519603639059168E-17,4.8823116272862105E-17,
1.6471314814244986E-11,0.11925474715739862,9.469078384444835E-11,0.8807452526886902,9.767419573031531E-12,1.2707884203473734E-11,9.585708068473392E-12,1.068719217791253E-11,
1.2400962257063346E-16,0.06330690101772365,6.232231974594542E-16,0.9366930989822696,4.315586757654165E-17,3.575036505580126E-17,7.097931054813011E-17,3.867266127460798E-17,
2.27733317356811E-17,0.007695699195607354,5.920427358612767E-17,0.992304300804392,1.1153135039678107E-17,1.0822744255872155E-17,1.054364787801902E-17,9.274769689388817E-18,
7.741333824757459E-14,0.001662354304788541,2.7262398122806253E-13,0.9983376456946638,5.412137901215459E-14,5.743431021569634E-14,5.0769445903107446E-14,3.683577459400012E-14,
6.246430478619221E-11,0.11416272288494826,3.4061097180845464E-10,0.8858372765986237,3.1902774788410935E-11,4.161037718707667E-11,1.7146587673157593E-11,2.269391012665442E-11,
1.66394203639508E-10,0.004176685712511663,5.452911499570425E-10,0.9958233133353084,3.531211426602522E-11,8.62377179996121E-11,4.9550838195971545E-11,6.939586158447217E-11,
2.264374224862018E-10,0.013839827790691293,3.281396226886444E-9,0.9861601680853411,1.514098365453938E-10,2.0481474509539616E-10,1.7712574796977548E-10,8.278246573114461E-11,
2.902790434202831E-18,0.0010744664162101103,7.44599953305915E-17,0.9989255335837849,3.3350911561405238E-18,9.650407525235718E-19,1.941192820633247E-18,2.0712537740504667E-18,
4.505851074748795E-13,6.997061951659678E-4,5.486162423287371E-12,0.9993002937982348,1.2450096002640344E-13,1.848073076164322E-13,1.6266740373840988E-13,1.9133618496705522E-13,
1.6893171660227823E-10,0.009645634937229421,9.223524491219571E-10,0.9903543635258134,1.4110605751709217E-10,8.992263806349313E-11,6.646591205133949E-11,1.4817934897516427E-10,
1.7175449139395445E-11,0.00696499129050979,1.7440331902098503E-10,0.9930350084450764,2.0513596852803143E-11,1.2895596102175833E-11,2.4028359619787708E-11,1.5397679090843415E-11,
6.249425034511102E-20,0.031787369839661926,4.034474953630795E-18,0.9682126301603388,1.0356755861086023E-19,2.0696281322984802E-19,1.5994106631034105E-19,2.314494456644691E-19,
6.36452641870006E-11,3.375967839752475E-4,1.2939076704449186E-9,0.9996624016150709,5.892591855889409E-11,4.9032804366203165E-11,6.556275441818782E-11,6.988049139134164E-11,
3.215519497016823E-9,1.9000462726066663E-4,8.280152505277873E-9,0.9998099763233207,1.6812456063596404E-9,1.7686631272374577E-9,1.8292144633975914E-9,2.2746231853704158E-9,
9.549400121588507E-10,0.004163966599866637,9.511745531057609E-9,0.995836021051026,5.411377535350108E-10,5.066761986176781E-10,4.2858267454105115E-10,4.0602513928696985E-10,
1.8693314556337225E-12,1.7105146961955963E-4,2.4374807600724166E-11,0.9998289484992464,1.2561518254304075E-12,1.3157525417969924E-12,8.734632464815918E-13,1.446177276201836E-12,
6.71762481942004E-12,0.0022534653531012805,1.1817205751676086E-10,0.9977465345114332,4.663056112641855E-12,2.552135350532918E-12,1.9434381341446806E-12,1.414686865152421E-12,
1.1874823914273736E-16,5.639369326028734E-4,3.986526088509308E-15,0.9994360630673929,7.838296526995408E-17,6.257027187629583E-17,7.147715899701679E-17,7.438613468593555E-17,
1.7794787814112414E-12,0.13649352043518073,6.551720200509152E-12,0.8635064795514309,7.865279248571718E-13,1.1878418386695291E-12,1.1999953767294629E-12,1.8827066479861955E-12,
1.5944871725511858E-15,0.0013861888964154102,2.4305620850588718E-14,0.9986138111035513,5.551453576834571E-16,2.9244719665548247E-15,2.5013145569558485E-15,2.9600010826839136E-15,
6.364133745308662E-17,0.001937487966836766,2.4173945821622918E-15,0.9980625120331573,2.7678945526277342E-17,3.419424046082439E-17,3.901246663045669E-17,2.7755558180344767E-17,
9.729350768939009E-15,3.491061180517603E-6,1.3447385085956513E-14,0.9999965089387581,3.691869694084871E-15,1.0393127818135714E-14,5.4325868959144325E-15,1.2375802827753884E-14,
9.013924784885305E-12,0.08739998887036318,1.150830859833527E-10,0.9126000109843617,4.414318610004665E-12,7.050219744199966E-12,3.974960671772902E-12,5.73931461654939E-12,
4.77884785755803E-12,8.80659481841081E-5,1.0390552306237005E-10,0.9999119339359349,1.5443671221284825E-12,1.4917604320262508E-12,2.2408501987642853E-12,1.918074738052964E-12,
2.7427669680064385E-10,0.0012865519112382326,9.98210479354308E-10,0.9987134462100244,5.422530587625826E-11,2.4662598086797627E-10,1.41300599810781E-10,1.6409863558803045E-10,
6.558389780193032E-10,0.0015693983180454676,1.1583676133758133E-9,0.9984305980254506,4.6220763680971677E-10,4.690284372910555E-10,5.100052648818911E-10,4.0105518754705037E-10,
4.5096679504128016E-9,0.006005221929525463,1.6620990133085993E-8,0.9939947372356216,3.468988949703939E-9,3.484514436186433E-9,6.991393634021273E-9,5.75929885239112E-9,
4.484424378967975E-14,0.002121386835844491,7.06294786692859E-13,0.99787861316333,2.375387297438701E-14,1.2602650212593226E-14,2.4924141212623452E-14,1.2459326370089679E-14,
5.860849819951569E-14,4.757214244640176E-5,1.4294974890411753E-13,0.9999524278573183,1.6279364260331197E-14,1.5081148296191735E-15,2.464125454746078E-15,1.3490745832767696E-14,
9.60035084936359E-13,0.003182728359687003,3.676013005289978E-12,0.9968172716322176,8.85686934753752E-13,1.1130030608237267E-12,7.06311580446585E-13,7.521657299211346E-13,
1.4898044995444189E-15,3.917898870332145E-4,1.738485741530269E-14,0.9996082101129424,1.9061295854149268E-15,4.481427139790384E-15,9.287044935293117E-16,3.1258567126206634E-15,
1.7810886671230038E-13,2.578879319082774E-4,5.575084003709519E-13,0.9997421120670492,6.040087848783352E-14,9.154716293405345E-14,9.265754716264415E-14,6.115443484053442E-14,
3.060409048430245E-13,0.0036212791253701377,1.3714368534963245E-12,0.9963787208719129,2.6692612307239325E-13,2.1881425394478613E-13,2.7502256865210854E-13,2.797233126400114E-13,
7.968180680695266E-10,4.252359009877771E-4,2.302051911414822E-9,0.999574758552486,3.40521826906228E-10,4.915937830776792E-10,7.305220862267276E-10,8.85018367287511E-10,
1.1171573297891948E-11,6.441972541566233E-4,1.0982780468347571E-10,0.9993558025571123,1.2655773154853078E-11,2.6903542967649592E-11,1.9030003775722013E-11,9.14278698268762E-12,
1.689657188225025E-15,0.001525918000563966,1.6820773561544758E-14,0.9984740819994086,9.897901870857875E-16,7.498851140611794E-16,1.3055865287689769E-15,7.24461323944992E-16,
6.001188320705721E-17,6.150421556771285E-4,1.0808731931293069E-15,0.999384957844326,3.438471964664789E-17,2.7253394740584134E-17,4.4657959050462666E-17,4.14167219417236E-17,
5.929727544484732E-13,0.005474634171754711,2.1438468243370246E-12,0.9945253658243772,2.877368550596456E-13,1.5840797543317054E-13,3.4364983118368157E-13,3.433688939850103E-13,
3.4479768329941214E-20,0.006221332038438598,1.5309913047610119E-19,0.9937786679615596,9.084009553711637E-21,7.553261016831182E-21,2.840655075028017E-20,1.3852501632595612E-20,
1.7781175049817783E-13,0.0036174814930190415,2.0507187957388858E-12,0.9963825185044829,3.466608260004543E-14,9.815315179118692E-14,1.1977776188572274E-13,1.823993568028162E-14,
1.6574919419037968E-13,1.1487071797094125E-4,6.1096217379405135E-15,0.9998851292816329,1.5023759707913118E-13,3.1626737228367224E-14,2.48988457395843E-14,1.7841657209781737E-14,
7.554825970678568E-13,7.652583295977741E-5,1.0135654315694425E-12,0.999923474162511,4.800397131923052E-13,6.620790295899543E-13,8.816882456081483E-13,7.344974533883847E-13,
4.0160891782023646E-15,0.0043670841544116695,9.089420975828987E-15,0.9956329158455568,3.695586264184638E-15,4.566212108669452E-15,4.0651260489363344E-15,3.3585381885395336E-15,
9.761772470326676E-15,5.507214118919187E-4,4.6923829138349014E-14,0.9994492785880398,4.39561178827007E-15,1.061737988983579E-15,2.2502555767075182E-15,4.229629414036553E-15,
4.163061252747758E-19,0.004767367042332855,1.0081246613158552E-18,0.9952326329576693,2.0796317916841024E-19,1.3044715722382319E-19,8.718823551618242E-20,1.7935319264796504E-19,
5.0166581281548E-23,0.0192466976693282,9.724802078054983E-22,0.9807533023306759,6.644118628182471E-23,5.276845798442409E-23,6.229916780214434E-23,4.4423494177271436E-23,
7.541731999153654E-13,0.04720554491252668,3.3293710500006638E-12,0.9527944550821859,3.0319003038510533E-13,3.877068515512384E-13,2.726307490957623E-13,2.4153197865655236E-13,
7.677412199080116E-11,1.9939570194413905E-6,1.0423778594967431E-10,0.9999980057319658,2.7129600750641777E-11,2.8618245024691085E-11,6.648814750600082E-11,7.76710358357642E-12,
4.458393893374526E-12,0.0016301466559840683,1.3565256588280962E-11,0.9983698533169473,1.26303724830871E-12,2.6905874533523335E-12,2.247269220733938E-12,2.8433884054519486E-12,
1.653093144308806E-11,1.248042444184639E-4,6.314875636346038E-11,0.9998751955375749,2.410986534909334E-11,1.794715972056868E-11,5.409184662315332E-11,4.218044858556938E-11,
3.3768535027379213E-13,0.05626843526487505,8.831786483070219E-13,0.9437315647332786,1.7040770962341868E-13,1.832525445273884E-13,1.896050615028761E-13,8.382452635687883E-14,
4.4161652877814455E-10,7.558921034265958E-6,2.66981708468106E-10,0.9999924390234282,6.193673035448044E-10,2.481555188954588E-10,2.709684927228347E-10,2.084470270464856E-10,
1.2218618265592785E-13,0.061323047617066605,2.1920061013630228E-13,0.9386769523823127,7.435947020070215E-14,4.3574198841186547E-14,8.639426714323106E-14,7.50530182309347E-14,
9.445490255257403E-11,0.06403830947446158,1.565167447960043E-10,0.9359616899927722,6.684649535717291E-11,5.005824286513714E-11,1.2372274898508629E-10,4.116920413633818E-11,
5.148043532896042E-10,6.689289052982314E-4,2.900958806597372E-10,0.9993310696306094,6.884747218092115E-11,2.194640845656583E-10,2.577653533554367E-10,1.1311558884507021E-10,
1.3672630174377189E-14,6.4715798775702156E-6,3.485770903325258E-14,0.9999935284200447,6.5085318923706135E-15,6.2597083514723004E-15,5.497777531613554E-15,9.607803481500128E-15,
2.9969684965863604E-10,2.2140664110718627E-4,5.526823274368844E-10,0.9997785915778125,2.3226500393465403E-10,2.395047101413306E-10,2.463463558426965E-10,2.1058553584913118E-10,
6.946951448133372E-18,0.057962607923150986,4.0494288107569E-17,0.9420373920768461,8.85064316504982E-18,8.245072019440957E-18,6.90491726631024E-18,3.834211491958715E-18,
4.063528006995249E-12,0.0026324119225740977,3.5828160700767903E-11,0.9973675879963215,1.0725174039849302E-11,9.391392574433951E-12,1.062538100430078E-11,1.046990998628383E-11,
1.0826911254402296E-10,0.0013523205361634602,3.576398241184017E-10,0.9986476787698013,4.9122295246809615E-11,5.992915607874051E-11,5.80153256572813E-11,6.106075446913002E-11,
5.21160577171998E-16,8.711536458376526E-9,1.3312066593264447E-15,0.999999991288465,3.469426718306144E-16,3.6913097896124326E-16,7.802183177492209E-16,8.215628219840313E-16,
4.100134227168849E-18,0.1516817476567389,2.668820698629094E-15,0.8483182523432546,1.1136141978850215E-17,3.0229752313503515E-17,1.9725490296470766E-17,1.119017634591386E-17,
2.060887924479298E-14,0.0026655542316992827,1.4770393588367979E-13,0.9973344457680707,2.3233650458687662E-14,1.3622629083216288E-14,1.2723036230321438E-14,1.2075382891981666E-14,
2.8809749725838413E-16,0.004045735943555212,6.807199682058452E-15,0.9959542640564375,4.1686994130337114E-16,2.1334220951496459E-16,2.525967836569249E-16,1.283781018513113E-16,
1.109671392845351E-15,6.037081739332062E-4,1.3752291898584314E-14,0.9993962918260482,1.7717531133020786E-16,7.98413828630366E-16,6.11354017935864E-16,8.021211425678291E-16,
2.041269576148993E-12,0.007388609149199171,2.521187084944533E-11,0.9926113908103134,4.102520799311897E-12,3.5399022852135274E-12,4.435033257065698E-12,1.1554195907091248E-12,
1.5640981527591964E-12,0.022987747879907143,8.161886790867098E-12,0.9770122521079537,7.78265722188536E-13,3.7534707495766747E-13,6.238745012639572E-13,6.375680781879502E-13,
3.0095303704406724E-14,2.8199529297327596E-4,1.69418902164823E-14,0.9997180047068909,1.4309077399864556E-14,2.6160105489476655E-14,3.4647796332223225E-14,1.3176136742800638E-14,
2.350141184127732E-14,5.628756414092064E-9,3.164176146824215E-14,0.9999999943711033,2.1268593692708976E-14,1.99563741541128E-14,1.9281776598073636E-14,2.4930537999343363E-14,
2.9933125075048865E-19,0.013185028518050054,7.609959363317568E-18,0.9868149714819485,1.0431112824508234E-19,1.2895261831394675E-19,9.005384305334737E-20,9.699385965924972E-20,
2.548890448588019E-13,0.023466721398326593,3.6066431141925382E-12,0.9765332785966604,2.4099950346362166E-13,2.4646111723458137E-13,4.617978969213823E-13,1.9972595968319954E-13,
2.5544625679936792E-20,0.06766703792329731,8.270913776697956E-19,0.9323329620767057,1.8375806332461966E-20,1.445028009047444E-20,1.403654919638168E-20,1.9041955510152468E-20,
9.850451270483742E-16,0.05205658658591007,1.019784727950866E-14,0.9479434134140757,2.41146860533369E-16,5.715682289270607E-16,4.706952790937806E-16,2.8228745957229526E-16,
5.357693047711881E-17,3.688333179061229E-10,1.665593305468237E-16,0.9999999996311637,1.7350558421572182E-17,3.279803493515068E-17,1.597670624855719E-17,4.3088555463022176E-17,
5.006253518545243E-15,0.029828321744013588,5.067641212889818E-14,0.970171678255916,1.6076504928836382E-15,3.6264633532394734E-15,4.729305701897984E-15,2.2262763209774285E-15,
2.6081322584674452E-20,0.18928715480172764,2.415970666970613E-19,0.8107128451982731,2.068139922646459E-20,1.9620629956020043E-20,1.3333654463851435E-20,1.6539309238723816E-20,
1.9774351729620024E-12,6.39712301887511E-4,1.647952138790218E-11,0.9993602876732319,1.9232921238276314E-12,1.4240206193375185E-12,2.7815878953941966E-12,2.959819982237997E-13,
4.122587610548728E-17,0.031336356530649666,3.665998650556393E-16,0.9686636434693519,4.38634707825721E-17,2.075255413813903E-17,6.390086835811754E-17,2.7149611148945957E-17,
9.501171888816123E-18,7.00595734065516E-9,3.3734091837966245E-17,0.9999999929940413,1.0238941718917846E-17,7.387230519946069E-18,1.0694756865015832E-17,4.655071135024275E-18,
2.260812961789004E-14,0.021090727434018842,3.433142160336489E-13,0.9789092725655687,3.1266490710112536E-15,4.9179133557819304E-15,2.5658358383301443E-14,1.2307459571023233E-14,
4.74780382782855E-13,0.016806387390188825,2.8479311806526864E-12,0.9831936126050597,2.6329535153992635E-13,4.4740104119749217E-13,4.1300925162072404E-13,3.0512330770307377E-13,
1.1499716392572872E-17,0.012056968400515648,6.290070351463597E-17,0.9879430315994803,4.804246098063455E-18,9.809685283073925E-18,3.4458414298461667E-18,5.761422367231551E-18,
7.560564715948424E-14,0.01619369530075618,2.1000494283275615E-13,0.983806304698877,1.749259975756345E-14,2.8278298386434638E-14,1.70574569610178E-14,1.7752994442041162E-14,
2.446093386224016E-12,4.96703780859661E-4,4.322202333606208E-12,0.9995032962104358,2.703493240496208E-13,7.606874701216953E-13,5.835830163305573E-13,3.249939354659124E-13,
8.087130131214461E-17,0.006141200490457537,9.964507587906412E-16,0.9938587995095435,6.63112676370947E-17,4.641790695200825E-17,1.0749510650117486E-16,5.325311900537971E-17,
3.5347351035542954E-14,6.104934131639369E-4,7.834795400494065E-13,0.9993895065859543,1.7371880413546526E-14,1.269646305364251E-14,1.1701282231496595E-14,1.9242118152812517E-14,
3.4236764099761304E-16,0.03867714846957939,4.3067805142901404E-15,0.9613228515304175,7.321478447563599E-16,4.815300699242577E-16,6.376784459140828E-16,5.7779108164767205E-16,
1.546355005231656E-23,0.16541688200381907,4.801748533074572E-21,0.834583117996181,3.33310316910313E-23,1.4113047442874826E-23,6.233955496918181E-23,2.1581999793281172E-23,
2.8213256490977818E-12,0.0035728896074796682,8.30979348153959E-11,0.9964271102918654,3.2658689675986665E-12,4.057149821071336E-12,4.248683581382923E-12,3.1648960927775877E-12,
2.7481852830303408E-15,2.7922942832275745E-4,8.271464992924529E-14,0.999720770571589,3.427752543024766E-16,1.108684609569154E-15,1.6022582347169976E-15,1.3272727869766106E-15,
6.378258317164865E-19,6.843668263783596E-4,1.1036068253691636E-16,0.9993156331736226,7.41864258889747E-19,3.7793280249929656E-19,5.109130738174889E-19,6.425119920930308E-19,
2.646204292669344E-15,6.843469453197377E-4,1.399168708373466E-13,0.9993156530545244,1.08107091205251E-15,2.6778192679678828E-15,3.34120815230009E-15,1.7553663730088551E-15,
4.065180030079712E-23,4.4344355262109425E-5,2.184709332055004E-21,0.9999556556447353,4.135291696030124E-23,3.501860850463306E-23,1.5148554807410887E-22,4.4127000253895496E-23,
3.4210491501539135E-16,1.5867976443252851E-6,3.592118277761598E-16,0.9999984132023532,4.3787916088973707E-16,5.899809123785473E-16,7.339201895701074E-16,3.379684615240747E-16,
1.4513037882354011E-16,0.019677021834241075,5.035461742872038E-16,0.9803229781657594,7.31518507958157E-17,1.3098177272980299E-17,9.027132954492397E-17,3.9338943932377444E-17,
8.310473807567171E-22,0.0020181761923337782,1.2042385080188634E-20,0.9979818238076674,5.370219268880242E-22,7.207896282723094E-22,7.846748644879962E-22,5.977328194316671E-22,
3.5002151266165544E-16,3.1962462865758434E-4,2.3358762683408542E-15,0.9996803753713365,1.516795882206198E-16,4.136639929151256E-17,2.0185161769134575E-16,1.219216258763477E-16,
6.543599104826955E-17,0.0011181041574149367,4.3249903658027E-16,0.9988818958425886,6.181067938335782E-17,5.046257391103523E-17,9.814544019554417E-17,2.436640788590754E-17,
1.5620491148272705E-18,0.012841930677413984,1.8464391760310816E-17,0.9871580693225865,7.450695805023914E-19,6.199516380147667E-19,1.1219723297600823E-18,1.0461368143915534E-18,
7.230127654988965E-12,5.810255102461005E-4,1.710614007887636E-11,0.9994189744511617,1.3587282774443573E-12,2.6704100744486528E-12,5.258675279140552E-12,4.9693178762070775E-12,
3.769595846500114E-12,5.30477510381905E-4,1.186625917578335E-11,0.999469522457934,3.80106944546257E-12,3.1904160544911208E-12,5.9422775304114986E-12,3.114666685996193E-12,
1.4846350999650876E-12,0.0011243359686805583,3.719774337358821E-12,0.9988756640240837,3.272319067008577E-13,3.3717876117636125E-13,7.753929915209502E-13,5.899300130778326E-13,
3.052081518343938E-34,0.08135297189819615,4.54021749104797E-32,0.9186470281018106,8.779245538278825E-34,7.17697518692936E-34,9.768262319792437E-34,1.1178611000434502E-33,
3.2065725874984104E-11,5.776843461513151E-5,4.7914554913642756E-11,0.9999422313450543,2.443803792197367E-11,3.022976909804772E-11,4.459972549543008E-11,4.1083446180115354E-11,
1.0651560648021005E-11,0.0031587364675533564,1.5030357592049834E-10,0.996841263346955,5.526908078052148E-12,5.4498229156035925E-12,9.67938732213413E-12,3.8805771344527785E-12,
1.4669348302530947E-10,0.009138518628779617,4.0077354019473926E-10,0.9908614804729348,6.297938094593652E-11,9.948580683105442E-11,1.2192311091961368E-10,6.642834658059939E-11,
5.736500958652702E-13,0.007770289102983128,1.5117364484160662E-12,0.9922297108917925,6.172766743284543E-13,4.5423034985882255E-13,1.1515527588533523E-12,9.150448810415926E-13,
1.7526258055344578E-10,0.018008585796564253,1.2533623302070552E-9,0.9819914121394386,1.5543934216677213E-10,1.5624177593874152E-10,1.940747537372099E-10,1.2961559686729296E-10,
5.97489624536193E-11,7.848061316079579E-5,4.982113623401396E-11,0.9999215190308512,4.425573879658649E-11,5.387208549281641E-11,1.0144966824874542E-10,4.68419859118045E-11,
4.413503429367863E-14,5.887374602315641E-8,7.687715570576746E-14,0.9999999411259752,4.006411990901125E-14,4.3460346494886095E-14,2.402345902208558E-14,5.071837482519914E-14,
3.594934920935356E-11,0.005423276767623191,4.3104506353923964E-10,0.9945767226717136,1.2995771262489161E-11,1.451172397066703E-11,4.2972480383866855E-11,2.319093753167635E-11,
1.0492523205929798E-14,4.698443749774545E-6,1.324084088254111E-13,0.9999953015560862,6.895013782649556E-15,4.403665887396984E-15,8.997650094567651E-15,4.100180829975235E-15,
1.7039348686209214E-12,2.3454778452066205E-4,1.8615651638943947E-11,0.999765452190495,6.136310873315012E-13,1.070322804637695E-12,2.293896434629941E-12,6.89887173424213E-13,
1.1809285981804469E-14,1.3349006076313795E-4,4.0000823141410185E-15,0.9998665099391673,5.856704126600766E-15,3.84225338785653E-15,2.6693975095834743E-14,1.5678422544706448E-14,
4.626465646320534E-21,0.0017474251728574724,2.0146622713616393E-19,0.9982525748271405,2.2884705539309606E-21,4.427308657812303E-21,1.2400191154145953E-20,2.8912810726128388E-21,
1.0458153596350457E-11,0.007401468407928065,1.6678807383343452E-11,0.9925985315196482,7.636063610621511E-12,6.155442429793214E-12,2.7090988168344252E-11,4.404392426089323E-12,
8.245023537304718E-13,0.002625434152401739,1.794875573575602E-12,0.9973745658429293,3.223087061102214E-13,4.4032467151604053E-13,8.949569486312686E-13,3.9015229452318145E-13,
4.636215765134155E-14,5.140282873615848E-4,4.967125030495088E-13,0.9994859717118912,4.006783861064098E-14,3.971481358974315E-14,5.3725881479547596E-14,6.954544576823912E-14,
3.1989666355558216E-12,0.05492612906345563,2.0598924683065472E-11,0.9450738708902858,6.270583563060337E-12,1.580976013700702E-12,1.1069161057410261E-11,3.5384762507173735E-12,
6.719940651901359E-13,7.960338754044782E-4,3.0265448415869093E-12,0.9992039661195994,1.7705640235630538E-13,3.8081597128981125E-13,5.54970052622364E-13,1.8488524109051723E-13,
3.650839755295729E-16,0.0021538711690292285,5.362345676527976E-15,0.9978461288309625,1.0930825281841503E-16,1.961328193534615E-16,3.439183661672435E-16,1.2893278204539699E-16,
3.8320006463136635E-11,0.008409195156682934,5.736737682227383E-11,0.9915908046438086,2.1844979088667168E-11,1.8478857409984215E-11,4.419768132010589E-11,1.9301432705888428E-11,
6.699179834780507E-12,0.05970856481733753,9.71026551830983E-11,0.9402914350271456,1.1085392730845304E-11,1.469080287627179E-11,1.64090789954369E-11,9.531491406626843E-12,
1.2711834362114885E-16,0.0019404962400102702,1.459054094917255E-14,0.9980595037599697,4.623422968429402E-17,6.539166120338035E-17,1.3176561332457924E-16,4.0575103294136165E-17,
3.5317940642637995E-11,0.019525144531825675,1.8069803473032593E-10,0.9804748551624537,1.541054300214383E-11,2.2499980466747486E-11,3.688693286591757E-11,1.4907020013548865E-11,
2.3999009770902796E-11,9.491372308192574E-4,7.522584435808592E-11,0.9990508625975892,1.9829823257645692E-11,1.2263836985735569E-11,3.381686474813458E-11,6.453020874491847E-12,
4.4275204725613056E-13,1.2125001329154631E-4,3.683193592666794E-12,0.9998787499804066,4.4037167616233995E-13,7.073997214617774E-13,5.906374502139546E-13,4.36357804383887E-13,
3.267575559411219E-11,0.005192308648561567,1.4864452621296944E-10,0.9948076910370793,3.0368717318687484E-11,2.36159931435576E-11,5.470776628237467E-11,2.434594873930821E-11,
1.087286340303644E-11,0.03141692929162474,1.6580461032361634E-10,0.9685830704698102,1.0443923437752434E-11,9.817558471450053E-12,3.1037767946409754E-11,1.0586153164184296E-11,
1.0413687358200709E-8,0.0013176541058343805,6.688562147727192E-9,0.9986823006442754,3.2956130966787293E-9,6.553937467063095E-9,1.0094688499837411E-8,8.203400570022754E-9,
3.9579503355532894E-9,5.972324066844064E-4,5.6125595729465566E-9,0.9994027309903185,4.011540346028624E-9,4.398764359075954E-9,1.322589029800902E-8,5.396290862067821E-9,
1.8067721302701826E-14,0.004355264693186366,1.680734861868581E-13,0.995644735306594,1.2109846841082873E-14,5.026928760035596E-15,1.2448176441588958E-14,5.046519766744141E-15,
2.3261934105470566E-11,2.0451141426554446E-6,1.734300061307901E-11,0.9999979545139904,1.145415107058177E-11,5.472077831448744E-11,2.1220112990997178E-10,5.288712178950936E-11,
5.955612765953409E-12,0.004447415925699088,4.651569302557662E-11,0.9955525840050303,3.1574499551704823E-12,2.63496236186493E-12,7.874043245193574E-12,3.1352778813279046E-12,
1.7026749340560972E-11,0.0011370969222527963,3.06369258249388E-11,0.99886290296057,1.7508321176292176E-11,1.4531934776353203E-11,2.7564006786077383E-11,9.906601901138211E-12,
2.4397162037729306E-12,2.0860447565458473E-6,6.508937854903663E-13,0.9999979139402895,3.909027773695564E-12,1.7969946200658402E-12,4.6367222192528575E-12,1.5224602996978044E-12,
5.783618441663484E-12,0.006348637575097174,5.610682509938337E-11,0.9936513623490827,2.952705413044392E-12,2.7122578697465464E-12,6.842377854378572E-12,1.4209825180918348E-12,
8.092428038073739E-13,0.003126761083870621,3.0337636010731516E-12,0.9968732389102459,4.835388991903604E-13,3.833462688288347E-13,8.277873782935217E-13,3.440385640450164E-13,
1.8445449432783373E-13,2.0558973038924762E-4,1.4673067602935249E-12,0.999794410267577,7.948717451613208E-14,7.572559418743273E-14,1.3553078065579046E-13,9.265893180695793E-14,
6.442846838600806E-14,0.004221074679587105,5.828036863358339E-13,0.9957789253196627,4.8631095557484794E-15,2.0940474918772637E-14,5.182136424974526E-14,2.4688098818873915E-14,
1.738814592004861E-11,0.002131649595531319,8.606151655903492E-11,0.9978683502517534,8.849363539071928E-12,6.333902971423825E-12,2.955256701906345E-11,4.530215930453438E-12,
9.455708846043462E-14,0.015180047456261498,1.1255303417059552E-13,0.9848199525432766,4.6784275786606944E-14,2.7810514221603646E-14,1.3540363142231702E-13,4.719041577533741E-14,
8.038457815346216E-16,0.0035517869669174705,1.89943484129357E-15,0.9964482130330772,3.8422192468994316E-16,3.815005498623626E-16,8.633066293481212E-16,4.563427430401586E-16,
7.65560896491155E-12,4.454585387677239E-4,1.8621623610790128E-11,0.9995545414160283,6.132963821769978E-12,3.835295347349866E-12,4.5020694416664806E-12,4.456466951412264E-12,
5.7147095705066484E-12,1.9929497040450917E-4,1.3667839472351455E-11,0.9998007049919964,3.201001532819E-12,4.7886832839596145E-12,5.960011706351954E-12,4.2666565150871216E-12,
