
0.15096869895773876, 0.14700052271530922, 0.1552345933673345, 0.14697636385075868, 0.1230133923205926, 0.1230133923205926, 0.15379303646767373, 
0.1614894161746784, 0.14889523671633548, 0.1626753637387561, 0.1508518801560647, 0.10627887516895793, 0.10627887516895793, 0.16353035287624942, 
0.1648561992526468, 0.15167324159694834, 0.1666511425837015, 0.1514357252882384, 0.09012480720570239, 0.09012480720570239, 0.1851340768670603, 
0.1601356980803382, 0.16149974056117833, 0.16528578352238898, 0.16660135420180108, 0.08321978400339161, 0.08321978400339161, 0.18003785562751007, 
0.15481247665901166, 0.15780872976138055, 0.15373628014590007, 0.15281601605494494, 0.10408526919830031, 0.10408526919830031, 0.17265595898216218, 
0.16433586619057058, 0.1665279111151508, 0.15015728832752223, 0.1396875835912765, 0.09733042557370872, 0.09733042557370872, 0.18463049962806238, 
0.16207297875664495, 0.15876039493985888, 0.15412397422167784, 0.1522323572695339, 0.10208349263158932, 0.10208349263158932, 0.16864330954910564, 
0.1537623955748559, 0.15449759115011913, 0.15865336597979154, 0.15798629698043465, 0.10287546612872761, 0.10287546612872761, 0.1693494180573436, 
0.1697110325907465, 0.16198634991084623, 0.1454684731495979, 0.14388321870240497, 0.1045169654670391, 0.1045169654670391, 0.1699169947123261, 
0.16189427346987798, 0.16073675316891073, 0.15570307928809163, 0.15196443158750453, 0.09826514206693047, 0.09826514206693047, 0.17317117835175422, 
0.15006293509603488, 0.15755067303019288, 0.1557555610128824, 0.15754328615064309, 0.10144519825189031, 0.10144519825189031, 0.1761971482064662, 
0.15852339134932783, 0.1641941142611859, 0.15586519383601136, 0.15359501985922677, 0.09093357157222519, 0.09093357157222519, 0.18595513754979764, 
0.1573993879604958, 0.16145032947266919, 0.15743493038875217, 0.15620638817201615, 0.0948316928605256, 0.0948316928605256, 0.17784557828501546, 
0.1644964291780198, 0.15815052001206437, 0.15094208655064525, 0.14913808904440012, 0.10614032679796724, 0.10614032679796724, 0.16499222161893598, 
0.1679630610888204, 0.14248160003331828, 0.13329788002291504, 0.14673164230252123, 0.13845207629372458, 0.13845207629372458, 0.13262166396497602, 
0.16406150661398738, 0.14931674204185436, 0.13945983199583967, 0.14771629427877558, 0.126715922233862, 0.126715922233862, 0.1460137806018191, 
0.16916109466909518, 0.1516687733407288, 0.14183592629673905, 0.1509998379203197, 0.12022376936187004, 0.12022376936187004, 0.14588682904937722, 
0.1668745451147425, 0.14854835358306143, 0.1394878342727924, 0.1528374756461112, 0.1256489008283927, 0.1256489008283927, 0.14095398972650713, 
0.16271519352070113, 0.15412083198207446, 0.15297010158488827, 0.16375814141523415, 0.10369778626193396, 0.10369778626193396, 0.15904015897323398, 
0.15957790687472542, 0.15559886896607172, 0.15625917697099817, 0.16280574532385567, 0.1004716023790844, 0.1004716023790844, 0.1648150971061804, 
0.16183350668846302, 0.15164388029322046, 0.15120776197800645, 0.16090565661495138, 0.10987079996051236, 0.10987079996051236, 0.1546675945043341, 
0.1646604932347035, 0.1548837297930688, 0.1572122471362697, 0.17217960504168706, 0.0953274168704778, 0.0953274168704778, 0.16040909105331536, 
0.158643192455762, 0.15074672934959632, 0.14794055273178863, 0.16150315126942355, 0.11329643343952024, 0.11329643343952024, 0.15457350731438915, 
0.16203598479909723, 0.15202558940918093, 0.14886217786807823, 0.16393824741639373, 0.10943634434597711, 0.10943634434597711, 0.1542653118152955, 
0.1743803061363725, 0.14880001359780615, 0.10120400815024104, 0.0972958396946375, 0.17188521515762548, 0.17188521515762548, 0.13454940210569188, 
0.17439079807358163, 0.15450889021394845, 0.12606246930794593, 0.12762365940329817, 0.1359517383478618, 0.1359517383478618, 0.14551070630550225, 
0.16948351725600858, 0.16343525088974098, 0.15002388000157285, 0.15893872272104265, 0.09207640957810828, 0.09207640957810828, 0.17396580997541838, 
0.18026104358110462, 0.15514592256703283, 0.1310249103803092, 0.13510396204452194, 0.12895632579284694, 0.12895632579284694, 0.14055150984133746, 
0.1792411803513239, 0.16919464375476714, 0.14172978899551236, 0.14071899853685554, 0.09628551262229113, 0.09628551262229113, 0.17654436311695867, 
0.17251226355337698, 0.1576093864209986, 0.14210481844707018, 0.14715995228451365, 0.11355859888720797, 0.11355859888720797, 0.1534963815196247, 
0.17138191476292675, 0.16435078164622163, 0.1532131834413329, 0.1474332806390866, 0.0958733872641731, 0.0958733872641731, 0.171874064982086, 
0.15513769471826, 0.15551205476419774, 0.15425827187399574, 0.15815817399347332, 0.10495819142782327, 0.10495819142782327, 0.16701742179442677, 
0.16000838315129254, 0.15942309205126268, 0.1551408041825757, 0.1527250093257162, 0.10017081547067523, 0.10017081547067523, 0.17236108034780243, 
0.15832101040323102, 0.13800289731045187, 0.12404391263998821, 0.14265097274122146, 0.1546853535365587, 0.1546853535365587, 0.12761049983198985, 
0.15762625360260807, 0.13870099338082134, 0.12072326070999287, 0.11852482477434989, 0.168498269746096, 0.168498269746096, 0.1274281280400358, 
0.16300794487295298, 0.1508285650854595, 0.14888012557234495, 0.15684793911426995, 0.11464347253175985, 0.11464347253175985, 0.15114848029145295, 
0.16719263449023591, 0.1476804406583019, 0.1530620617652155, 0.15749983707340912, 0.11701916973351836, 0.11701916973351836, 0.14052668654580092, 
0.1577415554667159, 0.14278688249369403, 0.11477867818129608, 0.10822750153448922, 0.17146920175726846, 0.17146920175726846, 0.13352697880926787, 
0.16994666760188884, 0.15378396673307276, 0.14552462029386376, 0.15532117701147574, 0.1112257244698081, 0.1112257244698081, 0.1529721194200828, 
0.15948954163002205, 0.15396749480005575, 0.14974190198756218, 0.15494721781822277, 0.11137291522672854, 0.11137291522672854, 0.15910801331068003, 
0.16785287092653162, 0.15445895963912148, 0.14903871084529222, 0.15873571295059183, 0.1072559475861796, 0.1072559475861796, 0.15540185046610364, 
0.16272278667522397, 0.15667408410727315, 0.15494383040331886, 0.15899587881859104, 0.10187261286379659, 0.10187261286379659, 0.16291819426799975, 
0.16919379639887325, 0.15439312204460065, 0.15066228220878794, 0.16011891717555246, 0.106298357590743, 0.106298357590743, 0.15303516699069972, 
0.16976622772815864, 0.15354823530906603, 0.1291246475138831, 0.1277220547874702, 0.13644609505211613, 0.13644609505211613, 0.1469466445571897, 
0.1770795342681437, 0.17978194435977607, 0.16138562906279744, 0.15320330055741946, 0.06005321050275303, 0.06005321050275303, 0.20844317074635732, 
0.1686302966020949, 0.16196936732792974, 0.15913122149870823, 0.16159789949693887, 0.08837316540313568, 0.08837316540313568, 0.17192488426805705, 
0.19773321299304547, 0.15266479973792763, 0.10696271270119871, 0.11829049838797857, 0.15084848194732536, 0.15084848194732536, 0.12265181228519874, 
0.17040787920849207, 0.14434802175372508, 0.14753193690012423, 0.19441854618716303, 0.10519961510023973, 0.10519961510023973, 0.13289438575001622, 
0.1627616392816946, 0.1515880578186748, 0.15447599952550603, 0.1681174039700425, 0.10330031142961678, 0.10330031142961678, 0.15645627654484845, 
0.16384672416357987, 0.16717203879623846, 0.16327493894923928, 0.1661593065254761, 0.074172351724926, 0.074172351724926, 0.1912022881156141, 
0.16810217269925345, 0.16130563403214743, 0.14570812293612542, 0.15790862052089433, 0.09844232423664993, 0.09844232423664993, 0.17009080133827936, 
0.17149469485828772, 0.1485705080818764, 0.15129316088496442, 0.16715889297411982, 0.11102977207574333, 0.11102977207574333, 0.13942319904926506, 
0.16054265528341768, 0.15504306948817154, 0.16140363383380735, 0.16987750927727802, 0.09401178320309841, 0.09401178320309841, 0.16510956571112867, 
0.15915753349242037, 0.16330124149812963, 0.159235177678892, 0.16107013499658396, 0.08715370599350773, 0.08715370599350773, 0.18292850034695873, 
0.1528309431625576, 0.16146303329029624, 0.16066702540320946, 0.162887030858665, 0.08779459542070545, 0.08779459542070545, 0.18656277644386102, 
0.1587519752733485, 0.1592435993601029, 0.15306321338280243, 0.15618084427126014, 0.09955909759659885, 0.09955909759659885, 0.1736421725192884, 
0.16296677906254384, 0.16841001151597346, 0.1603577123113345, 0.15337664803377501, 0.08169483401672545, 0.08169483401672545, 0.19149918104292235, 
0.16380786965367158, 0.1669545718141453, 0.15366476546317226, 0.15532415501229332, 0.08730092098636265, 0.08730092098636265, 0.18564679608399212, 
0.15742490647248486, 0.14440543519635624, 0.13370201847747465, 0.14606350064371773, 0.1390860459989579, 0.1390860459989579, 0.14023204721205074, 
0.17176718649527545, 0.1614542620360269, 0.14428171800328313, 0.1544556544451839, 0.10127402189749705, 0.10127402189749705, 0.1654931352252366, 
0.17311949055721113, 0.15038240467265207, 0.1340399284417844, 0.14026233305149258, 0.1312884340081888, 0.1312884340081888, 0.13961897526048225, 
0.16954692234604465, 0.15405026342112105, 0.14569110304500826, 0.15334960140423745, 0.11378926728878135, 0.11378926728878135, 0.14978357520602573, 
0.16797272039718286, 0.16099665908492627, 0.15504335533287406, 0.16197865255271468, 0.0927389978914438, 0.0927389978914438, 0.16853061684941462, 
0.1658018301291166, 0.1618118801731414, 0.158301499498858, 0.16690683550641525, 0.08690256603899826, 0.08690256603899826, 0.1733728226144722, 
0.16775143791258088, 0.1554359720378381, 0.15519773964904798, 0.16785657534265594, 0.09851719900474733, 0.09851719900474733, 0.15672387704838245, 
0.16038504934023579, 0.1532172540214845, 0.15453431062522832, 0.16538299210435137, 0.10398913034752931, 0.10398913034752931, 0.1585021332136413, 
0.15709432522807482, 0.15583920648961402, 0.15838981809141373, 0.1589115486580051, 0.10214920513700537, 0.10214920513700537, 0.16546669125888158, 
0.16849048095846592, 0.1548170376637147, 0.1514814262103, 0.16193359960938425, 0.10490187628966234, 0.10490187628966234, 0.15347370297881052, 
0.1682303359626144, 0.16361169581533122, 0.1539721118296541, 0.16377268523910235, 0.08735790218256449, 0.08735790218256449, 0.17569736678816894, 
0.1717791912535395, 0.15318829354605112, 0.15026660071119172, 0.16278732319869813, 0.10685142998298464, 0.10685142998298464, 0.1482757313245504, 
0.1743769833365978, 0.1498184600371941, 0.1498079781429919, 0.1649331749843816, 0.11088100822177245, 0.11088100822177245, 0.13930138705528983, 
0.1706293945732087, 0.15003283305435614, 0.14817769481422938, 0.16470939359890055, 0.11282435867235296, 0.11282435867235296, 0.14080196661459937, 
0.1685710337155315, 0.1553077957698295, 0.15162055206318203, 0.1621394696409476, 0.10443996517721575, 0.10443996517721575, 0.1534812184560778, 
0.2035567098771908, 0.15594797536574162, 0.13181317479663374, 0.14694462921248397, 0.11663635318221645, 0.11663635318221645, 0.12846480438351707, 
0.1554143249138899, 0.14796107998216118, 0.16575311244016544, 0.18869896857395585, 0.09260444489309344, 0.09260444489309344, 0.15696362430364078, 
0.16614044020645577, 0.14618373015060507, 0.1521578775692588, 0.1711563184617162, 0.11231246422127654, 0.11231246422127654, 0.1397367051694111, 
0.1548844385120954, 0.14946516436130494, 0.1569699692047848, 0.17095672249260918, 0.10641864926033778, 0.10641864926033778, 0.15488640690853017, 
0.15267166997655288, 0.1561498144803993, 0.15669850687157752, 0.16037628149490238, 0.101381819085496, 0.101381819085496, 0.1713400890055758, 
0.16332939006742808, 0.14839180825256434, 0.15497556906987378, 0.1674330018764918, 0.10990094964624214, 0.10990094964624214, 0.14606833144115772, 
0.15998931359862192, 0.15723578369279997, 0.1495146856136679, 0.15949782655853742, 0.10292638514005306, 0.10292638514005306, 0.1679096202562667, 
0.15702573427706992, 0.15915054367811482, 0.15692377122521403, 0.1730503701510671, 0.08704754252488528, 0.08704754252488528, 0.17975449561876336, 
0.1354717885743958, 0.1310090747325577, 0.0968940665880687, 0.09417504367221603, 0.2037923082435364, 0.2037923082435364, 0.134865409945689, 
0.14560889214546513, 0.14145454206409408, 0.12206021635237957, 0.12636395327236863, 0.15851249908841683, 0.15851249908841683, 0.14748739798885888, 
0.16337956539246226, 0.15895920033482616, 0.1587663454612058, 0.17626630114767747, 0.0855455488639733, 0.0855455488639733, 0.17153748993588164, 
0.16152558828326355, 0.14026152256232627, 0.1458863880617819, 0.16184229612426737, 0.12866523539825275, 0.12866523539825275, 0.1331537341718553, 
0.16530735905030705, 0.16135183192595098, 0.15461365916505235, 0.16765354384535588, 0.08800824187372375, 0.08800824187372375, 0.17505712226588638, 
0.16845549384217953, 0.14741661859579736, 0.1578589789134126, 0.1767637997355695, 0.10431309950076417, 0.10431309950076417, 0.1408789099115126, 
0.16539423153660884, 0.14643433478091547, 0.14722724646640611, 0.1545479477663937, 0.12259024538721856, 0.12259024538721856, 0.14121574867523873, 
0.17470169982335, 0.15074078793650442, 0.14590013621142148, 0.16029455032899892, 0.11215329869213178, 0.11215329869213178, 0.14405622831546172, 
0.16608565874358205, 0.16020741567246435, 0.15286509805078474, 0.1579919876756738, 0.09774897956959949, 0.09774897956959949, 0.16735188071829593, 
0.16132171649825947, 0.16428174284763986, 0.1575806979744729, 0.16108992405740627, 0.08626111745838562, 0.08626111745838562, 0.1832036837054503, 
0.17944205086344278, 0.13982364198300073, 0.1510324760430394, 0.17502212668275954, 0.11964695985847906, 0.11964695985847906, 0.11538578471079951, 
0.1569492680093495, 0.156017325362817, 0.15206942417407004, 0.1614625981851637, 0.10346901662017925, 0.10346901662017925, 0.16656335102824119, 
0.16197275350645607, 0.15130790568306896, 0.15735628304883728, 0.16593903496424045, 0.10509838612304327, 0.10509838612304327, 0.1532272505513107, 
0.16050890139889917, 0.15115076970886826, 0.15528179319611138, 0.16476744047116995, 0.10772529895616256, 0.10772529895616256, 0.15284049731262608, 
0.16482787802544682, 0.14686253376118233, 0.16068032134558766, 0.17233931517691475, 0.10733294979251813, 0.10733294979251813, 0.14062405210583226, 
0.18997975813493645, 0.16702091320767232, 0.13420606511596597, 0.15133584878767023, 0.09533638853466832, 0.09533638853466832, 0.1667846376844184, 
0.17483919777231577, 0.16538822535358824, 0.1529678054416458, 0.1619381621328885, 0.08572898436058049, 0.08572898436058049, 0.1734086405784007, 
0.17198811869626313, 0.16574309487362862, 0.14942942760059047, 0.15103412982903985, 0.0944263713477948, 0.0944263713477948, 0.17295248630488833, 
0.18281560957150692, 0.16351157805658295, 0.14408559371026874, 0.14247987810735732, 0.10396415543243893, 0.10396415543243893, 0.1591790296894061, 
0.17321010752685653, 0.15959066987763076, 0.1525196497498678, 0.16198119541797137, 0.09604408467408841, 0.09604408467408841, 0.16061020807949655, 
0.1581127061670601, 0.1621646620420682, 0.16229594544335424, 0.1678154503026437, 0.08424977450284066, 0.08424977450284066, 0.18111168703919256, 
0.16461589905399426, 0.15143684909441862, 0.15041236452285026, 0.17125720950113532, 0.10518500177391618, 0.10518500177391618, 0.15190767427976937, 
0.161371045823636, 0.16063353797636462, 0.15891305380900372, 0.15894133387433537, 0.0930412387850369, 0.0930412387850369, 0.1740585509465865, 
0.16891656448316084, 0.15066983168163722, 0.14067482441207238, 0.1472238017846579, 0.12342792305201923, 0.12342792305201923, 0.14565913153443333, 
0.16509714223732602, 0.15170335181165048, 0.1441609705403697, 0.1490593948263955, 0.11999870283039406, 0.11999870283039406, 0.14998173492347008, 
0.15978136579472835, 0.1578423660090801, 0.1559101345891459, 0.16433001502489103, 0.09606050415477362, 0.09606050415477362, 0.1700151102726074, 
0.15065503791167933, 0.1446048635780336, 0.11301146205387676, 0.11036939031044211, 0.1672614760297713, 0.1672614760297713, 0.14683629408642568, 
0.15479574766421986, 0.154933229435056, 0.14853001516017722, 0.15621404365058886, 0.11012047951626677, 0.11012047951626677, 0.1652860050574245, 
0.15242233755771475, 0.15532965669037319, 0.14186107831359476, 0.1454946225537744, 0.1181023849978637, 0.1181023849978637, 0.1686875348888155, 
0.1566156939272644, 0.15344931816865823, 0.14333594495604876, 0.15048512255038612, 0.11774575836279358, 0.11774575836279358, 0.16062240367205521, 
0.16530917350559124, 0.15758794729026507, 0.15100909875189997, 0.16152344359732432, 0.10029142740807527, 0.10029142740807527, 0.1639874820387689, 
0.1721955614082017, 0.15880311552270518, 0.14532382575384897, 0.14732124004312694, 0.10822350885585057, 0.10822350885585057, 0.159909239560416, 
0.15803467886455397, 0.15129643657781103, 0.1492105891862935, 0.1602412460570564, 0.11388089052737396, 0.11388089052737396, 0.15345526825953706, 
0.16418241053619242, 0.1637247909433153, 0.15835169256081336, 0.1682331648787678, 0.08322768562199405, 0.08322768562199405, 0.17905256983692291, 
0.16178363262544562, 0.1566741003127212, 0.14716353535257032, 0.15355903377447933, 0.10861185017445549, 0.10861185017445549, 0.16359599758587257, 
0.16173453175890184, 0.16130832172497997, 0.15190566381706444, 0.15421792273578966, 0.0991327361471916, 0.0991327361471916, 0.17256808766888102, 
0.16803597014946367, 0.16885634200333483, 0.1518945096893876, 0.14908105702961774, 0.08851987874844083, 0.08851987874844083, 0.1850923636313145, 
0.16342815753842338, 0.15935226913630543, 0.1596235806641962, 0.1587674273189782, 0.09530404310243609, 0.09530404310243609, 0.1682204791372246, 
0.16981626571157749, 0.15660485777803831, 0.15428280379924714, 0.16053540019722642, 0.1007875807946795, 0.1007875807946795, 0.15718551092455182, 
0.16695875352537196, 0.1570976464240683, 0.15825126024886668, 0.16172811334883425, 0.09765264108308598, 0.09765264108308598, 0.16065894428668684, 
0.15956460349443702, 0.1502166284928918, 0.1352591921567122, 0.1293173578431692, 0.13776193572387388, 0.13776193572387388, 0.15011834656504197, 
0.15760332755494247, 0.16183870523298788, 0.1594264342119116, 0.16162441103123357, 0.09007116745353325, 0.09007116745353325, 0.1793647870618581, 
0.15806067837082635, 0.15862256582060008, 0.15824511405846145, 0.1615169668680692, 0.09609253102810254, 0.09609253102810254, 0.17136961282583774, 
0.1597795082779419, 0.16194206255575622, 0.16014135406238206, 0.1605031333649071, 0.08996776652084344, 0.08996776652084344, 0.17769840869732592, 
0.15726489263936777, 0.15933505427585173, 0.1596941020151433, 0.1633058032475011, 0.09384978847826106, 0.09384978847826106, 0.1727005708656139, 
0.15884989054848325, 0.1547040110707025, 0.1583360037975784, 0.16462607249156258, 0.10145812610126739, 0.10145812610126739, 0.16056776988913862, 
0.1514497121267043, 0.14284679349449972, 0.13098421928718612, 0.14964181448330832, 0.1402059278674818, 0.1402059278674818, 0.14466560487333793, 
0.15632600214402328, 0.14285268397590112, 0.12674642866611266, 0.13766479108162588, 0.14898114890329495, 0.14898114890329495, 0.13844779632574722, 
0.16075332525295757, 0.14212264496835242, 0.11555512363644399, 0.12027046046777913, 0.16416586688587104, 0.16416586688587104, 0.1329667119027248, 
0.1641885529250758, 0.15278122320220136, 0.14511470279520616, 0.15473754565812844, 0.11498002796535445, 0.11498002796535445, 0.15321791948867944, 
0.161611073532651, 0.1600247621596804, 0.1573644935682374, 0.16419115821752986, 0.092254481178274, 0.092254481178274, 0.17229955016535314, 
0.16776134176088797, 0.15524070124231074, 0.14772671552781078, 0.1618484770774705, 0.10581860708298796, 0.10581860708298796, 0.15578555022554413, 
0.14743993859990095, 0.13868769780038967, 0.13183795235296844, 0.14852113607301917, 0.14772552902735964, 0.14772552902735964, 0.13806221711900254, 
0.15852665217607542, 0.15092384688675767, 0.15118084244749358, 0.16938029528896187, 0.10734143627991287, 0.10734143627991287, 0.15530549064088567, 
0.15098095474388978, 0.1436489094077363, 0.1339574768380259, 0.1478511524965652, 0.13869339613970205, 0.13869339613970205, 0.14617471423437867, 
0.14947918094508564, 0.14367118639014467, 0.13585907726712237, 0.14606330585758184, 0.13975094090606754, 0.13975094090606754, 0.1454253677279304, 
0.16356697240506693, 0.15909632199024779, 0.1572767176362402, 0.16249450874814889, 0.09515773135395102, 0.09515773135395102, 0.16725001651239413, 
0.16488261400116924, 0.15095997261798452, 0.14189861457650443, 0.16518065292584763, 0.11347160147258781, 0.11347160147258781, 0.15013494293331864, 
0.1558722483159935, 0.14990090814164023, 0.14156388612327794, 0.16544195654546226, 0.11382765128989021, 0.11382765128989021, 0.15956569829384568, 
0.15782747482611714, 0.14477054488032473, 0.13933400622812755, 0.17827947682732884, 0.11451085979923263, 0.11451085979923263, 0.15076677763963628, 
0.15234689541382557, 0.14657079359454966, 0.1465504623107566, 0.16611286598790007, 0.1185908930468255, 0.1185908930468255, 0.15123719659931698, 
0.163627604363464, 0.1560883151974442, 0.15049703190305003, 0.17039878939469447, 0.0963611915257616, 0.0963611915257616, 0.16666587608982392, 
0.15072827084541657, 0.1437974300615187, 0.13727634398115127, 0.14424360871311956, 0.1394339662785341, 0.1394339662785341, 0.14508641384172571, 
0.1542795228350064, 0.15829009899803073, 0.15394268263652106, 0.1526577671975761, 0.10388740608058572, 0.10388740608058572, 0.1730551161716942, 
0.15781432924518335, 0.148157188461428, 0.1494661932606876, 0.17329252782545876, 0.10972994581022673, 0.10972994581022673, 0.15180986958678877, 
0.15400081151659317, 0.15326490703110546, 0.15608817279722606, 0.16665630429210637, 0.10262864549650944, 0.10262864549650944, 0.16473251336994982, 
0.15802738611845635, 0.15091568247543144, 0.15205558594150737, 0.16632539474188412, 0.10851789336910586, 0.10851789336910586, 0.15564016398450917, 
0.16044427303433778, 0.15292637687653518, 0.1518002707071177, 0.1645886031227007, 0.10653057725385222, 0.10653057725385222, 0.15717932175160418, 
0.14834161880186503, 0.1290978304374946, 0.11925664358072648, 0.13711320733833396, 0.17543728925763613, 0.17543728925763613, 0.11531612132630771, 
0.16271543569807928, 0.15307791205579296, 0.14700534932395726, 0.16725502069873763, 0.10556375895582226, 0.10556375895582226, 0.1588187643117883, 
0.16243015648127773, 0.15860608637101278, 0.1531316407174725, 0.16972905162101293, 0.09294161367819685, 0.09294161367819685, 0.17021983745283023, 
0.16657945217178421, 0.14775195018293277, 0.15086774416289692, 0.16891455601286084, 0.11069194862772834, 0.11069194862772834, 0.1445024002140684, 
0.16558802393507674, 0.14756168899876396, 0.14859131394979555, 0.1666450798248871, 0.11491620373191151, 0.11491620373191151, 0.14178148582765335, 
0.16275238117082783, 0.1605563349717066, 0.1583790194794773, 0.16236471326252724, 0.09258771275182184, 0.09258771275182184, 0.1707721256118173, 
0.1593529532984045, 0.14169442054177886, 0.150251287846111, 0.16927710070424135, 0.12225241498996114, 0.12225241498996114, 0.13491940762954202, 
0.1523796898512672, 0.13576707432674337, 0.13746530647724703, 0.15124044832070063, 0.1487973847182178, 0.1487973847182178, 0.1255527115876062, 
0.16140890580159542, 0.14280350447748, 0.1272300276160581, 0.13028798743782186, 0.15248447177608707, 0.15248447177608707, 0.13330063111487045, 
0.1708490326230273, 0.14785246198936877, 0.13392025444283792, 0.13095915902668, 0.14109791193075433, 0.14109791193075433, 0.13422326805657744, 
0.16380435682326033, 0.16008850068671432, 0.15425787532448457, 0.16637608142438115, 0.0917993743572352, 0.0917993743572352, 0.1718744370266892, 
0.16156677094918614, 0.15690537548281408, 0.15660839582620015, 0.1635384037172646, 0.09822251856560699, 0.09822251856560699, 0.16493601689332105, 
0.16801416011508732, 0.1560895855612254, 0.15411359426374646, 0.15961419894051412, 0.10248233704620167, 0.10248233704620167, 0.1572037870270233, 
0.17335815824955658, 0.15826862906852937, 0.14644148526047276, 0.14507095122784272, 0.11009914145379629, 0.11009914145379629, 0.15666249328600593, 
0.1488616529478601, 0.1442494611969147, 0.12730332597012506, 0.13276273222246163, 0.1500989477043778, 0.1500989477043778, 0.14662493225388284, 
0.16736511700981252, 0.14856511056804766, 0.14991968931817784, 0.1506656569173204, 0.12190298715677265, 0.12190298715677265, 0.13967845187309633, 
0.16679732283903045, 0.14503968087414817, 0.14279685726643326, 0.1414487306215881, 0.13615237492839735, 0.13615237492839735, 0.13161265854200535, 
0.16776615311393062, 0.15183075941397298, 0.16049104295300473, 0.16332170162792825, 0.10455729489254448, 0.10455729489254448, 0.14747575310607428, 
0.15948191599480446, 0.14611140524494767, 0.15865448202800936, 0.17896216462755285, 0.10631567322971673, 0.10631567322971673, 0.14415868564525228, 
0.15784514063497332, 0.15837275793932745, 0.15831759244218613, 0.16800797245314422, 0.09325858050255006, 0.09325858050255006, 0.17093937552526878, 
0.15607782719271054, 0.15490181228382296, 0.14982737567352275, 0.1614343564481882, 0.10669452109858374, 0.10669452109858374, 0.1643695862045879, 
0.16540352306007833, 0.137629861165415, 0.1491616230460932, 0.16688963628463607, 0.13015075637211695, 0.13015075637211695, 0.12061384369954328, 
0.15681911786569497, 0.15116039135185624, 0.15661654758544907, 0.16683962339848427, 0.10637378677421079, 0.10637378677421079, 0.15581674625009376, 
0.15565663885030365, 0.15432675870141355, 0.15806713834824057, 0.17067884211295367, 0.09812915018612205, 0.09812915018612205, 0.16501232161484466, 
0.16072937828976988, 0.15273262154627326, 0.1523783276337144, 0.1642400671920346, 0.10693718694283509, 0.10693718694283509, 0.15604523145253743, 
0.159876001001407, 0.15788347767094743, 0.1548244636093992, 0.16638114709502538, 0.09666849877191774, 0.09666849877191774, 0.16769791307938556, 
0.15909279192624454, 0.1591379740307111, 0.15968419434083816, 0.16106529602026226, 0.09546891026026358, 0.09546891026026358, 0.1700819231614166, 
0.16177551308073934, 0.14768954546784466, 0.1596250791880467, 0.16592598638491943, 0.1112044443326704, 0.1112044443326704, 0.14257498721310916, 
0.1543167345735217, 0.14175745584841637, 0.15035423953617644, 0.1711542897258668, 0.12230581233284478, 0.12230581233284478, 0.13780565565032918, 
0.13874407048139517, 0.13021847385445015, 0.1031289968318591, 0.09781067680896537, 0.2025775700827631, 0.2025775700827631, 0.12494264185780411, 
0.14349618196293917, 0.13234438573796056, 0.12160882724240114, 0.12664063592177124, 0.1760567709203665, 0.1760567709203665, 0.12379642729419499, 
0.16698603337234608, 0.15268110410580546, 0.135624434795647, 0.12739977760497043, 0.13478315488135786, 0.13478315488135786, 0.14774234035851544, 
0.14552973871957406, 0.13936129462260385, 0.12841975222982557, 0.13017771026597866, 0.1594487427938592, 0.1594487427938592, 0.1376140185742995, 
0.14803610107632661, 0.12958546414414351, 0.1381071357400735, 0.15617603399074292, 0.1546665042327873, 0.1546665042327873, 0.1187622565831389, 
0.1607563196150004, 0.13402109294372083, 0.14421267072054736, 0.16664060095290908, 0.13827996072801646, 0.13827996072801646, 0.11780939431178955, 
0.1594435701113741, 0.14278037657472661, 0.15148826355832884, 0.16549926040025548, 0.1217782114005046, 0.1217782114005046, 0.13723210655430568, 
0.16658969587774852, 0.155239650119366, 0.13356885513332134, 0.13131508161459016, 0.1272966407314755, 0.1272966407314755, 0.15869343579202305, 
0.15815478673490455, 0.14983080555482428, 0.14703804153958686, 0.15294049333460386, 0.12094172791170661, 0.12094172791170661, 0.15015241701266738, 
0.1591070053492428, 0.14445233432193053, 0.14805626349068698, 0.1718686210515042, 0.1169401273062686, 0.1169401273062686, 0.14263552117409845, 
0.16014860585918708, 0.15302375573491303, 0.1543845824836234, 0.17234416369875197, 0.10052042656896949, 0.10052042656896949, 0.15905803908558563, 
0.1618122514580364, 0.14298932990170782, 0.14356232272806335, 0.16086825124910425, 0.1280534157499288, 0.1280534157499288, 0.13466101316323056, 
0.1542703038868133, 0.1386798994153236, 0.16365370835715506, 0.18193666058934935, 0.11378407499063455, 0.11378407499063455, 0.13389127777008958, 
0.15936851145670167, 0.15474287501621445, 0.16607756976556445, 0.17028900478930187, 0.09241491316507706, 0.09241491316507706, 0.16469221264206343, 
0.16144204791125188, 0.14709352480154272, 0.16059961946828252, 0.16705539397979965, 0.11015379154206255, 0.11015379154206255, 0.14350183075499826, 
0.16027236869856631, 0.14823117719032589, 0.16194430054829298, 0.17146796439550246, 0.1056409472736641, 0.1056409472736641, 0.14680229461998426, 
0.1619281110816453, 0.15236090362107563, 0.15922147647980542, 0.1654042371412867, 0.1038561329046537, 0.1038561329046537, 0.15337300586687963, 
0.16055611962649505, 0.1558912146442359, 0.15135351193646393, 0.1609198331953786, 0.10465521076817831, 0.10465521076817831, 0.16196889906107, 
0.16608290470519316, 0.15924950840680777, 0.155320503113665, 0.1642859106269252, 0.09456643333208346, 0.09456643333208346, 0.16592830648324208, 
0.16763799386659703, 0.15103049155911724, 0.15136616967268027, 0.16610283148686633, 0.10801997217129089, 0.10801997217129089, 0.1478225690721572, 
0.1670601712401191, 0.15485187193538413, 0.14804910489702058, 0.16029032386867686, 0.10753210679877362, 0.10753210679877362, 0.15468431446125194, 
0.15771926741735406, 0.1531029729576833, 0.15190664666711143, 0.16600912009815333, 0.10576805312492847, 0.10576805312492847, 0.1597258866098409, 
0.15963462664146363, 0.1540166605876738, 0.15115028108769782, 0.16021819955776465, 0.10772294690853093, 0.10772294690853093, 0.1595343383083382, 
0.15200379888869278, 0.15230762550373242, 0.15071944230939135, 0.1594196533036373, 0.11155456405048382, 0.11155456405048382, 0.1624403518935784, 
0.1514438028443468, 0.15308735557606093, 0.13819448381281169, 0.13469485345620616, 0.12995036149148947, 0.12995036149148947, 0.1626787813275955, 
0.15705089013119358, 0.16181568062419915, 0.1578133459370406, 0.16036484772566423, 0.09187956345151826, 0.09187956345151826, 0.17919610867886607, 
0.16144209441915675, 0.16314914575597908, 0.15239073827611319, 0.15465184526770206, 0.0951149127825223, 0.0951149127825223, 0.17813635071600423, 
0.16262594017434345, 0.1588995267850192, 0.15268271536171715, 0.16335614833078213, 0.09664308388909519, 0.09664308388909519, 0.1691495015699474, 
0.17606490483993734, 0.1640198424330105, 0.14467467740177278, 0.1470709442456844, 0.10014179967312667, 0.10014179967312667, 0.1678860317333416, 
0.16602228673729302, 0.1588372854956594, 0.15601280320981323, 0.1574661440427705, 0.09909617939454175, 0.09909617939454175, 0.1634691217253804, 
0.17247632742998828, 0.16096733238737373, 0.1565450943541579, 0.15752142982291537, 0.09425930042154904, 0.09425930042154904, 0.16397121516246668, 
0.163276564131886, 0.14878173138718304, 0.14529157104036805, 0.15667377544654087, 0.12091137683557235, 0.12091137683557235, 0.14415360432287744, 
0.16198168841079486, 0.15295819065987845, 0.14444097453867993, 0.14825276006095364, 0.11956043082106318, 0.11956043082106318, 0.15324552468756666, 
0.1498525742364062, 0.15290267107859776, 0.15418223048971474, 0.15760107932047235, 0.10921779117852444, 0.10921779117852444, 0.16702586251776014, 
0.15339151876271376, 0.1523619021806675, 0.15407079253425782, 0.16010486193464699, 0.10853864661008933, 0.10853864661008933, 0.16299363136753545, 
0.15062104270205764, 0.16667696389545997, 0.16309814720189367, 0.15745259093602418, 0.08083901021302183, 0.08083901021302183, 0.20047323483852092, 
0.15750229590581233, 0.16023620997000637, 0.15633440723545097, 0.15375190166452946, 0.0979437982314734, 0.0979437982314734, 0.17628758876125392, 
0.15957647583368734, 0.15705972383893152, 0.16042115181163286, 0.1689083248252546, 0.09301862157456478, 0.09301862157456478, 0.16799708054136403, 
0.15542226735046774, 0.1509999986348016, 0.15303695974882833, 0.1630288224473266, 0.1106047853886722, 0.1106047853886722, 0.15630238104123126, 
0.15702524229639792, 0.1349590899942409, 0.1402656488542193, 0.15128083785577032, 0.1455769048638799, 0.1455769048638799, 0.1253153712716119, 
0.16051229930989, 0.14887369475983708, 0.15342065411750846, 0.1624443265748323, 0.11298137852274868, 0.11298137852274868, 0.14878626819243493, 
0.16236485648360885, 0.1455915544547783, 0.15474452690070162, 0.1606375856202545, 0.11788054436302452, 0.11788054436302452, 0.14090038781460762, 
0.16027223635755952, 0.15733127763719282, 0.1609500725522097, 0.17142276048252073, 0.09101126374365624, 0.09101126374365624, 0.168001125483205, 
0.16598104761503202, 0.1452099867783656, 0.14578444101799976, 0.14918374826042233, 0.1295362262056504, 0.1295362262056504, 0.1347683239168795, 
0.15853960332862838, 0.15285216759448375, 0.14162347962736024, 0.14540749947612963, 0.12202527466163436, 0.12202527466163436, 0.15752670065012928, 
0.16580943149743707, 0.15603451477076785, 0.13970124909028897, 0.14657880778514937, 0.11668885708806784, 0.11668885708806784, 0.15849828268022098, 
0.16730554383209092, 0.15064098974012108, 0.15529039462369865, 0.16727329059053778, 0.10622712784105932, 0.10622712784105932, 0.14703552553143295, 
0.16764718363953396, 0.166568452932932, 0.15335468400059862, 0.15619710695183203, 0.08700449300441426, 0.08700449300441426, 0.18222358646627504, 
0.1704556211011712, 0.15130979605882006, 0.13501253454521212, 0.14861472333761802, 0.12489901889532334, 0.12489901889532334, 0.144809287166532, 
0.14877336889357806, 0.13624589946026439, 0.1298163502195513, 0.1346732626371104, 0.15935048928406137, 0.15935048928406137, 0.13179014022137317, 
0.16673551528263766, 0.14800967992846212, 0.15150979006312446, 0.16000762788398132, 0.11560263141752151, 0.11560263141752151, 0.1425321240067515, 
0.16255727987484578, 0.14357677914331982, 0.11989154649864547, 0.12133995327642706, 0.1592762290761712, 0.1592762290761712, 0.1340819830544194, 
0.16174401368858116, 0.15100107687899472, 0.14920239848455108, 0.15729764403570193, 0.11473655182963034, 0.11473655182963034, 0.15128176325291048, 
0.15298103581034875, 0.14437066817966496, 0.1467663080676096, 0.1428301434962233, 0.13413883504607071, 0.13413883504607071, 0.144774174354012, 
0.1733807967333806, 0.13762712213861625, 0.1465109124249908, 0.15508645332831578, 0.13762392175634947, 0.13762392175634947, 0.11214687186199775, 
0.17013595020313735, 0.15131087821603534, 0.14528068959095242, 0.15930856492799375, 0.11532302387414366, 0.11532302387414366, 0.1433178693135938, 
0.1697513095627911, 0.156331886459465, 0.15701260255931512, 0.16643068779607167, 0.09662145336411887, 0.09662145336411887, 0.15723060689411944, 
0.16291496220112603, 0.15372960816845793, 0.16228771817446488, 0.1753121057512677, 0.09410803998834562, 0.09410803998834562, 0.15753952572799224, 
0.1605326885406374, 0.14353694382331653, 0.1579275417610186, 0.17883705104523803, 0.11092157279315665, 0.11092157279315665, 0.13732262924347619, 
0.16561094380476632, 0.15344851700179207, 0.15209542379189617, 0.16486808642631945, 0.10449640169762443, 0.10449640169762443, 0.15498422557997724, 
0.15512015620321193, 0.1542628468511146, 0.15782013905306225, 0.16120025455180587, 0.10316321292357541, 0.10316321292357541, 0.16527017749365455, 
0.15931078213536792, 0.15627242612381634, 0.16580911561052497, 0.16806823323894293, 0.09091775438811409, 0.09091775438811409, 0.16870393411511977, 
0.16038833227587476, 0.1551974099552913, 0.16334185992117042, 0.1598211393984227, 0.09948251181227874, 0.09948251181227874, 0.16228623482468343, 
0.16307251680400442, 0.16261049906093672, 0.16614432820354397, 0.16784560840223514, 0.08058239978259335, 0.08058239978259335, 0.179162247964093, 
0.16385139901451556, 0.15018764898130801, 0.16453378337141225, 0.16490965496541354, 0.10385102321320337, 0.10385102321320337, 0.14881546724094397, 
0.15363381049221705, 0.15863383728789307, 0.1623984304932902, 0.16018472913609738, 0.09478151108614775, 0.09478151108614775, 0.17558617041820682, 
0.16705088516009867, 0.14962555012525097, 0.1574242955828303, 0.15124547481186315, 0.1163198291368413, 0.1163198291368413, 0.1420141360462742, 
0.16513074776527653, 0.15392429136045474, 0.14505746304760422, 0.1520575536602425, 0.11600636346781185, 0.11600636346781185, 0.15181721723079827, 
0.15763635853138655, 0.14757595095619394, 0.1531803921702637, 0.1626104965117189, 0.11632434941150957, 0.11632434941150957, 0.14634810300741782, 
0.15737637823288686, 0.1451383303030394, 0.16174613051721862, 0.1809212868764709, 0.10533412758823325, 0.10533412758823325, 0.1441496188939177, 
0.15962579524961937, 0.15129871664843392, 0.1588842123697344, 0.16398197537666986, 0.10635164457974641, 0.10635164457974641, 0.1535060111960497, 
0.15918636465927202, 0.1528239291676523, 0.15590053502374096, 0.16724082198755294, 0.10391385351196744, 0.10391385351196744, 0.15702064213784683, 
0.1607401671984879, 0.1424912174320543, 0.14014479061404075, 0.14867888168110477, 0.13800333138446746, 0.13800333138446746, 0.1319382803053774, 
0.1531125341313374, 0.14715776017979745, 0.13633541314526915, 0.14749826964594856, 0.13095953093396276, 0.13095953093396276, 0.15397696102972191, 
0.16409847736168814, 0.1532690788232971, 0.1459758529016916, 0.15213259953740596, 0.11493154547803289, 0.11493154547803289, 0.15466090041985123, 
0.16692152672820226, 0.16118200102364372, 0.158518063099408, 0.16659027313278016, 0.0879756252256756, 0.0879756252256756, 0.17083688556461443, 
0.16759277862954552, 0.15519869671695424, 0.15156448752485654, 0.161091789492668, 0.10394855907071339, 0.10394855907071339, 0.15665512949454888, 
0.16126142229778567, 0.15650981523050725, 0.15540341284791567, 0.1703316190397519, 0.09586142927795449, 0.09586142927795449, 0.16477087202813054, 
0.148768279020714, 0.13810100013110158, 0.130488265058527, 0.1304428524289988, 0.15976213145097537, 0.15976213145097537, 0.1326753404587079, 
0.15478521493393393, 0.139536773033666, 0.12532111054561482, 0.13019959637033596, 0.15922652640455753, 0.15922652640455753, 0.13170425230733426, 
0.16054502078221383, 0.1420462828920734, 0.13629470041505898, 0.14754597003649855, 0.14049788802812427, 0.14049788802812427, 0.13257224981790672, 
0.15925202376829276, 0.13060398680127172, 0.12712482689094548, 0.1448127376323302, 0.16392410941832308, 0.16392410941832308, 0.11035820607051373, 
0.1577965345447257, 0.13465764489890575, 0.13647730532192895, 0.15620157221298012, 0.14782710120552486, 0.14782710120552486, 0.11921274061040966, 
0.15659166661974688, 0.14351104794580197, 0.14771770983614654, 0.1725354515644138, 0.11865559807818421, 0.11865559807818421, 0.14233292787752244, 
0.1537111270892955, 0.13454327129958268, 0.13779443931845567, 0.16424288517346383, 0.14290843382432428, 0.14290843382432428, 0.12389140947055363, 
0.15060758055891874, 0.145937037838537, 0.13659961177889685, 0.14010850218448978, 0.13965825773024707, 0.13965825773024707, 0.1474307521786636, 
0.16505434629129562, 0.1488950745650849, 0.15050663035299092, 0.16929231517807475, 0.11007336451278756, 0.11007336451278756, 0.14610490458697858, 
0.1611310115707741, 0.15936313447175568, 0.157198450981485, 0.1629088039603508, 0.09444492055460445, 0.09444492055460445, 0.17050875790642533, 
0.16139909619887655, 0.14332679756215655, 0.15488428133014245, 0.18229857667474264, 0.10998139829089185, 0.10998139829089185, 0.13812845165229806, 
0.16630827027156309, 0.1414770412365072, 0.15147902335143368, 0.1736155798684062, 0.11944982271756775, 0.11944982271756775, 0.1282204398369543, 
0.16227920886377165, 0.1570954601677736, 0.1626791937683609, 0.16800536538508704, 0.09230395012164377, 0.09230395012164377, 0.1653328715717194, 
0.18566131353410506, 0.15542402468539296, 0.15168271404506053, 0.13429374390034335, 0.11522881522981887, 0.11522881522981887, 0.14248057337546055, 
0.1482253526485419, 0.14012522101582925, 0.13849049376298697, 0.15656459616117238, 0.13796153992439938, 0.13796153992439938, 0.14067125656267082, 
0.14837042910933573, 0.13465703682792396, 0.13773694351736313, 0.16002557742357917, 0.14537673315855273, 0.14537673315855273, 0.1284565468046925, 
0.16429643545928146, 0.14981737181263083, 0.15719502787807055, 0.17996794236074062, 0.09941224753615113, 0.09941224753615113, 0.14989872741697421, 
