
0.07692505868532312,0.2252428443862486,0.10431283478473441,0.04060264691143192,0.14615397262262653,0.04722887251616208,0.11172059042991964,0.24781317966355365,
0.07692505868532312,0.2252428443862486,0.10431283478473441,0.04060264691143192,0.14615397262262653,0.04722887251616208,0.11172059042991964,0.24781317966355365,
0.12369781681236824,0.12651066982834958,0.12383793555811692,0.12725828113715276,0.12533586468309846,0.12542705876419616,0.12271005352537544,0.12522231969134728,
0.04789988125649831,0.013059676171006078,0.5375860342164303,0.3671087145178774,0.00894616068855195,0.01044287592982038,0.007556996803866185,0.007399660415942115,
0.0035102240227748477,0.0026957896619298123,0.5006825230565866,0.4839562187012219,0.0028671441068433318,0.0023237133212059896,0.0014733308282717916,0.0024910563011667584,
7.250666911390964E-4,5.461406260201676E-4,0.5475394914475217,0.44933596420224126,4.395698468153348E-4,4.97269124386813E-4,4.292274555981124E-4,4.872706062776254E-4,
1.400635688479409E-6,1.0223090368588168E-6,0.37103888243299227,0.6289546992962564,1.2159116478360436E-6,8.461155731319422E-7,7.520112743058133E-7,1.1812875292918814E-6,
2.407628798192498E-5,1.4863208672145979E-5,0.3807038393435803,0.6189078712485226,1.362627973983322E-5,3.0118397405612754E-4,1.3040872761019356E-5,2.1498784687059782E-5,
2.349890915404531E-4,1.6817997804470565E-4,0.4906486377711409,0.507161370831083,1.8872817919846476E-4,0.0011791060840708873,1.8768924886102123E-4,2.31298816060306E-4,
3.0883620824831746E-4,2.1388289209648987E-4,0.6007920416500753,0.39754728615809043,3.7243413925714834E-4,3.219374901501672E-4,1.9112095357657336E-4,2.52460508504592E-4,
1.6281397394813968E-4,1.1551186931930967E-4,0.6565682010376167,0.3426861076884113,1.2153367452268806E-4,9.146360177034182E-5,9.526752117818359E-5,1.5910063323406554E-4,
1.9764480775825854E-5,1.0677354270909742E-5,0.5031179425710177,0.49679011615253005,1.3624350254957515E-5,1.526061889945589E-5,1.412923413741963E-5,1.848523811386466E-5,
1.2595553964680296E-4,1.2177500915322255E-4,0.481472006963321,0.5177936557555279,1.670823872721146E-4,1.1082547629626832E-4,8.815236028356368E-5,1.2054650849935694E-4,
9.287456061025584E-4,7.518333374411848E-4,0.5141295898179996,0.48091426598131537,8.569701193454762E-4,6.759438731123196E-4,8.110325067742108E-4,9.316187579091127E-4,
1.2183004209729326E-6,6.697999109168708E-7,0.5327188231569218,0.46727433343012936,1.266440776672857E-6,1.0719575781838452E-6,1.5176074733587877E-6,1.099306787487609E-6,
1.2634154326275834E-6,8.515381668318402E-7,0.627242398684632,0.3727500837871359,1.4302996908863525E-6,1.2899553553870639E-6,1.3024022019475155E-6,1.3799173844412619E-6,
3.99796966848674E-9,3.684090499152644E-9,0.5219405809396579,0.47805939205777986,6.763879226529054E-9,5.774039047992595E-9,3.3203553152820332E-9,3.4622278054931225E-9,
4.9228793348267966E-8,5.1856999769468806E-8,0.3578918514988068,0.6421077848343089,5.445915318299019E-8,7.029757585657069E-8,5.63024224025752E-8,8.152193903832705E-8,
9.877274626905315E-7,7.8505307000888E-7,0.5350952393949977,0.4648954167185803,1.3025423034990664E-6,3.7373637281220855E-6,9.070569282048635E-7,1.6241429301639872E-6,
1.2901200904798395E-4,1.5654898376842824E-4,0.4721471507780202,0.5270988731631815,1.2469952414895016E-4,1.1656533823002281E-4,8.865940973502926E-5,1.3849079386802474E-4,
4.71946298623983E-6,6.35688696530789E-6,0.54799924893492,0.45175892612973423,4.940596549357997E-6,2.1597144152323951E-4,4.768446568747875E-6,5.068100752992962E-6,
1.2146152793331704E-8,9.528359216703354E-9,0.5467839727132165,0.4532159438858544,1.1097074106177996E-8,1.9061746901827327E-8,1.3397736912893126E-8,1.8169860224078518E-8,
1.1786878127011051E-5,1.1201108040185454E-5,0.5799627231002884,0.41996348071915895,1.7031577965941704E-5,1.5788036881212323E-5,8.260466571495554E-6,9.728112967203968E-6,
3.794012842389969E-7,3.717843225104446E-7,0.5690666126043936,0.43093145182103965,2.236889077343256E-7,3.3371076308195547E-7,3.282810617245729E-7,2.9870822723386107E-7,
3.460698234044537E-9,3.4032948358762964E-9,0.41880452224496495,0.5811954613383179,1.3653266981534304E-9,3.0235537794061156E-9,2.6863806489296806E-9,2.4774614531538903E-9,
9.12475462516888E-5,1.0037716431120472E-4,0.40673590980903246,0.5927462692507081,6.085110908396045E-5,9.56758262599313E-5,4.684246874717934E-5,1.2282682560590884E-4,
4.920693036977885E-8,5.430343126596772E-8,0.47918361301513096,0.5208159904829603,5.065390636647389E-8,1.0410891128221076E-7,7.12855546676958E-8,6.694317264797411E-8,
1.890128411514635E-4,1.045099066597198E-4,0.589789268776761,0.4091523693540963,4.2214538605080386E-4,9.067472653438386E-5,1.0357128795938567E-4,1.4844772078764594E-4,
1.4503899427426898E-6,6.847269450597107E-7,0.44285252433448075,0.5571393724360686,4.121242214992871E-6,5.575669023914783E-7,5.290997124464324E-7,7.602037328188168E-7,
2.604370434257531E-5,2.102814169702738E-5,0.5819075080519945,0.41796289136847614,2.2804805130489653E-5,1.652156786649894E-5,1.1801953667917357E-5,3.140040682367291E-5,
8.459279195773444E-6,7.0273540373585E-6,0.5127923092107121,0.4871678339414336,8.36261431578236E-6,4.289237719347269E-6,3.791209140014805E-6,7.927153445720759E-6,
3.91321274223336E-7,2.703126780137626E-7,0.4482433380642267,0.5517536103653186,4.941517879981258E-7,4.3033505350020676E-7,5.732724164206487E-7,8.921772446918216E-7,
2.9194216680062593E-6,2.1258256996894384E-6,0.3453629899571029,0.6546219721129983,3.880959362232823E-6,2.268622279089632E-6,1.7123066892869865E-6,2.1307942007232324E-6,
2.612488974419303E-10,4.87541429893885E-10,0.46366959407514685,0.5363304027954934,1.1804441258959652E-9,2.972967664661952E-10,3.514865339900467E-10,5.513440493402718E-10,
8.790730339173292E-6,7.686194130308236E-6,0.5271076019942406,0.4728574798914641,4.8690002384537375E-6,4.752596154709389E-6,3.271009625477685E-6,5.548583806445014E-6,
2.0315119716600353E-9,3.169505582640788E-9,0.4784388941205507,0.5214452979842311,1.1579720550421159E-4,1.605216288233292E-9,1.956590110915339E-9,1.9268915147722073E-9,
2.733523406228585E-7,2.2532962200521208E-7,0.4479181395830284,0.5520039541792459,7.638093598095118E-5,3.4359957673757133E-7,3.5871328061634787E-7,3.243069240211252E-7,
1.947897281489075E-6,1.5837821513243606E-6,0.42983855828810924,0.5701088002390529,4.541822658061222E-5,1.460045840741025E-6,8.009381307770674E-7,1.430582851905267E-6,
2.737264388815413E-13,6.507953320204957E-13,0.47160970053519163,0.5283767828837901,1.351657862954212E-5,4.421588592514083E-13,4.3466207780110025E-13,5.890797553444555E-13,
2.957031995485219E-14,3.2206527963877204E-14,0.587551880925329,0.41244368740132026,4.431673192548825E-6,1.9305118029178807E-14,3.1264109103411E-14,4.651630860995356E-14,
2.9361250425242708E-6,1.8547518707187239E-6,0.7753329017096787,0.22450782969797178,1.4688833595828863E-4,2.40606286949338E-6,2.7516651754234642E-6,2.431651433168272E-6,
3.9320128112509204E-5,3.0101267598517562E-5,0.7376764306736106,0.25963315208157856,0.0025302219877760893,2.1908883897825908E-5,3.151816600759355E-5,3.734681141902697E-5,
1.4257390722197328E-8,6.804950396449429E-9,0.6007691854170388,0.39918589085659634,4.487108952592739E-5,1.5222635619480666E-8,8.137398968425805E-9,8.21446217655205E-9,
2.35380794018561E-9,5.997623467596019E-9,0.39945306840937106,0.6003820834913248,1.6481076161854247E-4,1.0237631346719955E-8,9.27033626160627E-9,9.478287956758248E-9,
2.9675999943403907E-6,3.222752185605702E-6,0.2909886696000164,0.7073480312704613,1.5719252379595123E-4,0.001493598627633168,2.88996055972024E-6,3.4276653546957627E-6,
5.405853212911551E-9,1.681866227165703E-8,0.5049971502083711,0.49483238686537057,1.0170311123112252E-4,6.871242067373774E-5,1.2922334460157189E-8,1.2247504919312061E-8,
1.8154992197016314E-14,1.2420088016086501E-14,0.433889824418373,0.5653692277721216,7.365410453631891E-4,4.4067640705824616E-6,1.4525915474713123E-14,2.5672202923888548E-14,
2.1343830126979558E-22,1.1018860467774073E-22,0.6250904756693949,0.3749086495267736,6.306371332082246E-7,2.4416669965619625E-7,1.3774319980259638E-22,2.1194453770265546E-22,
4.0086888033775805E-12,2.8611512436245903E-12,0.5381251735718325,0.46180198837452824,7.22025833480726E-5,6.35454360881914E-7,5.592410504621585E-12,3.4666540499509087E-12,
1.9113838146838428E-11,2.931287677661377E-11,0.4265414325981762,0.5728184021322263,6.384709421708654E-4,1.6942326522214253E-6,1.8919560019389714E-11,2.7428692757744558E-11,
3.151370397981379E-12,5.503660175694827E-12,0.603757757706209,0.39589469467634714,3.4469071035672855E-4,2.8568893034440443E-6,4.650164890148571E-12,4.4794795618598074E-12,
1.8858926201853884E-8,1.6094879503185683E-8,0.5325959690744059,0.4672472659181926,5.417153278308349E-5,1.0251971242059613E-4,1.7576339325468562E-8,2.1232054795926945E-8,
1.52554426788804E-10,9.173962234732942E-11,0.6906898923503829,0.30908669800130417,7.335504594059757E-6,2.1607352462472786E-4,1.9811997603175078E-10,1.7668198012732795E-10,
1.243465708516967E-9,1.0638471928503266E-9,0.5556390503749498,0.4418516766300749,2.342959116674717E-4,0.002274972620924591,1.1219725400007167E-9,1.0330996967849055E-9,
3.7873477518537833E-10,6.244794374586774E-10,0.432345846954962,0.5675144236187086,1.1997333203151128E-4,1.975381738059001E-5,6.977854413438231E-10,5.759162792522598E-10,
6.637029892723783E-12,4.095945680205166E-12,0.43548242784822544,0.5627727449526364,0.0015737651674485294,1.7106200809364504E-4,5.362723393941358E-12,7.50016479185198E-12,
4.9539041052774244E-14,2.7496111415741592E-14,0.5402731315362025,0.4597238732654057,2.894184538182151E-6,1.0101374849522383E-7,1.3608740966044708E-14,1.4489632283114338E-14,
2.7404107922745517E-7,1.3173279473535012E-7,0.6099364259619634,0.38841713465121297,7.2274197263171234E-6,0.001638180695362518,2.69294970368242E-7,3.562028895258918E-7,
1.4215035463795152E-9,1.5172845955922657E-9,0.5328876420718567,0.4644689340490612,0.0025895082292592742,5.3909865139039694E-5,1.2355532229191839E-9,1.6103408477778621E-9,
2.2641985723464666E-11,2.39727460069238E-11,0.48729079843852563,0.5103687653701408,0.0017335999653184029,6.068361025970771E-4,3.888332626529271E-11,3.791886787848251E-11,
9.964917618588948E-12,8.05097080677052E-12,0.34610869618262513,0.6513684461252786,0.002087245011875437,4.356126465693726E-4,5.8891212501694656E-12,9.746399642180317E-12,
1.052700524849191E-13,2.477245720201066E-13,0.8170818535942136,0.1812312583233705,1.350940734149152E-5,0.0016733786745706204,5.772248562934829E-14,9.057190807648386E-14,
6.116810635998489E-11,4.01211775812023E-11,0.39441096873190556,0.6052263452381123,9.258920161094447E-6,3.5342696991286194E-4,1.8756318815225577E-11,1.9864113723866286E-11,
1.1962175375199059E-13,2.665317419011885E-13,0.3779499877690724,0.6219579749984265,7.834411450060814E-5,1.3693117224339108E-5,8.290673605480377E-14,3.0918291248342793E-13,
1.4688652945519655E-17,2.231255392838428E-17,0.5394401311596722,0.4565621306562925,1.634190744387798E-5,0.003981396276590203,1.7977250099600327E-17,2.3804219510260573E-17,
5.846405995788129E-14,6.283571355566902E-14,0.7241037176362656,0.2758930010503091,2.207847082406304E-6,1.0734661187689366E-6,4.19445264783495E-14,6.124458548162363E-14,
4.005282477196878E-8,7.307941529416735E-8,0.43708984636567566,0.5623340918606846,1.8309487339396109E-6,5.740096829528568E-4,3.899946557297924E-8,6.901024764690641E-8,
4.253357242261624E-11,5.3890190791950726E-11,0.7117048831627106,0.28745300751055375,1.1799877543206503E-4,7.241104129749889E-4,1.9362514308240117E-11,2.254160743111178E-11,
1.4653440545235987E-13,1.568547080713575E-13,0.4273893352493052,0.5724998405847672,1.041303167952869E-5,1.0041113376930592E-4,6.317629873941615E-14,1.1330389032253877E-13,
1.7004708524745001E-12,1.3132967742169997E-12,0.6053121549037705,0.3931606267756283,3.1573459343767327E-7,0.0015269025797966455,1.0053832482880247E-12,2.1914944994105657E-12,
5.673156575326657E-12,8.249116597365586E-12,0.45922524449583,0.5398389577263871,7.497221941368954E-9,9.357902548327825E-4,3.21262811319954E-12,8.592867818156158E-12,
1.0037369967506239E-10,1.452884637696509E-10,0.4079626022892345,0.5919884028738036,2.901198659531722E-7,4.870433316257814E-5,4.883482477138815E-11,8.943554900446022E-11,
8.785078750073917E-14,7.004976433334844E-14,0.2187734960951525,0.7797947137793858,0.0014310651462809344,7.249788877603515E-7,4.409882629647877E-14,8.950730478156334E-14,
1.4919823641116918E-12,1.9739445046508365E-12,0.378213592786652,0.6189856869073063,2.0476200413409141E-4,0.0025959582957867165,5.002916830297247E-13,2.155558546583983E-12,
1.1779016799709208E-17,8.215127393074175E-18,0.23209641662363417,0.7676008516524462,1.540504145279194E-4,1.4868130939326143E-4,3.532301915978591E-18,6.652480618535779E-18,
9.718816255165834E-16,1.903884345633095E-15,0.3695617533917034,0.6303999562261722,3.827375485749684E-5,1.6627265182184282E-8,7.158735124220023E-16,2.819192935605809E-15,
3.617555713748827E-12,4.631686552403727E-12,0.26115927903685143,0.7386850506860532,1.4286490377794252E-4,1.2805305239663874E-5,9.862219191376163E-12,4.996801469712675E-11,
2.0902212541902155E-14,9.767643214649163E-15,0.18830588584832741,0.8116873760628097,6.732717328171122E-6,5.371478121162729E-9,7.008766676987899E-15,2.1315285022333265E-14,
3.949914820644904E-15,2.6611605518259522E-15,0.3139103802899896,0.6860873935657966,1.944435997303092E-6,2.817082087583847E-7,1.5133638255912868E-15,5.366124048576164E-15,
2.0990373904664514E-15,3.2645420426349512E-15,0.3238509288021177,0.675330044969019,2.1737144163474143E-7,8.188088574130029E-4,9.933318525330653E-16,1.890235763526749E-15,
7.913643735677591E-14,6.871003951816565E-14,0.2668168021797864,0.7327490084490231,4.315210709288805E-4,2.6682998902235855E-6,7.597336583671245E-14,1.479535564134756E-13,
2.686552207208441E-16,2.9422664437019886E-16,0.36274941151511847,0.6372307291733286,1.97734682781032E-5,8.584327055983685E-8,1.8039521334578058E-16,2.887215042366268E-16,
1.2298430944353586E-14,6.675410756408049E-15,0.40980907870094535,0.5901904733034031,8.222077682671852E-8,3.657748296112718E-7,8.439699030082279E-15,1.939379770013687E-14,
1.4461601383917652E-12,1.1324272610735485E-12,0.32686046713160194,0.6730723300178137,3.638506121491937E-7,6.683899495187166E-5,1.3043647714254454E-12,1.1370463761090238E-12,
2.47309542783313E-16,3.701919687977616E-16,0.3343801932595993,0.6656189351165286,8.183166879448191E-9,8.634407035369377E-7,3.15322858010695E-16,7.113776712238108E-16,
3.3887905078024505E-13,2.937614222802692E-13,0.4275756149267542,0.5722403522992813,2.1710482849297596E-6,1.8186172449063105E-4,1.9415494093798566E-13,3.6194148345998024E-13,
8.361598914613063E-13,8.59853814178265E-13,0.38886284203878696,0.6111343683291067,2.3241380675615136E-7,2.5572119162044563E-6,1.47004831123231E-12,3.215101493657273E-12,
5.65261321178347E-14,2.1321399911145767E-14,0.3563052715153618,0.6435364265339845,4.454379071964113E-7,1.578565125301964E-4,4.188758281294431E-14,9.664477092499878E-14,
1.0278939074350746E-12,6.096948354335047E-13,0.3889778637447938,0.6108288536790873,1.796447196301676E-6,1.9148612144488563E-4,3.3573284777203875E-12,2.4836706927264083E-12,
1.0100562118834186E-16,1.3606066781405967E-16,0.40333326224560756,0.5966227592565939,2.761844702800179E-5,1.6360050772870475E-5,1.3288660512691485E-16,1.9934289621745663E-16,
2.338386480937942E-14,1.7402162153707473E-14,0.44332101162086307,0.5566726664080588,3.910171785040403E-6,2.4117991533857707E-6,2.9201188863706487E-14,6.98335307004228E-14,
7.390914019692389E-15,8.62252477492539E-15,0.35192500467922344,0.6476713214424401,5.615863256345926E-5,3.4751524573313773E-4,1.0824365258113007E-14,1.759240494549981E-14,
3.2026561065960904E-11,4.950140811517215E-11,0.2808339240959193,0.7189957415209327,6.974184753016647E-5,1.0059238785313252E-4,1.495575973793089E-11,5.128086997928325E-11,
2.829524647230919E-17,5.164156294430968E-17,0.3840229741988616,0.6158512230549094,1.2579825800029684E-4,4.488225083785652E-9,4.2316017525872356E-17,2.473927763868758E-16,
6.264425088206921E-20,4.0087430633950104E-20,0.3820970667219147,0.6179006484657643,1.3361119699175841E-7,2.1512011220866204E-6,4.277580678215716E-20,8.297529165942836E-20,
2.4661847396050725E-13,1.1518126194922054E-13,0.49401565300280015,0.5051735529028539,2.152107492339718E-7,8.105788829299855E-4,8.727503122692987E-14,2.1636774443333116E-13,
1.930406997163951E-16,2.357060400894659E-16,0.2940731313830435,0.7057962667756423,2.467547959045694E-6,1.2813429335192456E-4,1.2948756140945973E-16,1.7463349746017345E-16,
4.131773909169814E-17,3.48192346959535E-17,0.35141197437661376,0.6485848104319824,1.3164209111028366E-8,3.2020271981713914E-6,3.251094066885637E-17,5.813155757070156E-17,
2.9062520483207E-17,3.5772358311852516E-17,0.3420813627838883,0.6579117349456756,4.301514242015975E-6,2.6007561960932732E-6,3.621655002267838E-17,5.737835575701335E-17,
2.4307829851089724E-18,4.192389306558825E-18,0.26334540105833254,0.7354386074446009,3.51254336113249E-7,0.001215640242729417,3.0848284143757007E-18,5.596405054691122E-18,
3.131218186883973E-19,2.958015635062973E-19,0.3187166297495798,0.6812260861216554,3.0290202870713404E-9,5.728109974897111E-5,1.0912197224040008E-19,4.339983275386586E-19,
7.389391772613493E-19,3.611860202738469E-19,0.22161454939573014,0.7783575105801956,2.605603918582211E-10,2.7939763509103917E-5,4.846184789827077E-19,1.3229798056877515E-18,
1.2150488748621488E-28,3.612983562183391E-28,0.2022124449171995,0.797787388426195,1.3969782244001897E-13,1.666564655919778E-7,9.32463873400991E-29,2.9170187122555954E-28,
2.5314703220787802E-21,5.04521799077602E-21,0.2139562884192572,0.7859610156607498,8.24572208111589E-5,2.38699183317981E-7,2.2804803054386786E-21,5.062388047376637E-21,
1.2164939464718799E-20,1.2620526122249806E-20,0.3128676047239038,0.6871320562348894,3.0887327018738644E-7,3.016793164890996E-8,7.142954432169068E-21,1.5203775587575177E-20,
1.769508926249427E-25,2.295461054976117E-25,0.5064087107160831,0.4935887060521608,2.399193783239395E-6,1.8403797107584293E-7,2.0261472145742127E-25,5.80596033024793E-25,
6.418290770012479E-25,6.626306575963478E-25,0.31395672941816577,0.6860253087590885,1.0550862729455501E-5,7.410960017721242E-6,3.9062366354002725E-25,7.093509982683418E-25,
5.033190960746636E-25,5.7443357125005955E-25,0.34324953418323123,0.6567251270295047,1.700763508632186E-5,8.331152179434365E-6,8.01459753192517E-25,3.582890381029603E-24,
2.8416672537223834E-23,2.398413833906378E-23,0.39348528696186913,0.6059775382376074,1.937023049829789E-6,5.352377774696179E-4,2.3086498693198775E-23,3.201728573573071E-23,
9.661732205663165E-23,1.7204775947865533E-22,0.5216705140602701,0.478183075203091,1.3536923842897613E-8,1.4639719971356685E-4,8.996147697362282E-23,2.1958345035304198E-22,
8.311303866927094E-28,1.1783044438172307E-27,0.23867994090068234,0.7613200581646439,1.0923246828448808E-10,8.254400440456576E-10,8.685617057717643E-28,2.0647516519855253E-27,
4.581776946085379E-25,2.280859199833949E-25,0.31479556713580037,0.6852044327210787,1.4032138539870732E-10,2.8044619858687743E-12,1.7149281308236624E-25,5.726042129937143E-25,
1.9247014503709839E-25,2.3747617773769514E-25,0.2372341418729152,0.7624064809077731,1.5970495963341918E-4,1.996722596779503E-4,2.979969038183703E-25,9.669951805565259E-25,
1.0586223132654848E-25,1.394202402887429E-25,0.419420561686796,0.5797544938672627,1.3583163259546523E-6,8.235861296199046E-4,8.216594145909106E-26,1.3944941985675148E-25,
1.4292274437372999E-24,6.907062353756067E-25,0.25270693385941456,0.7472926429587677,1.852804522980393E-7,2.3790136304071396E-7,6.002244815656352E-25,1.6374031435856032E-24,
1.3957827698889655E-28,7.939592186054402E-29,0.2038052720410953,0.7961749448955553,2.501037847474454E-8,1.975805296718496E-5,7.077858339000482E-29,1.9295558186231124E-28,
1.1016406025566986E-9,7.673715060552544E-10,0.23002060261374443,0.7698249319159571,1.4516233677199945E-6,1.5300518843724725E-4,3.2412306448564116E-9,3.5482520228306943E-9,
6.620428551533631E-13,5.526078929686902E-13,0.14789260520148534,0.8521065701439942,8.225512656772602E-7,2.100255950302648E-9,4.544027755169922E-13,1.330058063822838E-12,
1.759056807656026E-18,1.7058992578460118E-18,0.23382021473807318,0.7661253338319218,3.987950965787873E-9,5.444744204860098E-5,1.102452402773031E-18,5.340725233921223E-18,
2.9647057845056548E-15,2.48129572043691E-15,0.1335289821404419,0.8664672285863833,4.8878509695578026E-8,3.740394657005375E-6,1.788817283072309E-15,2.1096917847708657E-15,
5.0867517991158874E-17,5.656410647392082E-17,0.09516445831636625,0.9048269041406576,4.692649479942553E-6,3.944893495737284E-6,2.9850203129297204E-17,6.643987966030071E-17,
4.392595557383465E-19,8.14197138556872E-19,0.15317827841586315,0.8468215167209842,2.6016335698667315E-8,1.7884681477733643E-7,4.758658411534125E-19,6.734294555233689E-19,
3.2917496754213307E-18,4.613456207272832E-18,0.11820830330017267,0.8815565661444374,2.3255548006699786E-4,2.575075324396621E-6,3.0434756547575984E-18,3.929711664773265E-18,
4.179573896320114E-28,3.692797714186214E-28,0.24050156322092067,0.7594982264442327,2.0973892448274714E-9,2.0823745817845616E-7,3.135509751539408E-28,4.659120400432275E-28,
2.557895111754314E-18,3.713458292864433E-18,0.09565375571703726,0.9043249043275223,3.5607846270595625E-7,2.0983876979570627E-5,4.3443541604528035E-18,3.653363741184254E-18,
7.194208402840621E-18,4.6991034525955846E-18,0.13831978775904372,0.8616761182453918,1.4121090768033497E-6,2.681886484486812E-6,2.7592831525936187E-18,7.941160602932876E-18,
8.808747578692965E-21,1.0752007238684639E-20,0.08137554465441806,0.9185972896338228,2.6647292905393547E-5,5.184188498939448E-7,7.232760585812099E-21,1.6563922886752536E-20,
1.655925430045962E-25,2.451494901338336E-25,0.12330291202237173,0.8766958649606792,1.93873493689471E-7,1.0291434553918148E-6,1.4217438156936456E-25,6.850767568509029E-25,
3.9530819613798253E-25,1.9083212122307674E-25,0.039260025902362564,0.9607395175868175,6.573982498751035E-9,4.499368361710902E-7,2.822693819298219E-25,7.169308099766119E-25,
1.306422858579168E-11,1.6487450021751946E-11,0.23083710982243502,0.7689018674544013,5.9794713657734E-6,2.550432014766977E-4,6.616252808389882E-12,1.415332724559731E-11,
6.515326952224403E-17,3.118245504942677E-17,0.13740585568554223,0.8625941375503917,2.2882713867795615E-11,6.741184943319833E-9,2.1447869020409624E-17,8.634764375165749E-17,
7.281427686722318E-17,9.447226412512764E-17,0.04003529929560679,0.9599637587577832,5.971454786984063E-7,3.448011259252908E-7,5.658841052537915E-17,8.985835707335775E-17,
1.5982246878385338E-15,2.239757654002927E-15,0.11497676016246221,0.8849752885783287,4.794163624217155E-5,9.62295918091321E-9,1.2610395880363534E-15,2.379082872280391E-15,
4.388424354537963E-15,7.561711856400111E-15,0.16611511297095302,0.8338816192727283,1.5384213890850812E-7,3.113914156304127E-6,2.7852408279566536E-15,7.685520634288119E-15,
5.532461559405808E-20,5.345861216644067E-20,0.16214972655274462,0.8378502164582995,5.347779473749152E-8,3.511161212286466E-9,5.428072671413711E-20,1.3046785651276686E-19,
3.591994904608734E-20,4.794792606442586E-20,0.21566643303520736,0.7843240440240952,6.383631511493871E-10,9.522302331125692E-6,3.112020397465107E-20,5.355206601922712E-20,
4.4047557762620364E-21,9.376177920233261E-21,0.1231579393095248,0.8768364442336137,5.615429292272667E-6,1.0275720160596825E-9,4.0044456365264915E-21,6.153770541601025E-21,
2.2893448704558962E-18,8.201654683670022E-18,0.1538234763730124,0.8461665283882768,2.2406322845436882E-7,9.77117548171995E-6,4.0452731291959825E-18,4.06932842600805E-18,
1.5248833664445382E-16,5.861272933552576E-17,0.1806544113787214,0.8193404212140537,4.527040281101226E-8,5.122136821470266E-6,1.3460659894297493E-16,2.548321840945193E-16,
1.3957146137965054E-19,3.3106586842639595E-19,0.13344146078920413,0.866558478930488,4.991408106540426E-10,5.978116624349927E-8,2.1631065727562638E-19,4.091829321246506E-19,
3.6140783411827493E-19,5.756567156541027E-19,0.08417113111586,0.9158287824886056,7.857873542588569E-8,7.816805238387418E-9,3.591847317447128E-19,7.27211154143114E-19,
2.009278826462768E-20,1.1041554321942538E-20,0.08947037814145749,0.9105292989890548,1.4062577023344764E-7,1.822437202377478E-7,1.2836492031484282E-19,2.581151748307067E-19,
5.617763472397814E-23,6.914594970702951E-23,0.07196053820099707,0.928016343772912,3.913728516566105E-6,1.920429757015407E-5,2.773182968126284E-23,3.579287090498848E-23,
1.115713419337915E-15,7.187479752402915E-16,0.06962899420937524,0.9303509038713882,1.2317126744714886E-5,7.784792480231305E-6,2.1377280098071484E-15,4.0061655076172174E-15,
5.872311251610132E-17,7.83795120191238E-17,0.1550739103951227,0.8449247969705199,3.688465162584522E-9,1.2889458911707885E-6,7.793508070426158E-17,2.5836437148883175E-16,
2.796023088901115E-18,3.2900215584567144E-18,0.09872046580768667,0.9012721594227485,1.9449665505428495E-6,5.429803014039252E-6,2.3405543759477673E-18,4.806437453161616E-18,
2.9568839784365043E-25,7.1229177241612995E-25,0.050480024609005684,0.949519775764648,4.1470996617433814E-8,1.5815535351203985E-7,1.9474714790801058E-25,5.648815500776847E-25,
1.2622676679041018E-24,9.292027055684814E-25,0.053994735526290236,0.9460052220268328,4.1036564944371114E-8,1.410311514524874E-9,6.539260557033808E-25,1.1760002384393347E-24,
3.124184890114622E-16,1.140163745086823E-16,0.080789911817599,0.9192100820946288,5.6815776605015205E-9,4.061904594322113E-10,1.3961343100755123E-16,5.360899340185246E-16,
7.290574456464597E-20,6.956540706625325E-20,0.08313446215003147,0.9168643793675689,3.8721495313369066E-9,1.1546102497580449E-6,4.550881836124426E-20,6.529086419298184E-20,
1.640109060632709E-19,1.7980722132049408E-19,0.08458484128680682,0.9153977044357507,1.736054283273496E-5,9.373461101261021E-8,1.8472257127920584E-19,8.86276357525353E-19,
3.096215112233845E-20,2.5844792512738542E-20,0.10518897274545752,0.8948105169749224,1.9942998856966514E-7,3.108496327663153E-7,2.2024771612000203E-20,4.0965871112672614E-20,
3.531350476970817E-16,3.3191226155107403E-16,0.2288020972439606,0.7707987621755664,8.236657680729328E-7,3.9831691470869964E-4,2.0330730252724936E-16,6.946283082056877E-16,
1.5063279024549198E-21,1.6076753418472368E-21,0.3694303930234189,0.6305690597673903,5.168527445010246E-7,3.035644727034622E-8,1.7229339530600443E-21,6.681332980244831E-21,
1.1006486540077793E-18,7.329729074553175E-19,0.19626057833299962,0.8037031056144798,2.9496890749190608E-5,6.819161767777259E-6,6.568868205467704E-19,2.6024614122588612E-18,
1.1988232746870093E-18,1.7955971650860612E-18,0.2747829867196849,0.724932043506322,1.6873531691998882E-5,2.6809624230152726E-4,6.07405726932426E-19,1.7024501998785364E-18,
3.8953153628967684E-22,4.489739090706608E-22,0.23081436291754565,0.7691306994140868,5.4930616808401776E-5,7.051562877232838E-9,1.6617649141828247E-22,4.221125435610099E-22,
9.899193391081095E-17,9.014177990510739E-17,0.4027278934431726,0.5972278718248719,6.77585308395167E-8,4.416697342979185E-5,3.199950862021894E-17,1.4259332299754913E-16,
2.101799437146286E-17,4.6934502152696605E-17,0.2825489447185627,0.7174344023813368,2.1802717490304055E-9,1.6650719827184233E-5,1.6616517974008726E-17,5.3766582889572593E-17,
8.74981470110531E-27,7.310340323805883E-27,0.14061708550534083,0.8593804106637238,2.5038203851582095E-6,1.0548472622967148E-11,3.495387114968318E-27,1.8144394256151667E-26,
1.9096263561511718E-20,4.22000152401743E-20,0.29202526205355883,0.707974656266827,8.166926582598733E-8,1.0345854060478846E-11,1.816861575042177E-20,6.015867861889038E-20,
2.906727296999638E-25,3.2900204355722253E-25,0.2483826213138272,0.7515919293373851,2.5029598766946856E-5,4.1975002154794684E-7,1.9933686727626021E-25,5.10850516491813E-25,
3.508773112750865E-21,3.526008704541445E-21,0.48322227144478486,0.516695692541388,5.338304143370814E-6,7.669770968725291E-5,1.8151405426397413E-21,6.370690157047918E-21,
2.9400962348151857E-15,1.5413874743660168E-15,0.28051348054107794,0.7194845299520051,1.607286703836939E-7,1.8287781969440134E-6,1.6983756166647686E-14,2.990685689908685E-14,
7.028551084006656E-20,9.560485681774624E-20,0.11762987744277724,0.8823630688875876,4.699923146695507E-6,2.353746489001885E-6,2.8905274188422364E-20,9.508088186513805E-20,
1.2417732763296511E-18,1.6545053288303116E-18,0.13992270992858383,0.8600540911926967,2.2113987771563792E-5,1.0848909481126052E-6,7.383751370792353E-19,1.9001099455931656E-18,
4.8652059698419016E-17,5.91736175652469E-17,0.2112530658895546,0.7887418867965322,2.5858823399118434E-8,5.021455086625164E-6,3.1681765774311926E-17,1.2930254566084854E-16,
2.102698853758273E-19,2.891084090521269E-19,0.1812095690635573,0.8187851023324786,8.746124229629318E-9,5.319857834352797E-6,1.9584290984894787E-19,4.1599087213347E-19,
2.6081131616293334E-19,1.1541677865434823E-19,0.19349143653086268,0.8065084735778255,2.473494769649106E-10,8.964396632713766E-8,1.5732324094860632E-19,2.302141746242297E-19,
1.6409340224548492E-38,5.723031148538309E-39,0.24455999583653015,0.7554396641453267,3.4001812182118246E-7,3.144939017339476E-14,8.583983848122288E-39,2.7939346270867356E-38,
5.1563404377055255E-25,4.915568221694813E-25,0.06935150810535282,0.9305532573821882,5.680309650566821E-5,3.843141595458315E-5,6.459042476268663E-25,1.1258463471281062E-24,
7.235336106870104E-21,9.16445033435669E-21,0.09793875812701588,0.9020261120193666,3.4769204236509485E-5,3.6064938189356954E-7,4.2426273842188325E-21,2.1199753390919072E-20,
5.653543685509788E-22,7.436994764413745E-22,0.12720481681896012,0.8727722617683743,2.692897525961183E-7,2.2652122911302022E-5,3.3364119140769704E-22,1.710191428736572E-21,
1.2715217070790415E-26,6.84359111981375E-27,0.1968539967900942,0.8031455613377051,3.292601334357517E-7,1.126120688946582E-7,6.968496414394744E-27,1.7489618078856615E-26,
1.1017009441202615E-25,8.486905861702541E-26,0.20074746800216545,0.7992387044966366,7.326604227470795E-8,1.3754235154053108E-5,3.7293495491120844E-26,2.264681649741127E-25,
1.7021584732643463E-23,1.998197629389193E-23,0.3567710202885082,0.64320404079242,1.8796843604422423E-5,6.1420754661789905E-6,1.8973186563973943E-23,5.257767125483508E-23,
6.449128661680492E-26,1.0240846451472129E-25,0.10564882057981499,0.8943384216117396,9.037392010187467E-7,1.185406924400634E-5,5.81499882716588E-26,8.714303990295184E-26,
6.0706527702849664E-24,8.699841162434781E-24,0.19010855729487589,0.8098913737190659,5.343332250920788E-8,1.5552734445718602E-8,5.962229793085419E-24,1.5698510589486596E-23,
1.3146303313801449E-24,2.0815651552306007E-24,0.30806691798177716,0.6919299961991794,1.749421402547815E-6,1.3363976426978365E-6,1.3213529196262367E-24,2.9472650799287208E-24,
1.8656772983007993E-24,1.955716525247924E-24,0.2725958606148277,0.72739567110179,5.645722451748673E-7,7.903711139844804E-6,1.839902092789528E-24,5.661503014881768E-24,
3.025222470920237E-26,3.309948335613502E-26,0.08384830784193298,0.9161482920004232,3.374644052727388E-6,2.5513585858483942E-8,3.8533640775203823E-26,6.746294314231397E-26,
6.706811644891141E-24,4.135603025439361E-24,0.23055144656707402,0.7694439371971191,3.79312156484903E-6,8.231142438070557E-7,1.3741224534370132E-23,1.3030763084601447E-23,
5.313562070779732E-28,2.772301002199655E-28,0.23214091826099678,0.7677406479945224,4.959864038593052E-5,6.883510409557113E-5,2.3141453183741973E-28,1.5168634922714611E-27,
1.0900913352129975E-20,9.246290744890843E-21,0.3169133301400799,0.6830752878508642,2.57417412638718E-7,1.11245916416089E-5,9.174073934481438E-21,3.7722374685572136E-20,
2.7890816025832416E-31,2.42240043147959E-31,0.15741265225172232,0.8425871209743774,2.2297307376272045E-7,3.800824576692631E-9,2.03061037960393E-31,3.7224880821647146E-31,
9.610473036956692E-26,2.3343291864188793E-25,0.19166844731451138,0.8083299586800677,1.593632921439493E-6,3.725039021031839E-10,2.038290015256178E-25,6.0164668863524915E-25,
3.07700808213461E-25,2.969712910446767E-25,0.14792327710296183,0.8520763460180054,1.6439168784319299E-7,2.124873458536462E-7,1.0711722130749985E-25,8.370551744168869E-25,
2.1913431581389973E-25,2.131230390486705E-25,0.12511047390749155,0.8748548842125474,1.0773425326430977E-6,3.3564537427529426E-5,2.5525781325229943E-25,3.9040103504914076E-25,
5.520348157920188E-23,6.279213869760862E-23,0.14153186767410295,0.8584680154097516,4.0999484830515954E-8,7.591666254034721E-8,4.770571658832089E-23,1.10146015423013E-22,
1.4754999186292153E-23,2.0613240406937335E-23,0.3506850162363838,0.6492855490365117,2.4609689267097193E-12,2.9434724644941705E-5,1.11460621056069E-23,3.440369904491785E-23,
5.992436659715095E-24,1.4473511566346672E-23,0.24365852890726064,0.7563282306751352,1.3203074240021585E-5,3.734336367707404E-8,6.5244634771025716E-24,1.398690714182645E-23,
1.3015792261734501E-20,1.652396998699019E-20,0.22294994475886254,0.7770031490363218,1.385180563376961E-5,3.305439918059701E-5,4.4552721352053346E-20,1.0009372486927128E-19,
2.1655683389465E-25,2.3230258275145073E-25,0.22861342243817068,0.7713719262631735,2.8312544864210056E-6,1.1820044169539019E-5,1.5450061942751249E-25,4.35605059459161E-25,
2.2574815138315845E-15,1.3310910810606668E-15,0.394437027331882,0.6055622845538395,5.220425441397396E-7,1.6607171976518012E-7,2.8363693722873776E-15,7.650611691982169E-15,
1.815308122588657E-17,2.007907525788005E-17,0.20116841830453877,0.7988279413641135,3.6245042638347117E-6,1.5827081136141567E-8,5.535191222590383E-17,1.5481168029718024E-16,
1.1170828450512769E-24,5.669635571337231E-24,0.3429887454165037,0.6570087051114499,1.842115826165987E-8,2.531050888987584E-6,9.153717537382683E-24,2.3845166768526012E-23,
8.531551555020413E-27,1.1268125347754437E-26,0.403276472451388,0.5967226032229941,8.990638686847497E-10,9.234265568636827E-7,3.665491503914562E-27,3.2756278067730364E-26,
2.813880384509679E-25,9.366530143305377E-25,0.33383556743646636,0.6661641841630105,3.90360943113861E-9,2.4449691499525564E-7,7.073831484472758E-25,2.2416403282543153E-24,
8.440629162062635E-31,9.086143687323004E-31,0.27967518437033384,0.720324696030955,1.1759449615118193E-7,2.0042188594152088E-9,8.709243119360148E-31,1.1555224286334588E-30,
2.025976962811093E-23,3.017016710924511E-23,0.32283942186028647,0.6771538421715106,1.3898234830275204E-8,6.722069968003379E-6,2.0246686587366783E-23,3.6433462583393166E-23,
1.5352611318448617E-25,1.666249926486553E-25,0.1860158824177667,0.8139840745390687,1.2272899995216003E-10,4.292043006867917E-8,1.0037081969789701E-25,2.6786158663073905E-25,
3.751422821486837E-15,2.9599665115952035E-15,0.5431103425356452,0.45683834672032053,2.0814647169192657E-5,3.0496096824492645E-5,1.2528034848219789E-14,1.896987844042989E-14,
6.38110523997481E-24,4.326096282212633E-24,0.4396846773552281,0.5603152630643713,1.2866702148776463E-8,4.6713696631173304E-8,2.9902554570288915E-23,5.933268471549161E-23,
2.104831342840245E-25,1.6904258839346136E-25,0.1684328287225915,0.8315664324144465,5.248510383500435E-7,2.140119183691872E-7,8.393488079979977E-26,2.302074379595177E-24,
4.409627620856329E-24,4.972417574194984E-24,0.26519747098833685,0.7348023621602358,9.626924913394228E-8,7.05821735971099E-8,3.924009464064393E-24,1.0890345246149933E-23,
5.535023965883258E-25,5.478230210263786E-25,0.2860819735054998,0.7139180157885878,6.11770978239791E-9,4.588199407801596E-9,5.223030172621038E-25,1.2075277400775903E-24,
1.1825746029634145E-26,1.7788309021641035E-26,0.37834717629209913,0.6215970074275162,2.0047408583853172E-5,3.576887180124532E-5,9.607439081823873E-27,4.65277711494972E-26,
2.3088477845044342E-27,1.0117501112160653E-27,0.22040455512928428,0.7795731601327338,2.223594685268214E-5,4.8791133634933657E-8,1.1830636896829607E-27,4.705110532045006E-27,
2.5616599233547545E-17,2.659290596550469E-17,0.21000811913668183,0.7899888850847547,2.857040658568726E-6,1.3873790564418725E-7,8.757395232980994E-17,2.1086246296788335E-16,
3.822582108816943E-25,7.419794027690836E-25,0.3698980755777801,0.6301009703707267,9.462644986116692E-7,7.786992278590474E-9,2.4333037722531035E-24,2.1220877217789102E-24,
1.069015735763561E-24,1.0508737094332238E-24,0.20266690709808177,0.7973328418229293,7.524389128848731E-8,1.7583509556629172E-7,9.843583901342554E-25,2.649735320078386E-24,
5.743005028161082E-26,1.1229087242907316E-25,0.40831258476446664,0.5916870791854836,1.6475123573617028E-7,1.7129881079469404E-7,1.3249716145672016E-25,2.821894368320069E-25,
5.331437102891343E-30,5.326670219768735E-30,0.20605035660140233,0.793929987878054,1.9604817206630857E-5,5.0703337861510175E-8,2.3396736134998842E-30,1.0103050651120334E-29,
2.6777819459746754E-24,1.1660356853250078E-24,0.3277549419805104,0.6722316535691861,7.907300902579772E-6,5.497149396216273E-6,3.7776263915082006E-24,7.229435924546917E-24,
5.746601506190934E-22,3.907829812282316E-22,0.17535145476054978,0.8246402812066663,1.34546923112784E-7,8.129485863971778E-6,1.4077003427008956E-21,3.546901798188958E-21,
3.284183494246352E-21,1.704996489243355E-21,0.3193898618335405,0.6806098733574693,1.2245590823345541E-7,1.4235308047989335E-7,5.960414835630161E-21,1.6141766384193522E-20,
2.2783777238173874E-22,2.3250049840625384E-22,0.17792851543673086,0.8220570179011717,1.3018292561551163E-5,1.4483695348722944E-6,8.150059489320118E-22,9.124919594455909E-22,
1.8118300113482346E-26,2.3468060403965695E-26,0.31227933678745445,0.6877165035367212,4.156391041791074E-6,3.2847812719712566E-9,3.763869894058E-26,7.059227097971958E-26,
2.2472755250178038E-26,2.681892314575855E-26,0.326585392334016,0.6734122059458831,2.9073329067234255E-7,2.1109868071713614E-6,3.517108453562949E-26,5.884051940965654E-26,
6.726363154064638E-30,1.0787184642735047E-29,0.2528748073468787,0.7471251477605062,1.5885006855488217E-8,2.9007619025720587E-8,7.341681903480604E-30,2.87698825933669E-29,
1.1988663444029967E-30,1.2664740191170897E-30,0.17660463928858253,0.8233925352165253,2.705835116112193E-6,1.1965977638073894E-7,1.478474248099043E-30,2.068443921827421E-30,
6.543726203194575E-26,3.438426685561867E-26,0.3586815765944955,0.6413150231126861,1.1298751871553461E-7,3.287305301227107E-6,3.8118427158018785E-26,1.9150376237109621E-25,
3.1074395299526993E-10,1.763472969351812E-10,0.2636572511082269,0.7363345900563437,5.015976856286571E-6,3.1390254373684024E-6,8.796991468668312E-10,2.4663429284161683E-9,
5.0610513901998125E-30,3.347123086813852E-30,0.13532826289067648,0.8646652699748096,1.9210235754664897E-9,6.465213499513211E-6,1.0019860864868175E-29,1.811747291139657E-29,
1.16187149694356E-25,5.0403532374637817E-26,0.28523849073330193,0.7147557731008461,1.305579548769841E-11,5.736152794125708E-6,3.7292869992925405E-25,7.593619928500479E-25,
6.0040823492879565E-31,6.498531295060754E-31,0.30249688401122704,0.6975031091616114,1.523197747054193E-9,5.30397173353419E-9,5.200821109667563E-31,9.575274904728324E-31,
2.5274264423205176E-22,1.5426979959578666E-22,0.18907706586394615,0.8109108589365074,1.0867891641490324E-7,1.1966520630650467E-5,1.3835882856208089E-21,2.5856902119633105E-21,
3.559598769320467E-31,2.594665483056661E-31,0.21898755007754653,0.7809423853079706,1.4879538128129842E-9,7.006312653854316E-5,2.83098019953706E-30,4.040496977173254E-30,
1.975951071438726E-24,9.232850571358391E-25,0.5472067146004217,0.4527126654874018,1.0052685490105408E-9,8.061890691083427E-5,8.868071734476484E-24,1.8913248986960504E-23,
7.153886835624534E-26,1.2317516151422616E-25,0.39248294409712586,0.6075162908157318,1.7741007844926044E-7,5.876770619313488E-7,7.354273259364215E-26,1.7994518363471872E-25,
3.604898696974353E-24,3.617399193015939E-24,0.48870994575674226,0.510847367843421,5.138225606211769E-10,4.42685886010697E-4,1.3858815811751184E-24,1.2020751691180125E-23,
1.0717543737382283E-26,1.3520182053942473E-26,0.41995634125625825,0.5800421138481016,2.3202734926926747E-10,1.544663615622046E-6,9.198388767542751E-27,2.071614726094643E-26,
3.8017083870905204E-25,3.904810387579852E-25,0.3843817809670753,0.6156180955291404,7.780248376884319E-8,4.570129764184495E-8,3.657656806214197E-25,1.0178364268722844E-24,
1.1321385381288997E-22,1.5242165149611635E-22,0.57274455983855,0.4271952120170817,5.2887716604513234E-5,7.340427763572699E-6,1.5908311697741622E-22,6.120317068449949E-22,
