
0.06597154626481896, 0.23358011519847455, 0.24489234648662062, 0.33331548237483793, 0.12224050967524795, 
0.12518595705032623, 0.19278997888195476, 0.21292170353718418, 0.25830711508276366, 0.21079524544777128, 
0.158426643699263, 0.20212121309869452, 0.2072455804445745, 0.23784300417130927, 0.19436355858615864, 
0.14721748132021215, 0.20272667371769978, 0.21026002385694081, 0.2460301797390865, 0.19376564136606073, 
0.16768882526239431, 0.2007894099228007, 0.20225010051465966, 0.2245584993442535, 0.204713164955892, 
0.143301460285471, 0.20055734994124777, 0.20858185822415146, 0.24544677903695084, 0.20211255251217886, 
0.14184096382733677, 0.21181488150729927, 0.22072617024948382, 0.265877109188351, 0.1597408752275291, 
0.17971370826588848, 0.20088989930072576, 0.20933987476565452, 0.2229190949158631, 0.18713742275186818, 
0.16947577153215015, 0.19840849200254734, 0.21426288237088026, 0.23288075545731596, 0.18497209863710637, 
0.1657639059651886, 0.20407100789440297, 0.20660123181524234, 0.23061832406438765, 0.19294553026077835, 
0.1375161717692523, 0.217122447555692, 0.2269411289815924, 0.270970200808097, 0.1474500508853663, 
0.1428602873677561, 0.21710651903695835, 0.22200785004647766, 0.2685328236739423, 0.14949251987486536, 
0.1469234322846925, 0.2203653242741891, 0.22430975733060943, 0.27058692066507223, 0.13781456544543677, 
0.16321327931632354, 0.21235233861210476, 0.2147418788206509, 0.24552842663749644, 0.16416407661342416, 
0.16173549262748332, 0.2218388198480116, 0.22265133822186298, 0.26025044601316505, 0.13352390328947703, 
0.17417669451679973, 0.2111625333423237, 0.21307601125069817, 0.23643455914859748, 0.16515020174158088, 
0.16136710810155966, 0.22007916674257605, 0.22008033903974386, 0.2598237509187797, 0.13864963519734078, 
0.1783626137327205, 0.21089839718738787, 0.2108984697645516, 0.23070534489560665, 0.16913517441973352, 
0.18128173628695957, 0.22928222436829535, 0.2292822277625964, 0.2625822437756797, 0.09757156780646895, 
0.18330796415768644, 0.21786206062671198, 0.21786206064221783, 0.24186685138775593, 0.13910106318562787, 
0.18831607884725157, 0.2220280414210372, 0.22202804162236275, 0.24546293232977817, 0.12216490577957029, 
0.18033292221294706, 0.2189009705491836, 0.21890097054999733, 0.2456916458750083, 0.13617349081286373, 
0.182586088662079, 0.22454829005900037, 0.22454829006618168, 0.25367665618016505, 0.1146406750325739, 
0.18394822940497516, 0.2255777349473896, 0.22557773494602007, 0.25449705489968844, 0.11039924580192671, 
0.17842873339186296, 0.22599380850019385, 0.22599380849591644, 0.2589952759423046, 0.11058837366972217, 
0.18332290863485534, 0.22292461929630605, 0.22292461929630633, 0.2504095309634822, 0.12041832180905007, 
0.1874607652519834, 0.2253233371113941, 0.2253233371113961, 0.2516202608104792, 0.11027229971474715, 
0.1841358706058689, 0.22626557139128273, 0.22626557139125705, 0.25551357823198495, 0.10781940837960644, 
0.19623928045549258, 0.22737384745548672, 0.22737384745548692, 0.24900045644821503, 0.10001256818531884, 
0.1867725153097589, 0.22392431045344582, 0.22392431045341923, 0.2497131032372564, 0.11566576054611974, 
0.18406247406321274, 0.21933243743021677, 0.21933243743025627, 0.24383433726969797, 0.1334383138066162, 
0.18992133450618504, 0.22585856456236514, 0.22585856456236694, 0.2508254180857582, 0.10753611828332474, 
0.17580862143275056, 0.2215118084118401, 0.22151180841243417, 0.2532091998388824, 0.12795856190409274, 
0.17434904510743549, 0.22437424145935808, 0.22437424145947435, 0.2590749924343193, 0.11782747953941271, 
0.1676146029816054, 0.21072867521408703, 0.21072867521391547, 0.24062347486594562, 0.1703045717244464, 
0.19283606137194845, 0.22859000853564151, 0.22859000853564157, 0.2534316521344795, 0.09655226942228906, 
0.19483337107397233, 0.22432665070700314, 0.22432665070700314, 0.24483827981715217, 0.11167504769486923, 
0.1892015530883481, 0.22198973557085314, 0.22198973557085708, 0.2447780650177336, 0.12204091075220824, 
0.19140179823785197, 0.222252760416595, 0.22225276041659503, 0.2436970500768019, 0.12039563085215604, 
0.19197457692063846, 0.2205510384093582, 0.2205510384093581, 0.24041987851795582, 0.12650346774268945, 
0.19210043856078718, 0.22624323255665046, 0.22624323255665046, 0.2499607900839106, 0.10545230624200136, 
0.18783148638360309, 0.21844533055771123, 0.21844533055771123, 0.2397218698217554, 0.13555598267921912, 
0.18944015689553814, 0.2210577463962818, 0.2210577463962818, 0.2430297854993219, 0.12541456481257637, 
0.19458392301889357, 0.22186683737532445, 0.22186683737532445, 0.24082434377571552, 0.12085805845474216, 
0.1850856695726506, 0.21920560372592346, 0.2192056037259236, 0.24289470364413188, 0.13360841933137055, 
0.18865340500929753, 0.22064865911808484, 0.22064865911808487, 0.24287246699921577, 0.12717680975531695, 
0.1791471520858227, 0.21282852031581076, 0.21282852031581118, 0.23620117045812197, 0.15899463682443343, 
0.19247921661240108, 0.2215854179922003, 0.22158541799220036, 0.24182592879192227, 0.12252401861127597, 
0.196302920209428, 0.22270672751706883, 0.22270672751706877, 0.24106711754325336, 0.11721650721318103, 
0.19688205533355418, 0.22482021404085414, 0.22482021404085403, 0.2442535209529091, 0.10922399563182851, 
0.19782016357715979, 0.2241439698498301, 0.22414396984982998, 0.24245036060362957, 0.1114415361195506, 
0.1984875782089907, 0.22504543094695464, 0.22504543094695473, 0.24350411495185545, 0.10791744494524456, 
0.18842405506964768, 0.21392062215722135, 0.21392062215722135, 0.23163254868384722, 0.15210215193206225, 
0.18948264621069455, 0.22305182695499917, 0.22305182695499923, 0.24637022097827016, 0.11804347890103695, 
0.20045747995188906, 0.22591896953385215, 0.22591896953385218, 0.24362721986544855, 0.10407736111495805, 
0.1982204325811466, 0.22405672955574238, 0.22405672955574238, 0.24202196970713008, 0.11164413860023846, 
0.1964952700938046, 0.2179682728785147, 0.2179682728785147, 0.23291229013662731, 0.13465589401253866, 
0.2013514262388481, 0.22527683891423933, 0.22527683891423927, 0.24192866717752037, 0.10616622875515296, 
0.19798124581425344, 0.22556867508435402, 0.22556867508435396, 0.24474631271940045, 0.1061350912976381, 
0.1938431639586663, 0.22335637608811085, 0.22335637608811085, 0.24384506445542456, 0.1155990194096875, 
0.1972193524020826, 0.22661657685621697, 0.22661657685621703, 0.24704880480014174, 0.10249868908534156, 
0.19775394512670078, 0.22773317629216475, 0.2277331762921647, 0.24856515516090694, 0.09821454712806288, 
0.19068357897138566, 0.22288519431817896, 0.22288519431817896, 0.2452385875337734, 0.11830744485848302, 
0.19383312655417312, 0.22016507990728532, 0.22016507990728534, 0.2384697526785356, 0.12736696095272068, 
0.19954359740833474, 0.22412942574915898, 0.22412942574915898, 0.24123493136861648, 0.11096261972473084, 
0.19837431563222296, 0.2254636149971779, 0.22546361499717796, 0.2443058949257929, 0.10639255944762833, 
0.19698724867171852, 0.2229083082730822, 0.2229083082730822, 0.24092954632910496, 0.11626658845301217, 
0.1947252571446633, 0.2264817570584991, 0.22648175705849902, 0.2485406177061212, 0.10377061103221732, 
0.19847406457687655, 0.22661721182088185, 0.2266172118208818, 0.24619168405821623, 0.10209982772314352, 
0.19518206945393993, 0.226526701582025, 0.22652670158202504, 0.24831917364651981, 0.10344535373549026, 
0.19732144033368818, 0.2256794197402023, 0.22567941974020225, 0.24539237905995087, 0.10592734112595648, 
0.19992536333797778, 0.22650437131132686, 0.226504371311327, 0.24498769153994576, 0.10207820249942266, 
0.19701014875183728, 0.22201388815553932, 0.2220138881555394, 0.23939600249106124, 0.11956607244602263, 
0.1941607415495694, 0.22646872084408146, 0.22646872084408143, 0.24890678592557505, 0.10399503083669275, 
0.1953274114478484, 0.22528106745688029, 0.22528106745688023, 0.24609213323951268, 0.10801832039887826, 
0.1994075434756165, 0.22483055775688293, 0.22483055775688304, 0.24251447635307397, 0.10841686465754351, 
0.19517626158003223, 0.22559436101711036, 0.22559436101711028, 0.24672775963509314, 0.10690725675065399, 
0.1925825509545468, 0.22468222663842402, 0.22468222663842402, 0.24698747929557952, 0.11106551647302558, 
0.18557447765040747, 0.2139175484352801, 0.2139175484352801, 0.23359632385019424, 0.15299410162883814, 
0.18884978969640492, 0.22592369450955474, 0.22592369450955482, 0.2516697563579818, 0.10763306492650376, 
0.19021990292486327, 0.21845800147788058, 0.21845800147788058, 0.23807644234039604, 0.13478765177897956, 
0.19404545875999507, 0.22162348833429596, 0.22162348833429601, 0.24078897235474028, 0.12191859221667273, 
0.18734366172280384, 0.21262954798708283, 0.21262954798708292, 0.23018453915057732, 0.15721270315245314, 
0.16891483234475457, 0.22576795436323285, 0.2257679543632329, 0.2651212088070147, 0.11442805012176498, 
0.19321344915288577, 0.22162882634372566, 0.22162882634372566, 0.2413805407272833, 0.12214835743237952, 
0.1932755641571255, 0.21877434275681756, 0.21877434275681754, 0.23650893420787644, 0.13266681612136305, 
0.19634758599832086, 0.22528852166926336, 0.22528852166926336, 0.24541518499852602, 0.10766018566462636, 
0.1998052700319343, 0.22530784820244115, 0.2253078482024412, 0.24305543263224053, 0.10652360093094282, 
0.18734688927553417, 0.22154101874277285, 0.22154101874277293, 0.24526830237507932, 0.1243027708638407, 
0.19771652932535042, 0.22643843224619759, 0.22643843224619759, 0.24640406582812943, 0.10300254035412501, 
0.18598021674106, 0.2261205544657911, 0.22612055446579116, 0.2539849679499303, 0.10779370637742744, 
0.17027764839381393, 0.21734045633015522, 0.21734045633015522, 0.24994015365872768, 0.145101285287148, 
0.18701963790479484, 0.22553711559798198, 0.2255371155979821, 0.2522793264775825, 0.10962680442165858, 
0.18445505741787493, 0.2242331303936689, 0.2242331303936689, 0.2518425984732582, 0.115236083321529, 
0.188265700763525, 0.21592068046926938, 0.21592068046926946, 0.23512569330659666, 0.14476724499133953, 
0.19235105213574696, 0.22514000920319072, 0.22514000920319066, 0.24792109457155875, 0.10944783488631288, 
0.18421968985598616, 0.21858380642245676, 0.21858380642245684, 0.24243337753392968, 0.1361793197651706, 
0.18864243034919692, 0.2141164713890016, 0.2141164713890017, 0.23181589443555056, 0.1513087324372493, 
0.18844227860186383, 0.22386134406619485, 0.22386134406619476, 0.24845474870449513, 0.11538028456125143, 
0.19363304739417628, 0.22718529954254574, 0.2271852995425457, 0.25048824690755145, 0.10150810661318092, 
0.19498440089299204, 0.22664759675818458, 0.2266475967581847, 0.2486740409401468, 0.10304636465049186, 
0.19369999973872795, 0.22596706152226154, 0.22596706152226145, 0.24840642583705116, 0.10595945137969794, 
0.19324106949332517, 0.22387732812287392, 0.22387732812287386, 0.24518518464354533, 0.11381908961738174, 
0.19389816931933126, 0.22366854729694266, 0.22366854729694266, 0.24436159597219184, 0.11440314011459156, 
0.19294407745147463, 0.2186837747898194, 0.2186837747898195, 0.2365858960735554, 0.13310247689533106, 
0.18386735837788185, 0.21792982605938377, 0.21792982605938385, 0.24157866671391667, 0.13869432278943392, 
0.1879475586584369, 0.22542545583303805, 0.22542545583303802, 0.2514479937534457, 0.10975353592204132, 
0.1870092912668452, 0.2240633299689271, 0.2240633299689272, 0.24978874954980537, 0.11507529924549526, 
0.18479214094841873, 0.22364414436267627, 0.2236441443626762, 0.25060925076098756, 0.11731031956524125, 
0.18837718367556913, 0.2192229966718749, 0.21922299667187495, 0.24064673285285215, 0.13253009012782893, 
0.19070891167439047, 0.2141201184650639, 0.21412011846680262, 0.2303909476029952, 0.15065990379074792, 
0.19811906847071825, 0.22375217118961888, 0.2237521711896191, 0.24156615578202667, 0.11281043336801724, 
0.20093611349012827, 0.22593035221010538, 0.22593035221010543, 0.2433172699741134, 0.10388591211554755, 
0.20179060054046943, 0.2253910105276379, 0.2253910105276379, 0.24180856635255074, 0.10561881205170404, 
0.20014024004461134, 0.22683572735249477, 0.22683572735249463, 0.2454088128866094, 0.10077949236378973, 
0.19899866384705317, 0.2248514756583232, 0.22485147565832325, 0.24283028772327453, 0.10846809711302577, 
0.2001386015364321, 0.22562477242158327, 0.2256247724215835, 0.24335671730929917, 0.10525513631110199, 
0.1959492404012862, 0.22603753625723708, 0.22603753625723702, 0.24694266132869117, 0.10503302575554851, 
0.2002836455344861, 0.22749709484558134, 0.22749709484558134, 0.2464009462933936, 0.0983212184809577, 
0.19537253127982374, 0.2245001082585781, 0.2245001082585781, 0.24474999501103825, 0.11087725719198184, 
0.2018421365542131, 0.2258957143802832, 0.22589571438028322, 0.2426429418713371, 0.10372349281388347, 
0.19891588476600353, 0.2268267305193249, 0.22682673051932484, 0.24624006788388103, 0.10119058631146566, 
0.19136255716254355, 0.2247103166287103, 0.22471031662871035, 0.24786472605645865, 0.11135208352357702, 
0.19710463745946968, 0.22589707347706028, 0.22589707347706034, 0.2459125832385202, 0.10518863234788946, 
0.19622426198547582, 0.22563593776951585, 0.22563593776951588, 0.24607793339635778, 0.1064259290791348, 
0.1971411496511045, 0.2224510443769334, 0.2224510443769334, 0.24004418807685918, 0.1179125735181696, 
0.200618479043607, 0.22517598310986517, 0.22517598310986517, 0.24226775641998657, 0.10676179831667595, 
0.1982593050410941, 0.2203304767610057, 0.2203304767610057, 0.23569371792238136, 0.12538602351451306, 
0.2013684261437938, 0.2262373251333572, 0.22623732513335718, 0.2435408592216414, 0.10261606436785034, 
0.191247221682003, 0.22600159074796947, 0.2260015907479695, 0.25013130209682644, 0.10661829472523159, 
0.1932215999674318, 0.22653632154692224, 0.22653632154692224, 0.2496816414554177, 0.10402411548330608, 
0.1884835271101629, 0.22478771030678313, 0.22478771030678318, 0.24999249155885234, 0.11194856071741845, 
0.19410027793956816, 0.22647305047572544, 0.2264730504757254, 0.2489614954442798, 0.10399212566470102, 
0.18544947009493626, 0.22247427288396254, 0.22247427288396265, 0.24818192885456938, 0.12142005528256923, 
0.18697305415890453, 0.22016056895401748, 0.22016056895401742, 0.24321089707011762, 0.1294949108629429, 
0.19551281075435925, 0.22632953141408735, 0.22632953141408735, 0.24776790046038732, 0.10406022595707883, 
0.18706053901143552, 0.22301324581587703, 0.22301324581587703, 0.24796989854298393, 0.11894307081382642, 
0.18856475234737186, 0.21892423140974826, 0.2189242314097482, 0.23998972014536657, 0.13359706468776505, 
0.1917704032098329, 0.21554118469877107, 0.2155411846987711, 0.2320460589800942, 0.14510116841253068, 
0.19773085040735583, 0.22694203341049018, 0.22694203341049018, 0.24725288339613455, 0.10113219937552924, 
0.1940408817569585, 0.224588073675198, 0.22458807367519806, 0.24581108480523123, 0.11097188608741412, 
0.19896069946371647, 0.22676455919924085, 0.2267645591992409, 0.24610415224617782, 0.101406029891624, 
0.19830053167192452, 0.22611302841865155, 0.22611302841865158, 0.24546134449871654, 0.10401206699205583, 
0.19953034743221365, 0.22414196865795502, 0.2241419686579551, 0.24127484878154892, 0.11091086647032736, 
0.19581865473605647, 0.22510484546272405, 0.225104845462724, 0.24545842558564607, 0.10851322875284927, 
0.20110156725219983, 0.22641209385219804, 0.22641209385219807, 0.24402662460021482, 0.10204762044318913, 
0.19663176169435673, 0.22086268491952984, 0.22086268491952982, 0.2377135334057678, 0.12392933506081581, 
0.2000014317539786, 0.22525593851571699, 0.225255938515717, 0.24283089930173854, 0.10665579191284881, 
0.20358330362244714, 0.22552305334838896, 0.22552305334838885, 0.24080099784743636, 0.10456959183333858, 
0.20075113336505712, 0.2255792832047021, 0.22557928320470205, 0.2428656869554786, 0.10522461327006014, 
0.20000057505307922, 0.22713517379836415, 0.2271351737983642, 0.2460234062799065, 0.09970567107028591, 
0.20041792825365376, 0.2264025311151094, 0.22640253111510933, 0.244493254465496, 0.10228375505063148, 
0.1956467080370286, 0.22559007858174596, 0.22559007858174604, 0.2464097337066511, 0.10676340109282832, 
0.19957265369901434, 0.2245896596369786, 0.22458965963697855, 0.2420098930348895, 0.10923813399213905, 
0.19997619839051353, 0.2233578037681344, 0.22335780376813436, 0.23963386655963614, 0.11367432751358159, 
0.19827729749658843, 0.22254302335641027, 0.22254302335641027, 0.23943130009450397, 0.11720535569608706, 
0.19948645935889323, 0.22512974260400623, 0.22512974260400623, 0.2429860582270957, 0.10726799720599853, 
0.2016257411182199, 0.2249747316769708, 0.2249747316769708, 0.24123126611950604, 0.10719352940833257, 
0.20311547088573298, 0.22607269842542063, 0.2260726984254206, 0.24206451867854734, 0.10267461358487837, 
0.20304632735713868, 0.22539412103154663, 0.22539412103154663, 0.24096375252466118, 0.1052016780551068, 
0.1993630341947134, 0.22389169088002536, 0.22389169088002545, 0.24097026153913118, 0.11188332250610451, 
0.19839790259002965, 0.22581912041875105, 0.225819120418751, 0.2449055875537593, 0.1050582690187091, 
0.19526544999764459, 0.2231879588002068, 0.2231879588002069, 0.24260486409437088, 0.11575376830757086, 
0.19306086641460166, 0.22194049801230617, 0.22194049801230623, 0.24202071457113472, 0.1210374229896513, 
0.19835670041316225, 0.22532645744613336, 0.22532645744613342, 0.2441035768899051, 0.10688680780466589, 
0.19109821153880163, 0.22106233320914184, 0.22106233320914212, 0.24186862320713182, 0.12490849883578273, 
0.18938334246284644, 0.2154394080144625, 0.21543940801446257, 0.23355542874867022, 0.14618241275955834, 
0.1972296573881045, 0.22293672267130285, 0.2229367226713028, 0.2408081517878939, 0.11608874548139604, 
0.19725974265868973, 0.22669982218706036, 0.22669982218706036, 0.24717094476247317, 0.10216966820471639, 
0.192409593200098, 0.21968448104468793, 0.21968448104468793, 0.23862669855697452, 0.1295947461535517, 
0.19837390802111948, 0.22288230401364845, 0.22288230401364856, 0.2399304994300675, 0.11593098452151603, 
0.19788320042539068, 0.22628582547158932, 0.22628582547158932, 0.24602185510830973, 0.10352329352312098, 
0.19164718414594273, 0.22109826779388306, 0.22109826779388306, 0.24154950358418797, 0.12460677668210315, 
0.19117881513105997, 0.21912491312401988, 0.21912491312401988, 0.23852595916174044, 0.13204539945915983, 
0.19676886578132155, 0.22293108000302872, 0.22293108000302872, 0.24111794156125452, 0.11625103265136642, 
0.2004195495773333, 0.22249120120239124, 0.22249120120239127, 0.23785317434704417, 0.11674487367084004, 
0.19450003707577027, 0.22517062053011933, 0.22517062053011927, 0.24648077616888464, 0.1086779456951064, 
0.19833479580049054, 0.22534369668987503, 0.22534369668987508, 0.2441465472350554, 0.106831263584704, 
0.20176768674335718, 0.22449763165043923, 0.22449763165043923, 0.24032833177674814, 0.10890871817901607, 
0.20171758697693645, 0.22562521536968966, 0.22562521536968966, 0.242272593927905, 0.10475938835577919, 
0.19593778013356128, 0.2219679409109784, 0.22196794091097832, 0.24006253117183385, 0.12006380687264828, 
0.19602239072503563, 0.2221452693473873, 0.22214526934738738, 0.2402973951016232, 0.11938967547856648, 
0.20133672139888129, 0.22598372545355358, 0.22598372545355355, 0.2431358868396674, 0.1035599408543441, 
0.20229342816273307, 0.22470877097113473, 0.22470877097113467, 0.2403077801186113, 0.10798124977638626, 
0.19626245160831957, 0.22209359019817845, 0.22209359019817845, 0.24004613526581212, 0.11950423272951151, 
0.19843421099308606, 0.22186480264859113, 0.22186480264859107, 0.23816592195074163, 0.11967026175899012, 
0.19457428635530558, 0.2261637449026778, 0.22616374490267785, 0.24811405540168516, 0.1049841684376535, 
0.19815288132246237, 0.22491512646676645, 0.22491512646676634, 0.24352008142304687, 0.108496784320958, 
0.20051931630030748, 0.22501272301583294, 0.22501272301583292, 0.24205103959161128, 0.10740419807641538, 
0.1961058178343682, 0.21724769109527647, 0.2172476910952783, 0.23194752167671487, 0.1374512782983622, 
0.19450325013748337, 0.22109092437553543, 0.22109092437553546, 0.2395779698029181, 0.12373693130852763, 
0.2012243095478664, 0.22610254641688773, 0.2261025464168878, 0.24341384946978376, 0.10315674814857431, 
0.20192985802845667, 0.22546561081217184, 0.22546561081217184, 0.24185708309857465, 0.10528183724862514, 
0.19185793559142722, 0.2183828404404972, 0.21838284044049722, 0.23681573439147036, 0.13456064913610802, 
0.19863521960696864, 0.22061401548325796, 0.22061401548325796, 0.23590490882247764, 0.12423184060403769, 
0.19682408831566914, 0.2252403021943909, 0.2252403021943909, 0.24501171644677372, 0.10768359084877535, 
0.19561546082564618, 0.22447859596375955, 0.2244785959637596, 0.24453772246223568, 0.11088962478459893, 
0.19681283754334997, 0.22288418825863773, 0.22288418825863773, 0.24102123079678886, 0.11639755514258587, 
0.19867769247934627, 0.22667695105806435, 0.2266769510580643, 0.2461489463051508, 0.10181945909937425, 
0.1983483564630402, 0.2195675647230121, 0.21956756472301206, 0.2343383274747151, 0.12817818661622057, 
0.19726254361304235, 0.21765106219079502, 0.21765106219079502, 0.23183980688155642, 0.1355955251238112, 
0.20362576682417224, 0.2262916220487516, 0.2262916220487516, 0.24208900744433876, 0.10170198163398561, 
0.20126152572729467, 0.22626024787378574, 0.22626024787378565, 0.2436632442973548, 0.10255473422777917, 
0.19844513934372504, 0.2258973836833788, 0.22589738368337883, 0.2450064259834974, 0.10475366730602001, 
0.196494210396679, 0.22739432534111323, 0.22739432534111328, 0.24887900701379095, 0.09983813190730352, 
0.19516712428666635, 0.22416205530821756, 0.22416205530821756, 0.24432834939209366, 0.11218041570480487, 
0.20201342981991915, 0.22606472675976685, 0.22606472675976685, 0.2428182096570798, 0.10303890700346736, 
0.19303266540160796, 0.22313585080417242, 0.22313585080417234, 0.24405185701920595, 0.11664377597084152, 
0.19782509531250378, 0.2238225826868886, 0.22382258268688868, 0.24190357940106524, 0.11262615991265373, 
0.1948391348542994, 0.22132382550348328, 0.2213238255034833, 0.23974651187079804, 0.12276670226793587, 
0.19831699329135571, 0.2275573351783709, 0.2275573351783709, 0.24790912883447197, 0.09865920751743051, 
0.19349987934190163, 0.21627694226596025, 0.2162769422659603, 0.23212514304146795, 0.14182109308470983, 
0.1897707807917744, 0.21255986273161717, 0.21255986273161714, 0.22840050789450378, 0.15670898585048745, 
0.1967214559282071, 0.2226138702728364, 0.2226138702728364, 0.2406225766990582, 0.11742822682706194, 
0.1914606437526324, 0.22453997155325378, 0.2245399715532537, 0.24751576739643702, 0.11194364574442303, 
0.19327963842550977, 0.2240523038816898, 0.22405230388168987, 0.2454508020720161, 0.11316495173909441, 
0.19528231786739308, 0.22506129631397095, 0.22506129631397095, 0.24576822063999337, 0.10882686886467173, 
0.20016521527979786, 0.22631813841518864, 0.2263181384151885, 0.24451559418662683, 0.10268291370319815, 
0.2030316063875807, 0.22561573456416434, 0.22561573456416442, 0.24135191748884047, 0.10438500699525008, 
0.2025554245302173, 0.22308814416569367, 0.2230881441656936, 0.23739047023152215, 0.11387781690687318, 
0.20223827789617457, 0.22454926722908425, 0.22454926722908425, 0.240091799267395, 0.1085713883782619, 
0.19964189715018463, 0.22563833356892665, 0.22563833356892665, 0.24372789847806822, 0.10535353723389392, 
0.19695618532630615, 0.22385180953412695, 0.22385180953412695, 0.2425547808239333, 0.11278541478150672, 
0.19364714155081864, 0.21716457259533228, 0.2171645725953322, 0.23352650606828426, 0.13849720719023262, 
0.19788417012171436, 0.22164057738867152, 0.22164057738867143, 0.23817620688361793, 0.12065846821732473, 
0.195301798493339, 0.22227850057132822, 0.22227850057132828, 0.24104969659627562, 0.11909150376772885, 
0.20049977707965858, 0.22516253098824246, 0.22516253098824246, 0.2423424911638974, 0.10683266977995927, 
0.1977211564854214, 0.22499885065876857, 0.22499885065876854, 0.24397823913581018, 0.10830290306123136, 
0.1961917047098784, 0.2163680903193651, 0.21636809031936513, 0.2304083665838109, 0.14066374806758053, 
0.1971507745278103, 0.22399365666873583, 0.22399365666873583, 0.24267510888368604, 0.11218680325103195, 
0.1908371297379146, 0.22320871249197033, 0.2232087124919704, 0.24570790797252637, 0.11703753730561843, 
0.19692666562806133, 0.22681187966178562, 0.22681187966178565, 0.24760528389219907, 0.10184429115616835, 
0.1966380453447166, 0.22065380311545077, 0.2206538031154507, 0.23735661054170037, 0.12469773788268165, 
0.19601256284970325, 0.22577613730683124, 0.22577613730683124, 0.24646302768616418, 0.10597213485047013, 
0.19753574374814378, 0.2266381449902695, 0.22663814499026946, 0.2468837265993345, 0.10230423967198268, 
0.19578032758412542, 0.2223417841669768, 0.22234178416697686, 0.24081632427546165, 0.11871977980645942, 
0.1964838019055103, 0.22630089960426608, 0.22630089960426616, 0.2470409289090399, 0.10387346997691752, 
0.19704981840959432, 0.22277081482863756, 0.22277081482863756, 0.24066561073773682, 0.11674294119539384, 
0.19759942854805732, 0.22671526512817147, 0.22671526512817147, 0.2469565140296139, 0.10201352716598593, 
0.20094269708196658, 0.2257968904096537, 0.22579689040965376, 0.24310793180642126, 0.10435559029230466, 
0.20538106450314952, 0.22604606523553578, 0.22604606523553578, 0.24044798019991062, 0.10207882482586826, 
0.2005470356436848, 0.22475863257077516, 0.22475863257077516, 0.2416094864574171, 0.10832621275734772, 
0.19808933760521671, 0.22344444376669373, 0.22344444376669378, 0.24109894661560402, 0.11392282824579163, 
0.2017499456867107, 0.22536561798326182, 0.22536561798326177, 0.24180632291174675, 0.10571249543501904, 
0.20125490898698284, 0.22630019422532768, 0.22630019422532766, 0.24373742013840882, 0.10240728242395303, 
0.20166634117235407, 0.2258025356828494, 0.2258025356828494, 0.24261299033034991, 0.10411559713159714, 
0.201429115186724, 0.22083178784609647, 0.22083178784609653, 0.23434077965917, 0.12256652946191293, 
0.2026524596218154, 0.22549928225827753, 0.2254992822582776, 0.24141852718880144, 0.1049304486728279, 
0.20221065588209247, 0.2262484761233998, 0.2262484761233997, 0.24297828072423322, 0.10231411114687483, 
0.19637199923407944, 0.22635859403576752, 0.22635859403576755, 0.2472047922984038, 0.10370602039598152, 
0.19850770714596216, 0.22585007001497864, 0.22585007001497873, 0.2448718172405912, 0.10492033558348916, 
0.20278532252306133, 0.22600911443921598, 0.22600911443921606, 0.2421876786977214, 0.1030087699007854, 
0.19928588010506698, 0.2273211211504168, 0.22732112115041675, 0.24681234621876852, 0.09925953137533115, 
0.19997358252760014, 0.22188618760967932, 0.22188618760967926, 0.23713080537668094, 0.11912323687636024, 
0.20049250503795654, 0.22617688956704726, 0.22617688956704732, 0.24406280793478055, 0.10309090789316837, 
0.20096949719390447, 0.225550089701525, 0.225550089701525, 0.24267239800447138, 0.10525792539857429, 
0.19865851236973625, 0.22019540157260972, 0.22019540157260978, 0.23518068398876113, 0.1257700004962832, 
0.2017389310668789, 0.22583314805497828, 0.22583314805497828, 0.2426109469044136, 0.10398382591875094, 
0.1992115952864712, 0.22520832090989334, 0.22520832090989337, 0.2432964660416035, 0.10707529685213858, 
0.20128365419266878, 0.22634936868807146, 0.22634936868807146, 0.243794582265667, 0.10222302616552124, 
0.19753449937497858, 0.21718018552224685, 0.21718018552224685, 0.23084807156266726, 0.13725705801786037, 
0.2023884421907453, 0.2261876809038331, 0.22618768090383304, 0.24274902151920755, 0.10248717448238108, 
0.19962477766140552, 0.2198555914332142, 0.21985559143321423, 0.23393777714670635, 0.12672626232545967, 
0.1997188523923744, 0.2244508491361106, 0.22445084913611058, 0.2416663520439012, 0.10971309729150318, 
0.2026894746106699, 0.22611504826422904, 0.22611504826422904, 0.24243603481912895, 0.10264439404174301, 
0.19706804334362638, 0.22563070298179555, 0.22563070298179552, 0.24549460348593602, 0.10617594720684649, 
0.193335763117386, 0.21729240855954035, 0.2172924085595403, 0.2339529961102921, 0.1381264236532413, 
0.20011446640813765, 0.2234895838563187, 0.22348958385631862, 0.2397534745150437, 0.11315289136418126, 
0.20142915487288424, 0.22593970294436336, 0.22593970294436333, 0.2430128685311706, 0.10367857070721839, 
0.19643591936094773, 0.22042509339180136, 0.22042509339180136, 0.2371010208610463, 0.12561287299440319, 
0.1995292366159439, 0.22283873789080222, 0.22283873789080222, 0.23906946900525855, 0.11572381859719325, 
0.19472077908026642, 0.2175899102732292, 0.21758991027322913, 0.23349499231531193, 0.13660440805796337, 
0.19502507886397963, 0.21964269804482442, 0.21964269804482436, 0.23677165574562972, 0.1289178693007417, 
0.19475822547106847, 0.22616196155778365, 0.22616196155778368, 0.24798860861287766, 0.10492924280048653, 
0.19255386592328, 0.22388195438919117, 0.22388195438919123, 0.24565216974691395, 0.11403005555142363, 
0.19320327826580172, 0.21826478826435344, 0.21826478826435344, 0.23568438198011338, 0.1345827632253781, 
0.19995167527293076, 0.22444337681602491, 0.2244433768160249, 0.241494402874539, 0.10966716822048034, 
0.20285499924969447, 0.22524177310882224, 0.22524177310882218, 0.24083662360999017, 0.10582483092267088, 
0.19875840925872926, 0.22609672947041967, 0.2260967294704196, 0.2451167266936499, 0.10393140510678159, 
0.19454508406347623, 0.2220754135513417, 0.22207541355134167, 0.24121841192652968, 0.1200856769073107, 
0.19592948704123495, 0.22508080844698197, 0.2250808084469819, 0.24536550116430958, 0.1085433949004916, 
0.19745552554152002, 0.22345365567349065, 0.2234536556734906, 0.24154159985684684, 0.11409556325465192, 
0.19951826709064488, 0.22599444562110657, 0.22599444562110654, 0.2444295100803518, 0.10406333158679013, 
0.2018089918118247, 0.225414563290838, 0.22541456329083798, 0.24185764402188986, 0.10550423758460936, 
0.19835915263760062, 0.22644765964092284, 0.2264476596409229, 0.24599505297984403, 0.10275047510070959, 
0.19459251260536106, 0.22028676210759007, 0.2202867621075902, 0.23815947861176825, 0.12667448456769048, 
0.19411788047780595, 0.22524097683136787, 0.2252409768313679, 0.2468862037551988, 0.10851396210425955, 
0.19919314609451147, 0.2259874636334658, 0.2259874636334658, 0.2446474433077982, 0.10418448333075875, 
0.20169807796724828, 0.2259921840948286, 0.2259921840948286, 0.24290832245122268, 0.10340923139187179, 
0.19422125461611095, 0.2170172754433978, 0.21701727544339777, 0.2328761560361355, 0.13886803846095788, 
0.19951882619974484, 0.22336387677625974, 0.22336387677625985, 0.23997647509719097, 0.1137769451505447, 
0.19956624902087966, 0.22491730780475871, 0.22491730780475874, 0.24256936208804156, 0.10802977328156138, 
0.20025275093269215, 0.2252162323444801, 0.22521623234448007, 0.24260725183999018, 0.1067075325383574, 
0.19565562641228962, 0.22261472511820726, 0.22261472511820726, 0.24136642681823933, 0.11774849653305645, 
0.19793449466527505, 0.22414690351032981, 0.2241469035103299, 0.2423889763125344, 0.11138272200153079, 
0.19412188934497485, 0.21770969891611414, 0.21770969891611422, 0.23410938847347923, 0.13634932434931749, 
0.19550244810515846, 0.22341026641984899, 0.22341026641984893, 0.24282316510334717, 0.1148538539517965, 
0.19280969073398804, 0.2186242726155886, 0.21862427261558856, 0.23657237260673525, 0.1333693914280996, 
0.19701954750617906, 0.223544160044449, 0.22354416004444896, 0.2420042509227369, 0.1138878814821861, 
0.19589793429179136, 0.21857727150022843, 0.21857727150022838, 0.23436159267559764, 0.13258593003215421, 
0.2018795305048048, 0.22499739966217389, 0.22499739966217394, 0.24108995585712673, 0.10703571431372053, 
0.20032795475189233, 0.2244994113492288, 0.22449941134922885, 0.2413415152231231, 0.10933170732652689, 
0.20065572459721454, 0.22528305043235355, 0.2252830504323535, 0.24244523327649553, 0.10633294126158294, 
0.19880681308060372, 0.22501826946430528, 0.22501826946430523, 0.2432779883335941, 0.10787865965719179, 
0.19917004091871082, 0.22542833122668074, 0.22542833122668074, 0.24371760048172533, 0.10625569614620241, 
0.19959872628102326, 0.22417599628120707, 0.22417599628120716, 0.24130224057654326, 0.11074704058001925, 
0.20304215341544687, 0.22562678905126207, 0.22562678905126207, 0.24137070500140015, 0.10433356348062883, 
0.2006813673709989, 0.22599184797372693, 0.22599184797372684, 0.24362581685808024, 0.10370911982346696, 
0.2004315075131549, 0.22510599856139835, 0.2251059985613983, 0.24229668281360375, 0.10705981255044464, 
0.19982789784389085, 0.22521161496664996, 0.2252116149666499, 0.24289713742616925, 0.10685173479664019, 
0.19892709742247489, 0.22441219779523283, 0.2244121977952328, 0.24216447706246735, 0.11008402992459222, 
0.19956579514078274, 0.2237387906040332, 0.22373879060403315, 0.24058143829106893, 0.11237518536008187, 
0.19329713274523577, 0.2171397509430326, 0.21713975094303267, 0.23372256884037682, 0.13870079652832218, 
0.19624112733036464, 0.22240265279810367, 0.22240265279810362, 0.24060646178560519, 0.11834710528782288, 
0.19688371573880484, 0.22424426235120057, 0.22424426235120065, 0.2432784555549452, 0.11134930400384867, 
0.1986445271076819, 0.22638199907765263, 0.22638199907765275, 0.24568031055641174, 0.10291116418060102, 
0.19998033154233275, 0.22685470310064057, 0.22685470310064051, 0.2455694535019454, 0.10074080875444079, 
0.20300341472403907, 0.22623815582393703, 0.226238155823937, 0.2424335853179339, 0.10208668831015291, 
0.2032900768119444, 0.2247076337917895, 0.22470763379178943, 0.23963363748461883, 0.10766101811985783, 
0.20366985714337932, 0.2266412423595201, 0.22664124235952007, 0.24264713699103607, 0.10040052114654449, 
0.1964232290453091, 0.219974021864222, 0.21997402186422188, 0.23636122833183795, 0.12726749889440908, 
0.19622917542741572, 0.22599113766032838, 0.2259911376603284, 0.24669703545933588, 0.10509151379259166, 
0.19948933941980726, 0.22584280964344605, 0.22584280964344605, 0.2442043955456536, 0.10462064574764715, 
0.1982083538786265, 0.22253096569568329, 0.22253096569568326, 0.23947201184351258, 0.11725770288649436, 
0.19975005237668517, 0.22500229073164796, 0.22500229073164799, 0.24259076955826087, 0.10765459660175802, 
0.20017550082568544, 0.22513428751021222, 0.22513428751021217, 0.24252445371029976, 0.10703147044359046, 
0.20181907534594098, 0.22436393423231443, 0.22436393423231443, 0.24007588292977086, 0.1093771732596593, 
0.19915246875243756, 0.22531466794457858, 0.22531466794457863, 0.2435325770000469, 0.10668561835835816, 
0.20020960502656293, 0.2260018815259424, 0.22600188152594236, 0.24397480639194163, 0.10381182552961059, 
0.19940453839129557, 0.22305779648068982, 0.22305779648068982, 0.2395397470017296, 0.11494012164559508, 
0.1967099129409443, 0.22004152160090765, 0.2200415216009076, 0.2362861990643101, 0.12692084479293037, 
0.20049546442097962, 0.22324107588827058, 0.22324107588827058, 0.23909407988321602, 0.11392830391926317, 
0.2017626330117412, 0.22346132718685574, 0.22346132718685566, 0.23858848272183547, 0.11272622989271192, 
0.20339177605064132, 0.22573474764988477, 0.2257347476498847, 0.24131876550605466, 0.1038199631435346, 
0.20060679071185283, 0.22597216513265672, 0.22597216513265672, 0.2436492627412059, 0.1037996162816279, 
0.20230536068981797, 0.22644271879471836, 0.22644271879471836, 0.24326550300212035, 0.10154369871862502, 
0.20041985377405164, 0.2246100153565032, 0.2246100153565032, 0.24146011249574229, 0.10890000301719974, 
0.20135722061109632, 0.2259590506249501, 0.22595905062495003, 0.2430992242738672, 0.10362545386513636, 
0.19583850659899546, 0.22371602985662106, 0.2237160298566211, 0.24311764275699657, 0.1136117909307658, 
0.20262111114412784, 0.2263085630575228, 0.2263085630575228, 0.24282158771506518, 0.10194017502576136, 
0.20399194285642386, 0.22594354853913984, 0.22594354853913992, 0.24124368949224287, 0.10287727057305349, 
0.19783673686813824, 0.21996810544707857, 0.21996810544707857, 0.23536340034878184, 0.12686365188892285, 
0.20241343774803003, 0.22472344138715514, 0.22472344138715514, 0.2402724822686471, 0.1078671972090125, 
0.20171699273173416, 0.2225861417570499, 0.2225861417570499, 0.23713303472551947, 0.11597768902864651, 
0.2029997211781356, 0.22537494935709207, 0.22537494935709207, 0.2409658782217314, 0.1052845018859489, 
0.20086974791360668, 0.22342724894534086, 0.22342724894534077, 0.23912077463035072, 0.113154979565361, 
0.20318073371530573, 0.22556636480279685, 0.22556636480279685, 0.241177813469472, 0.10450872320962856, 
0.20002379351008479, 0.22701933008689015, 0.22701933008689007, 0.24581517775659825, 0.1001223685595367, 
0.2011740189167914, 0.22675286527326766, 0.2267528652732677, 0.24454567088258247, 0.1007745796540908, 
0.2007897588097247, 0.22444738138492648, 0.22444738138492654, 0.24091942965686206, 0.10939604876356011, 
0.19447821111157962, 0.21996266254254387, 0.21996266254254387, 0.2376921676171276, 0.1279042961862052, 
0.1980693663164489, 0.22534883942554776, 0.22534883942554784, 0.24433884207699708, 0.1068941127554584, 
0.19968365424842865, 0.22695096650031932, 0.2269509665003194, 0.24594452243413278, 0.1004698903167999, 
0.19878084238540183, 0.22204360873156467, 0.22204360873156467, 0.23823921471929974, 0.11889272543216918, 
0.19859786011810582, 0.2260290000067922, 0.2260290000067923, 0.2451289151153817, 0.10421522475292798, 
0.20030874734542345, 0.21976501568665457, 0.21976501568665463, 0.23332206366832878, 0.12683915761293857, 
0.20325112403043957, 0.22551421744686484, 0.2255142174468648, 0.2410416606289697, 0.10467878044686106, 
0.2023541917369968, 0.22443927014573795, 0.2244392701457379, 0.23984213805755059, 0.10892512991397679, 
0.1953462478852447, 0.22038347823722787, 0.22038347823722787, 0.2378046519844935, 0.12608214365580603, 
0.20007260617620917, 0.2255808055280475, 0.2255808055280476, 0.24335231786015787, 0.10541346490753785, 
0.19844559552406607, 0.22030430510333754, 0.2203043051033376, 0.23552216496347944, 0.12542362930577924, 
0.19996671819623155, 0.2223636359763865, 0.2223636359763865, 0.2379724268747313, 0.11733358297626414, 
0.20145038712919117, 0.22656856671420345, 0.2265685667142035, 0.24407354531350234, 0.10133893412889947, 
0.201156123644871, 0.22275016863147268, 0.22275016863147268, 0.23779904558234136, 0.11554449350984218, 
0.20024014374800647, 0.21998978482228307, 0.21998978482228293, 0.23375491213647182, 0.1260253744709556, 
0.20293629556977144, 0.22323779703164526, 0.22323779703164523, 0.23738975535003, 0.11319835501690802, 
0.20310244922181872, 0.22333134448288164, 0.22333134448288164, 0.2374352910631168, 0.1127995707493011, 
0.2026100087670453, 0.22480125859256128, 0.22480125859256125, 0.24026139463933927, 0.10752607940849289, 
0.20279051751585137, 0.22587886691743597, 0.22587886691743594, 0.24197288813457696, 0.10347886051469964, 
0.2016229067288124, 0.22515819240803572, 0.22515819240803575, 0.24155156034487513, 0.10650914811024106, 
0.2018972589081326, 0.22506409012509113, 0.22506409012509107, 0.2412057025339929, 0.10676885830769224, 
0.20200533040703092, 0.22550909374939967, 0.22550909374939967, 0.24188358610844699, 0.10509289598572287, 
0.19773957589106853, 0.2222884294916795, 0.22228842949167943, 0.23937081087348935, 0.11831275425208322, 
0.19957894661925574, 0.22677356245623603, 0.2267735624562361, 0.24570777427300544, 0.10116615419526673, 
0.19896157558291486, 0.22527507751452786, 0.22527507751452788, 0.2435939460583991, 0.10689432332963031, 
0.19918441614299198, 0.22312330630037386, 0.2231233063003738, 0.23979059825164822, 0.11477837300461213, 
0.19779268908300848, 0.21972475882664205, 0.21972475882664205, 0.23499968318995995, 0.12775811007374763, 
0.20252492444910014, 0.22640137553912226, 0.22640137553912226, 0.24302950890388492, 0.1016428155687704, 
0.2035202502421054, 0.22589627191739028, 0.22589627191739028, 0.24149648566127907, 0.1031907202618349, 
0.20393521364091788, 0.22603128316109664, 0.22603128316109675, 0.24143469802233097, 0.10256752201455765, 
0.20199271790990264, 0.22420523618998914, 0.22420523618998914, 0.23968966097131822, 0.10990714873880086, 
0.19728563559458315, 0.2228327661923602, 0.22283276619236012, 0.2406164097241965, 0.11643242229649998, 
