
0.14285714285714285, 0.14285714285714285, 0.14285714285714285, 0.14285714285714285, 0.14285714285714285, 0.14285714285714285, 0.14285714285714285, 
0.14285714285714288, 0.14285714285714288, 0.14285714285714288, 0.14285714285714288, 0.14285714285714288, 0.14285714285714288, 0.14285714285714288, 
0.14285714285714288, 0.14285714285714288, 0.14285714285714288, 0.14285714285714288, 0.14285714285714288, 0.14285714285714288, 0.14285714285714288, 
0.14285714285714285, 0.14285714285714285, 0.14285714285714285, 0.14285714285714285, 0.14285714285714285, 0.14285714285714285, 0.14285714285714285, 
0.14285714285714285, 0.14285714285714285, 0.14285714285714285, 0.14285714285714285, 0.14285714285714285, 0.14285714285714285, 0.14285714285714285, 
0.14285714285714285, 0.14285714285714285, 0.14285714285714285, 0.14285714285714285, 0.14285714285714285, 0.14285714285714285, 0.14285714285714285, 
0.14285714285714288, 0.14285714285714288, 0.14285714285714288, 0.14285714285714288, 0.14285714285714288, 0.14285714285714288, 0.14285714285714288, 
0.14285714285714285, 0.14285714285714285, 0.14285714285714285, 0.14285714285714285, 0.14285714285714285, 0.14285714285714285, 0.14285714285714285, 
0.14285714285714288, 0.14285714285714288, 0.14285714285714288, 0.14285714285714288, 0.14285714285714288, 0.14285714285714288, 0.14285714285714288, 
0.14285714285714288, 0.14285714285714288, 0.14285714285714288, 0.14285714285714288, 0.14285714285714288, 0.14285714285714288, 0.14285714285714288, 
0.14285714285714288, 0.14285714285714288, 0.14285714285714288, 0.14285714285714288, 0.14285714285714288, 0.14285714285714288, 0.14285714285714288, 
0.132101434240071, 0.132101434240071, 0.132101434240071, 0.20739139455957398, 0.132101434240071, 0.132101434240071, 0.132101434240071, 
0.13209872811468773, 0.13209872811468773, 0.13209872811468773, 0.20740763131187367, 0.13209872811468773, 0.13209872811468773, 0.13209872811468773, 
0.1323599186541355, 0.1323599186541355, 0.1323599186541355, 0.2058404880751871, 0.1323599186541355, 0.1323599186541355, 0.1323599186541355, 
0.1311582229861736, 0.1311582229861736, 0.1311582229861736, 0.2130506620829583, 0.1311582229861736, 0.1311582229861736, 0.1311582229861736, 
0.13269839966789887, 0.13269839966789887, 0.13269839966789887, 0.20380960199260667, 0.13269839966789887, 0.13269839966789887, 0.13269839966789887, 
0.13158764602054587, 0.13158764602054587, 0.13158764602054587, 0.21047412387672457, 0.13158764602054587, 0.13158764602054587, 0.13158764602054587, 
0.1333931195228783, 0.1333931195228783, 0.1333931195228783, 0.1996412828627305, 0.1333931195228783, 0.1333931195228783, 0.1333931195228783, 
0.13409361891622723, 0.13409361891622723, 0.13409361891622723, 0.1954382865026364, 0.13409361891622723, 0.13409361891622723, 0.13409361891622723, 
0.13460841511064625, 0.13460841511064625, 0.13460841511064625, 0.19234950933612263, 0.13460841511064625, 0.13460841511064625, 0.13460841511064625, 
0.13385161889634786, 0.13385161889634786, 0.13385161889634786, 0.19689028662191269, 0.13385161889634786, 0.13385161889634786, 0.13385161889634786, 
0.13288326536550898, 0.13288326536550898, 0.13288326536550898, 0.20270040780694604, 0.13288326536550898, 0.13288326536550898, 0.13288326536550898, 
0.13343769855270496, 0.13343769855270496, 0.13343769855270496, 0.1993738086837702, 0.13343769855270496, 0.13343769855270496, 0.13343769855270496, 
0.13375170266374597, 0.13375170266374597, 0.13375170266374597, 0.1974897840175243, 0.13375170266374597, 0.13375170266374597, 0.13375170266374597, 
0.1336771296078326, 0.1336771296078326, 0.1336771296078326, 0.1979372223530045, 0.1336771296078326, 0.1336771296078326, 0.1336771296078326, 
0.13377889619373107, 0.13377889619373107, 0.13377889619373107, 0.19732662283761354, 0.13377889619373107, 0.13377889619373107, 0.13377889619373107, 
0.13295307183215999, 0.13295307183215999, 0.13295307183215999, 0.2022815690070401, 0.13295307183215999, 0.13295307183215999, 0.13295307183215999, 
0.13397704043688424, 0.13397704043688424, 0.13397704043688424, 0.1961377573786945, 0.13397704043688424, 0.13397704043688424, 0.13397704043688424, 
0.13271545736986137, 0.13271545736986137, 0.13271545736986137, 0.2037072557808318, 0.13271545736986137, 0.13271545736986137, 0.13271545736986137, 
0.13342779516037384, 0.13342779516037384, 0.13342779516037384, 0.19943322903775676, 0.13342779516037384, 0.13342779516037384, 0.13342779516037384, 
0.13389561893875923, 0.13389561893875923, 0.13389561893875923, 0.19662628636744456, 0.13389561893875923, 0.13389561893875923, 0.13389561893875923, 
0.1349780023827147, 0.1349780023827147, 0.1349780023827147, 0.19013198570371173, 0.1349780023827147, 0.1349780023827147, 0.1349780023827147, 
0.1310405354490577, 0.1310405354490577, 0.1310405354490577, 0.21375678730565395, 0.1310405354490577, 0.1310405354490577, 0.1310405354490577, 
0.1318648209931121, 0.1318648209931121, 0.1318648209931121, 0.2088110740413276, 0.1318648209931121, 0.1318648209931121, 0.1318648209931121, 
0.13354499942798442, 0.13354499942798442, 0.13354499942798442, 0.19873000343209354, 0.13354499942798442, 0.13354499942798442, 0.13354499942798442, 
0.13252900668614243, 0.13252900668614243, 0.13252900668614243, 0.20482595988314548, 0.13252900668614243, 0.13252900668614243, 0.13252900668614243, 
0.12946044012433902, 0.12946044012433902, 0.12946044012433902, 0.22323735925396582, 0.12946044012433902, 0.12946044012433902, 0.12946044012433902, 
0.13355786513505016, 0.13355786513505016, 0.13355786513505016, 0.1986528091896991, 0.13355786513505016, 0.13355786513505016, 0.13355786513505016, 
0.133623456700609, 0.133623456700609, 0.133623456700609, 0.19825925979634615, 0.133623456700609, 0.133623456700609, 0.133623456700609, 
0.13448541905058883, 0.13448541905058883, 0.13448541905058883, 0.19308748569646692, 0.13448541905058883, 0.13448541905058883, 0.13448541905058883, 
0.13451385152297457, 0.13451385152297457, 0.13451385152297457, 0.19291689086215286, 0.13451385152297457, 0.13451385152297457, 0.13451385152297457, 
0.13308051128677315, 0.13308051128677315, 0.13308051128677315, 0.20151693227936116, 0.13308051128677315, 0.13308051128677315, 0.13308051128677315, 
0.13335094330056751, 0.13335094330056751, 0.13335094330056751, 0.19989434019659497, 0.13335094330056751, 0.13335094330056751, 0.13335094330056751, 
0.12892652601984803, 0.12892652601984803, 0.12892652601984803, 0.2264408438809119, 0.12892652601984803, 0.12892652601984803, 0.12892652601984803, 
0.133265754174961, 0.133265754174961, 0.133265754174961, 0.20040547495023403, 0.133265754174961, 0.133265754174961, 0.133265754174961, 
0.1345247689787796, 0.1345247689787796, 0.1345247689787796, 0.19285138612732253, 0.1345247689787796, 0.1345247689787796, 0.1345247689787796, 
0.13450979596848295, 0.13450979596848295, 0.13450979596848295, 0.19294122418910228, 0.13450979596848295, 0.13450979596848295, 0.13450979596848295, 
0.131471587979797, 0.131471587979797, 0.131471587979797, 0.21117047212121806, 0.131471587979797, 0.131471587979797, 0.131471587979797, 
0.1326612283882214, 0.1326612283882214, 0.1326612283882214, 0.2040326296706718, 0.1326612283882214, 0.1326612283882214, 0.1326612283882214, 
0.13352518761330912, 0.13352518761330912, 0.13352518761330912, 0.1988488743201453, 0.13352518761330912, 0.13352518761330912, 0.13352518761330912, 
0.13214435853698717, 0.13214435853698717, 0.13214435853698717, 0.207133848778077, 0.13214435853698717, 0.13214435853698717, 0.13214435853698717, 
0.13132248425671725, 0.13132248425671725, 0.13132248425671725, 0.21206509445969643, 0.13132248425671725, 0.13132248425671725, 0.13132248425671725, 
0.13129697188279868, 0.13129697188279868, 0.13129697188279868, 0.21221816870320787, 0.13129697188279868, 0.13129697188279868, 0.13129697188279868, 
0.1334524817591219, 0.1334524817591219, 0.1334524817591219, 0.19928510944526864, 0.1334524817591219, 0.1334524817591219, 0.1334524817591219, 
0.1322440486091725, 0.1322440486091725, 0.1322440486091725, 0.20653570834496504, 0.1322440486091725, 0.1322440486091725, 0.1322440486091725, 
0.13093482607238116, 0.13093482607238116, 0.13093482607238116, 0.21439104356571304, 0.13093482607238116, 0.13093482607238116, 0.13093482607238116, 
0.13153498638089456, 0.13153498638089456, 0.13153498638089456, 0.21079008171463268, 0.13153498638089456, 0.13153498638089456, 0.13153498638089456, 
0.13030360588938525, 0.13030360588938525, 0.13030360588938525, 0.21817836466368845, 0.13030360588938525, 0.13030360588938525, 0.13030360588938525, 
0.13319963839194182, 0.13319963839194182, 0.13319963839194182, 0.2008021696483491, 0.13319963839194182, 0.13319963839194182, 0.13319963839194182, 
0.1325686522571052, 0.1325686522571052, 0.1325686522571052, 0.20458808645736865, 0.1325686522571052, 0.1325686522571052, 0.1325686522571052, 
0.13491765365038164, 0.13491765365038164, 0.13491765365038164, 0.19049407809771002, 0.13491765365038164, 0.13491765365038164, 0.13491765365038164, 
0.13429757813040732, 0.13429757813040732, 0.13429757813040732, 0.1942145312175562, 0.13429757813040732, 0.13429757813040732, 0.13429757813040732, 
0.1285116205145827, 0.1285116205145827, 0.1285116205145827, 0.22893027691250362, 0.1285116205145827, 0.1285116205145827, 0.1285116205145827, 
0.13100530846973607, 0.13100530846973607, 0.13100530846973607, 0.21396814918158366, 0.13100530846973607, 0.13100530846973607, 0.13100530846973607, 
0.13135619031329407, 0.13135619031329407, 0.13135619031329407, 0.21186285812023564, 0.13135619031329407, 0.13135619031329407, 0.13135619031329407, 
0.13398669949596226, 0.13398669949596226, 0.13398669949596226, 0.19607980302422676, 0.13398669949596226, 0.13398669949596226, 0.13398669949596226, 
0.13446771698827528, 0.13446771698827528, 0.13446771698827528, 0.19319369807034836, 0.13446771698827528, 0.13446771698827528, 0.13446771698827528, 
0.13255585740523546, 0.13255585740523546, 0.13255585740523546, 0.20466485556858727, 0.13255585740523546, 0.13255585740523546, 0.13255585740523546, 
0.1330407280421409, 0.1330407280421409, 0.1330407280421409, 0.20175563174715447, 0.1330407280421409, 0.1330407280421409, 0.1330407280421409, 
0.1322397716835486, 0.1322397716835486, 0.1322397716835486, 0.20656136989870832, 0.1322397716835486, 0.1322397716835486, 0.1322397716835486, 
0.12778130184785846, 0.12778130184785846, 0.12778130184785846, 0.23331218891284913, 0.12778130184785846, 0.12778130184785846, 0.12778130184785846, 
0.1276278737120332, 0.1276278737120332, 0.1276278737120332, 0.23423275772780078, 0.1276278737120332, 0.1276278737120332, 0.1276278737120332, 
0.13023231314140613, 0.13023231314140613, 0.13023231314140613, 0.21860612115156333, 0.13023231314140613, 0.13023231314140613, 0.13023231314140613, 
0.13186395871942846, 0.13186395871942846, 0.13186395871942846, 0.2088162476834292, 0.13186395871942846, 0.13186395871942846, 0.13186395871942846, 
0.1313981457087257, 0.1313981457087257, 0.1313981457087257, 0.2116111257476457, 0.1313981457087257, 0.1313981457087257, 0.1313981457087257, 
0.12732337275279482, 0.12732337275279482, 0.12732337275279482, 0.23605976348323118, 0.12732337275279482, 0.12732337275279482, 0.12732337275279482, 
0.1275740800801398, 0.1275740800801398, 0.1275740800801398, 0.23455551951916095, 0.1275740800801398, 0.1275740800801398, 0.1275740800801398, 
0.13051378316369952, 0.13051378316369952, 0.13051378316369952, 0.21691730101780293, 0.13051378316369952, 0.13051378316369952, 0.13051378316369952, 
0.12791995750553792, 0.12791995750553792, 0.12791995750553792, 0.23248025496677233, 0.12791995750553792, 0.12791995750553792, 0.12791995750553792, 
0.12917300878834503, 0.12917300878834503, 0.12917300878834503, 0.22496194726992963, 0.12917300878834503, 0.12917300878834503, 0.12917300878834503, 
0.1301910849988751, 0.1301910849988751, 0.1301910849988751, 0.21885349000674925, 0.1301910849988751, 0.1301910849988751, 0.1301910849988751, 
0.12640050778916156, 0.12640050778916156, 0.12640050778916156, 0.24159695326503047, 0.12640050778916156, 0.12640050778916156, 0.12640050778916156, 
0.12884611981037994, 0.12884611981037994, 0.12884611981037994, 0.2269232811377206, 0.12884611981037994, 0.12884611981037994, 0.12884611981037994, 
0.1271102874492269, 0.1271102874492269, 0.1271102874492269, 0.2373382753046386, 0.1271102874492269, 0.1271102874492269, 0.1271102874492269, 
0.12749823481690076, 0.12749823481690076, 0.12749823481690076, 0.23501059109859557, 0.12749823481690076, 0.12749823481690076, 0.12749823481690076, 
0.1295905760770031, 0.1295905760770031, 0.1295905760770031, 0.22245654353798122, 0.1295905760770031, 0.1295905760770031, 0.1295905760770031, 
0.12826039559232116, 0.12826039559232116, 0.12826039559232116, 0.23043762644607318, 0.12826039559232116, 0.12826039559232116, 0.12826039559232116, 
0.12569466295718826, 0.12569466295718826, 0.12569466295718826, 0.24583202225687042, 0.12569466295718826, 0.12569466295718826, 0.12569466295718826, 
0.12748371850163, 0.12748371850163, 0.12748371850163, 0.23509768899021977, 0.12748371850163, 0.12748371850163, 0.12748371850163, 
0.12882762102230166, 0.12882762102230166, 0.12882762102230166, 0.22703427386618985, 0.12882762102230166, 0.12882762102230166, 0.12882762102230166, 
0.12932012562229156, 0.12932012562229156, 0.12932012562229156, 0.22407924626625073, 0.12932012562229156, 0.12932012562229156, 0.12932012562229156, 
0.12825328648597434, 0.12825328648597434, 0.12825328648597434, 0.23048028108415394, 0.12825328648597434, 0.12825328648597434, 0.12825328648597434, 
0.12661095216939386, 0.12661095216939386, 0.12661095216939386, 0.24033428698363687, 0.12661095216939386, 0.12661095216939386, 0.12661095216939386, 
0.12305585047685062, 0.12305585047685062, 0.12305585047685062, 0.26166489713889635, 0.12305585047685062, 0.12305585047685062, 0.12305585047685062, 
0.12726099615644257, 0.12726099615644257, 0.12726099615644257, 0.23643402306134467, 0.12726099615644257, 0.12726099615644257, 0.12726099615644257, 
0.1272423135079199, 0.1272423135079199, 0.1272423135079199, 0.2365461189524807, 0.1272423135079199, 0.1272423135079199, 0.1272423135079199, 
0.12861014878239477, 0.12861014878239477, 0.12861014878239477, 0.22833910730563137, 0.12861014878239477, 0.12861014878239477, 0.12861014878239477, 
0.12692816832317194, 0.12692816832317194, 0.12692816832317194, 0.2384309900609684, 0.12692816832317194, 0.12692816832317194, 0.12692816832317194, 
0.13005997899259097, 0.13005997899259097, 0.13005997899259097, 0.2196401260444542, 0.13005997899259097, 0.13005997899259097, 0.13005997899259097, 
0.12790051451706616, 0.12790051451706616, 0.12790051451706616, 0.23259691289760312, 0.12790051451706616, 0.12790051451706616, 0.12790051451706616, 
0.12657944760787118, 0.12657944760787118, 0.12657944760787118, 0.24052331435277285, 0.12657944760787118, 0.12657944760787118, 0.12657944760787118, 
0.12913809196626277, 0.12913809196626277, 0.12913809196626277, 0.22517144820242335, 0.12913809196626277, 0.12913809196626277, 0.12913809196626277, 
0.12457156174928796, 0.12457156174928796, 0.12457156174928796, 0.25257062950427217, 0.12457156174928796, 0.12457156174928796, 0.12457156174928796, 
0.1233288871981824, 0.1233288871981824, 0.1233288871981824, 0.26002667681090574, 0.1233288871981824, 0.1233288871981824, 0.1233288871981824, 
0.1264365594282775, 0.1264365594282775, 0.1264365594282775, 0.24138064343033477, 0.1264365594282775, 0.1264365594282775, 0.1264365594282775, 
0.12547911915428708, 0.12547911915428708, 0.12547911915428708, 0.24712528507427756, 0.12547911915428708, 0.12547911915428708, 0.12547911915428708, 
0.12676029567928782, 0.12676029567928782, 0.12676029567928782, 0.23943822592427288, 0.12676029567928782, 0.12676029567928782, 0.12676029567928782, 
0.12574205636055777, 0.12574205636055777, 0.12574205636055777, 0.24554766183665344, 0.12574205636055777, 0.12574205636055777, 0.12574205636055777, 
0.1284119533214899, 0.1284119533214899, 0.1284119533214899, 0.22952828007106046, 0.1284119533214899, 0.1284119533214899, 0.1284119533214899, 
0.12181636160064006, 0.12181636160064006, 0.12181636160064006, 0.26910183039615954, 0.12181636160064006, 0.12181636160064006, 0.12181636160064006, 
0.12636093451971495, 0.12636093451971495, 0.12636093451971495, 0.2418343928817103, 0.12636093451971495, 0.12636093451971495, 0.12636093451971495, 
0.12349188707946518, 0.12349188707946518, 0.12349188707946518, 0.259048677523209, 0.12349188707946518, 0.12349188707946518, 0.12349188707946518, 
0.12627770912476327, 0.12627770912476327, 0.12627770912476327, 0.24233374525142035, 0.12627770912476327, 0.12627770912476327, 0.12627770912476327, 
0.12885718559094408, 0.12885718559094408, 0.12885718559094408, 0.2268568864543354, 0.12885718559094408, 0.12885718559094408, 0.12885718559094408, 
0.12496932630789538, 0.12496932630789538, 0.12496932630789538, 0.2501840421526278, 0.12496932630789538, 0.12496932630789538, 0.12496932630789538, 
0.12731422863738323, 0.12731422863738323, 0.12731422863738323, 0.2361146281757007, 0.12731422863738323, 0.12731422863738323, 0.12731422863738323, 
0.1261859024032453, 0.1261859024032453, 0.1261859024032453, 0.24288458558052833, 0.1261859024032453, 0.1261859024032453, 0.1261859024032453, 
0.1280030659360534, 0.1280030659360534, 0.1280030659360534, 0.23198160438367968, 0.1280030659360534, 0.1280030659360534, 0.1280030659360534, 
0.1274833214829491, 0.1274833214829491, 0.1274833214829491, 0.23510007110230538, 0.1274833214829491, 0.1274833214829491, 0.1274833214829491, 
0.12457467803878543, 0.12457467803878543, 0.12457467803878543, 0.25255193176728746, 0.12457467803878543, 0.12457467803878543, 0.12457467803878543, 
0.12828151351806397, 0.12828151351806397, 0.12828151351806397, 0.2303109188916162, 0.12828151351806397, 0.12828151351806397, 0.12828151351806397, 
0.1301659238248236, 0.1301659238248236, 0.1301659238248236, 0.21900445705105848, 0.1301659238248236, 0.1301659238248236, 0.1301659238248236, 
0.12879822781997952, 0.12879822781997952, 0.12879822781997952, 0.2272106330801229, 0.12879822781997952, 0.12879822781997952, 0.12879822781997952, 
0.1271865733689493, 0.1271865733689493, 0.1271865733689493, 0.2368805597863041, 0.1271865733689493, 0.1271865733689493, 0.1271865733689493, 
0.12392741895829433, 0.12392741895829433, 0.12392741895829433, 0.256435486250234, 0.12392741895829433, 0.12392741895829433, 0.12392741895829433, 
0.12511767399608328, 0.12511767399608328, 0.12511767399608328, 0.24929395602350055, 0.12511767399608328, 0.12511767399608328, 0.12511767399608328, 
0.12749408972476095, 0.12749408972476095, 0.12749408972476095, 0.2350354616514342, 0.12749408972476095, 0.12749408972476095, 0.12749408972476095, 
0.1232014497593233, 0.1232014497593233, 0.1232014497593233, 0.2607913014440601, 0.1232014497593233, 0.1232014497593233, 0.1232014497593233, 
0.1258935993918844, 0.1258935993918844, 0.1258935993918844, 0.24463840364869366, 0.1258935993918844, 0.1258935993918844, 0.1258935993918844, 
0.1254269218603955, 0.1254269218603955, 0.1254269218603955, 0.24743846883762716, 0.1254269218603955, 0.1254269218603955, 0.1254269218603955, 
0.12438605463169111, 0.12438605463169111, 0.12438605463169111, 0.2536836722098534, 0.12438605463169111, 0.12438605463169111, 0.12438605463169111, 
0.1295710347052892, 0.1295710347052892, 0.1295710347052892, 0.22257379176826497, 0.1295710347052892, 0.1295710347052892, 0.1295710347052892, 
0.12868493511212106, 0.12868493511212106, 0.12868493511212106, 0.22789038932727382, 0.12868493511212106, 0.12868493511212106, 0.12868493511212106, 
0.12788500973943237, 0.12788500973943237, 0.12788500973943237, 0.23268994156340586, 0.12788500973943237, 0.12788500973943237, 0.12788500973943237, 
0.12980953003866352, 0.12980953003866352, 0.12980953003866352, 0.2211428197680187, 0.12980953003866352, 0.12980953003866352, 0.12980953003866352, 
0.12687479411238411, 0.12687479411238411, 0.12687479411238411, 0.23875123532569528, 0.12687479411238411, 0.12687479411238411, 0.12687479411238411, 
0.12746015557323717, 0.12746015557323717, 0.12746015557323717, 0.235239066560577, 0.12746015557323717, 0.12746015557323717, 0.12746015557323717, 
0.12353055673808196, 0.12353055673808196, 0.12353055673808196, 0.25881665957150835, 0.12353055673808196, 0.12353055673808196, 0.12353055673808196, 
0.12618673445019216, 0.12618673445019216, 0.12618673445019216, 0.24287959329884698, 0.12618673445019216, 0.12618673445019216, 0.12618673445019216, 
0.12199580895094249, 0.12199580895094249, 0.12199580895094249, 0.268025146294345, 0.12199580895094249, 0.12199580895094249, 0.12199580895094249, 
0.12519332152012566, 0.12519332152012566, 0.12519332152012566, 0.24884007087924612, 0.12519332152012566, 0.12519332152012566, 0.12519332152012566, 
0.12573144338323108, 0.12573144338323108, 0.12573144338323108, 0.2456113397006135, 0.12573144338323108, 0.12573144338323108, 0.12573144338323108, 
0.12440483603088585, 0.12440483603088585, 0.12440483603088585, 0.2535709838146848, 0.12440483603088585, 0.12440483603088585, 0.12440483603088585, 
0.12278608442678961, 0.12278608442678961, 0.12278608442678961, 0.26328349343926255, 0.12278608442678961, 0.12278608442678961, 0.12278608442678961, 
0.12567065866056976, 0.12567065866056976, 0.12567065866056976, 0.2459760480365816, 0.12567065866056976, 0.12567065866056976, 0.12567065866056976, 
0.12673156191487395, 0.12673156191487395, 0.12673156191487395, 0.23961062851075635, 0.12673156191487395, 0.12673156191487395, 0.12673156191487395, 
0.12904191979863242, 0.12904191979863242, 0.12904191979863242, 0.22574848120820554, 0.12904191979863242, 0.12904191979863242, 0.12904191979863242, 
0.1267360514826701, 0.1267360514826701, 0.1267360514826701, 0.23958369110397948, 0.1267360514826701, 0.1267360514826701, 0.1267360514826701, 
0.12211393364550753, 0.12211393364550753, 0.12211393364550753, 0.26731639812695496, 0.12211393364550753, 0.12211393364550753, 0.12211393364550753, 
0.12312113241860641, 0.12312113241860641, 0.12312113241860641, 0.26127320548836164, 0.12312113241860641, 0.12312113241860641, 0.12312113241860641, 
0.12520464426162903, 0.12520464426162903, 0.12520464426162903, 0.2487721344302259, 0.12520464426162903, 0.12520464426162903, 0.12520464426162903, 
0.1267086260201182, 0.1267086260201182, 0.1267086260201182, 0.23974824387929072, 0.1267086260201182, 0.1267086260201182, 0.1267086260201182, 
0.12503555349293843, 0.12503555349293843, 0.12503555349293843, 0.24978667904236937, 0.12503555349293843, 0.12503555349293843, 0.12503555349293843, 
0.1281227114125922, 0.1281227114125922, 0.1281227114125922, 0.23126373152444668, 0.1281227114125922, 0.1281227114125922, 0.1281227114125922, 
0.1290989696776932, 0.1290989696776932, 0.1290989696776932, 0.2254061819338406, 0.1290989696776932, 0.1290989696776932, 0.1290989696776932, 
0.1261449068961695, 0.1261449068961695, 0.1261449068961695, 0.24313055862298313, 0.1261449068961695, 0.1261449068961695, 0.1261449068961695, 
0.1264011237522892, 0.1264011237522892, 0.1264011237522892, 0.2415932574862646, 0.1264011237522892, 0.1264011237522892, 0.1264011237522892, 
0.12562161770466557, 0.12562161770466557, 0.12562161770466557, 0.2462702937720066, 0.12562161770466557, 0.12562161770466557, 0.12562161770466557, 
0.126382571588964, 0.126382571588964, 0.126382571588964, 0.24170457046621627, 0.126382571588964, 0.126382571588964, 0.126382571588964, 
0.12907463510709657, 0.12907463510709657, 0.12907463510709657, 0.2255521893574205, 0.12907463510709657, 0.12907463510709657, 0.12907463510709657, 
0.12536398122793901, 0.12536398122793901, 0.12536398122793901, 0.24781611263236591, 0.12536398122793901, 0.12536398122793901, 0.12536398122793901, 
0.124940396369011, 0.124940396369011, 0.124940396369011, 0.2503576217859339, 0.124940396369011, 0.124940396369011, 0.124940396369011, 
0.12945795143743002, 0.12945795143743002, 0.12945795143743002, 0.2232522913754199, 0.12945795143743002, 0.12945795143743002, 0.12945795143743002, 
0.12789936885156408, 0.12789936885156408, 0.12789936885156408, 0.2326037868906156, 0.12789936885156408, 0.12789936885156408, 0.12789936885156408, 
0.12718260050061567, 0.12718260050061567, 0.12718260050061567, 0.23690439699630592, 0.12718260050061567, 0.12718260050061567, 0.12718260050061567, 
0.12848896649035768, 0.12848896649035768, 0.12848896649035768, 0.22906620105785377, 0.12848896649035768, 0.12848896649035768, 0.12848896649035768, 
0.1269477638755348, 0.1269477638755348, 0.1269477638755348, 0.23831341674679107, 0.1269477638755348, 0.1269477638755348, 0.1269477638755348, 
0.12738090752318232, 0.12738090752318232, 0.12738090752318232, 0.23571455486090617, 0.12738090752318232, 0.12738090752318232, 0.12738090752318232, 
0.12895493350311024, 0.12895493350311024, 0.12895493350311024, 0.22627039898133872, 0.12895493350311024, 0.12895493350311024, 0.12895493350311024, 
0.12826941179138096, 0.12826941179138096, 0.12826941179138096, 0.23038352925171407, 0.12826941179138096, 0.12826941179138096, 0.12826941179138096, 
0.1289061753474969, 0.1289061753474969, 0.1289061753474969, 0.2265629479150186, 0.1289061753474969, 0.1289061753474969, 0.1289061753474969, 
0.12744401730359117, 0.12744401730359117, 0.12744401730359117, 0.235335896178453, 0.12744401730359117, 0.12744401730359117, 0.12744401730359117, 
0.1300055715525492, 0.1300055715525492, 0.1300055715525492, 0.21996657068470468, 0.1300055715525492, 0.1300055715525492, 0.1300055715525492, 
0.1283122208205089, 0.1283122208205089, 0.1283122208205089, 0.23012667507694692, 0.1283122208205089, 0.1283122208205089, 0.1283122208205089, 
0.12125807119741405, 0.12125807119741405, 0.12125807119741405, 0.27245157281551585, 0.12125807119741405, 0.12125807119741405, 0.12125807119741405, 
0.12379068140036598, 0.12379068140036598, 0.12379068140036598, 0.25725591159780403, 0.12379068140036598, 0.12379068140036598, 0.12379068140036598, 
0.1206510289993471, 0.1206510289993471, 0.1206510289993471, 0.27609382600391735, 0.1206510289993471, 0.1206510289993471, 0.1206510289993471, 
0.1239305239991349, 0.1239305239991349, 0.1239305239991349, 0.2564168560051907, 0.1239305239991349, 0.1239305239991349, 0.1239305239991349, 
0.1260241995707036, 0.1260241995707036, 0.1260241995707036, 0.24385480257577866, 0.1260241995707036, 0.1260241995707036, 0.1260241995707036, 
0.12757400495114443, 0.12757400495114443, 0.12757400495114443, 0.23455597029313358, 0.12757400495114443, 0.12757400495114443, 0.12757400495114443, 
0.12306092248769537, 0.12306092248769537, 0.12306092248769537, 0.26163446507382776, 0.12306092248769537, 0.12306092248769537, 0.12306092248769537, 
0.1262987110759936, 0.1262987110759936, 0.1262987110759936, 0.24220773354403816, 0.1262987110759936, 0.1262987110759936, 0.1262987110759936, 
0.1263470537998957, 0.1263470537998957, 0.1263470537998957, 0.24191767720062593, 0.1263470537998957, 0.1263470537998957, 0.1263470537998957, 
0.12242624388300702, 0.12242624388300702, 0.12242624388300702, 0.2654425367019579, 0.12242624388300702, 0.12242624388300702, 0.12242624388300702, 
0.12959535444154088, 0.12959535444154088, 0.12959535444154088, 0.22242787335075467, 0.12959535444154088, 0.12959535444154088, 0.12959535444154088, 
0.12564378071919685, 0.12564378071919685, 0.12564378071919685, 0.246137315684819, 0.12564378071919685, 0.12564378071919685, 0.12564378071919685, 
0.1238294414619706, 0.1238294414619706, 0.1238294414619706, 0.2570233512281764, 0.1238294414619706, 0.1238294414619706, 0.1238294414619706, 
0.12268251696721556, 0.12268251696721556, 0.12268251696721556, 0.26390489819670676, 0.12268251696721556, 0.12268251696721556, 0.12268251696721556, 
0.1258556985261942, 0.1258556985261942, 0.1258556985261942, 0.24486580884283496, 0.1258556985261942, 0.1258556985261942, 0.1258556985261942, 
0.12427818811212658, 0.12427818811212658, 0.12427818811212658, 0.25433087132724047, 0.12427818811212658, 0.12427818811212658, 0.12427818811212658, 
0.12485409163785838, 0.12485409163785838, 0.12485409163785838, 0.25087545017284957, 0.12485409163785838, 0.12485409163785838, 0.12485409163785838, 
0.12676590690167733, 0.12676590690167733, 0.12676590690167733, 0.23940455858993598, 0.12676590690167733, 0.12676590690167733, 0.12676590690167733, 
0.12694336512239288, 0.12694336512239288, 0.12694336512239288, 0.23833980926564297, 0.12694336512239288, 0.12694336512239288, 0.12694336512239288, 
0.12443114549942716, 0.12443114549942716, 0.12443114549942716, 0.2534131270034369, 0.12443114549942716, 0.12443114549942716, 0.12443114549942716, 
0.12821504830072616, 0.12821504830072616, 0.12821504830072616, 0.23070971019564285, 0.12821504830072616, 0.12821504830072616, 0.12821504830072616, 
0.12385435768690284, 0.12385435768690284, 0.12385435768690284, 0.2568738538785831, 0.12385435768690284, 0.12385435768690284, 0.12385435768690284, 
0.12503602095663913, 0.12503602095663913, 0.12503602095663913, 0.24978387426016527, 0.12503602095663913, 0.12503602095663913, 0.12503602095663913, 
0.12417193177954831, 0.12417193177954831, 0.12417193177954831, 0.25496840932271037, 0.12417193177954831, 0.12417193177954831, 0.12417193177954831, 
0.1261966490471357, 0.1261966490471357, 0.1261966490471357, 0.2428201057171858, 0.1261966490471357, 0.1261966490471357, 0.1261966490471357, 
0.12329859664864487, 0.12329859664864487, 0.12329859664864487, 0.26020842010813083, 0.12329859664864487, 0.12329859664864487, 0.12329859664864487, 
0.1224756563671044, 0.1224756563671044, 0.1224756563671044, 0.2651460617973737, 0.1224756563671044, 0.1224756563671044, 0.1224756563671044, 
0.12371601439301139, 0.12371601439301139, 0.12371601439301139, 0.25770391364193174, 0.12371601439301139, 0.12371601439301139, 0.12371601439301139, 
0.1255153898034912, 0.1255153898034912, 0.1255153898034912, 0.24690766117905277, 0.1255153898034912, 0.1255153898034912, 0.1255153898034912, 
0.12734036222999728, 0.12734036222999728, 0.12734036222999728, 0.23595782662001633, 0.12734036222999728, 0.12734036222999728, 0.12734036222999728, 
0.1255988054592213, 0.1255988054592213, 0.1255988054592213, 0.24640716724467213, 0.1255988054592213, 0.1255988054592213, 0.1255988054592213, 
0.12329075717170206, 0.12329075717170206, 0.12329075717170206, 0.2602554569697877, 0.12329075717170206, 0.12329075717170206, 0.12329075717170206, 
0.12334013889953585, 0.12334013889953585, 0.12334013889953585, 0.25995916660278495, 0.12334013889953585, 0.12334013889953585, 0.12334013889953585, 
0.12298083391413094, 0.12298083391413094, 0.12298083391413094, 0.2621149965152146, 0.12298083391413094, 0.12298083391413094, 0.12298083391413094, 
0.1275599712144282, 0.1275599712144282, 0.1275599712144282, 0.234640172713431, 0.1275599712144282, 0.1275599712144282, 0.1275599712144282, 
0.12566572443533075, 0.12566572443533075, 0.12566572443533075, 0.2460056533880155, 0.12566572443533075, 0.12566572443533075, 0.12566572443533075, 
0.12621122104001442, 0.12621122104001442, 0.12621122104001442, 0.2427326737599136, 0.12621122104001442, 0.12621122104001442, 0.12621122104001442, 
0.12921530643614176, 0.12921530643614176, 0.12921530643614176, 0.2247081613831494, 0.12921530643614176, 0.12921530643614176, 0.12921530643614176, 
0.1254407750152579, 0.1254407750152579, 0.1254407750152579, 0.24735534990845254, 0.1254407750152579, 0.1254407750152579, 0.1254407750152579, 
0.12513079603057856, 0.12513079603057856, 0.12513079603057856, 0.2492152238165284, 0.12513079603057856, 0.12513079603057856, 0.12513079603057856, 
0.12577270496225187, 0.12577270496225187, 0.12577270496225187, 0.2453637702264886, 0.12577270496225187, 0.12577270496225187, 0.12577270496225187, 
0.12643463996186072, 0.12643463996186072, 0.12643463996186072, 0.24139216022883558, 0.12643463996186072, 0.12643463996186072, 0.12643463996186072, 
0.12788849557904514, 0.12788849557904514, 0.12788849557904514, 0.23266902652572918, 0.12788849557904514, 0.12788849557904514, 0.12788849557904514, 
0.12544589694312225, 0.12544589694312225, 0.12544589694312225, 0.24732461834126654, 0.12544589694312225, 0.12544589694312225, 0.12544589694312225, 
0.12236770956378694, 0.12236770956378694, 0.12236770956378694, 0.26579374261727845, 0.12236770956378694, 0.12236770956378694, 0.12236770956378694, 
0.12493843491901697, 0.12493843491901697, 0.12493843491901697, 0.2503693904858981, 0.12493843491901697, 0.12493843491901697, 0.12493843491901697, 
0.12581377323472454, 0.12581377323472454, 0.12581377323472454, 0.24511736059165284, 0.12581377323472454, 0.12581377323472454, 0.12581377323472454, 
0.12830308415683941, 0.12830308415683941, 0.12830308415683941, 0.23018149505896365, 0.12830308415683941, 0.12830308415683941, 0.12830308415683941, 
0.12433273304636445, 0.12433273304636445, 0.12433273304636445, 0.25400360172181324, 0.12433273304636445, 0.12433273304636445, 0.12433273304636445, 
0.12630255459212789, 0.12630255459212789, 0.12630255459212789, 0.24218467244723266, 0.12630255459212789, 0.12630255459212789, 0.12630255459212789, 
0.12322165513884456, 0.12322165513884456, 0.12322165513884456, 0.2606700691669327, 0.12322165513884456, 0.12322165513884456, 0.12322165513884456, 
0.12383271865688157, 0.12383271865688157, 0.12383271865688157, 0.2570036880587106, 0.12383271865688157, 0.12383271865688157, 0.12383271865688157, 
0.12484730204819795, 0.12484730204819795, 0.12484730204819795, 0.2509161877108123, 0.12484730204819795, 0.12484730204819795, 0.12484730204819795, 
0.12215128387225435, 0.12215128387225435, 0.12215128387225435, 0.26709229676647406, 0.12215128387225435, 0.12215128387225435, 0.12215128387225435, 
0.12001917830469251, 0.12001917830469251, 0.12001917830469251, 0.2798849301718449, 0.12001917830469251, 0.12001917830469251, 0.12001917830469251, 
0.12418046346219898, 0.12418046346219898, 0.12418046346219898, 0.2549172192268064, 0.12418046346219898, 0.12418046346219898, 0.12418046346219898, 
0.1234237228826657, 0.1234237228826657, 0.1234237228826657, 0.25945766270400566, 0.1234237228826657, 0.1234237228826657, 0.1234237228826657, 
0.1258172149378672, 0.1258172149378672, 0.1258172149378672, 0.24509671037279665, 0.1258172149378672, 0.1258172149378672, 0.1258172149378672, 
0.12448408094347196, 0.12448408094347196, 0.12448408094347196, 0.25309551433916827, 0.12448408094347196, 0.12448408094347196, 0.12448408094347196, 
0.12328107059862978, 0.12328107059862978, 0.12328107059862978, 0.26031357640822145, 0.12328107059862978, 0.12328107059862978, 0.12328107059862978, 
0.1280191376653121, 0.1280191376653121, 0.1280191376653121, 0.2318851740081274, 0.1280191376653121, 0.1280191376653121, 0.1280191376653121, 
0.12747353628511995, 0.12747353628511995, 0.12747353628511995, 0.23515878228928022, 0.12747353628511995, 0.12747353628511995, 0.12747353628511995, 
0.12663681380476816, 0.12663681380476816, 0.12663681380476816, 0.240179117171391, 0.12663681380476816, 0.12663681380476816, 0.12663681380476816, 
0.12686367246825853, 0.12686367246825853, 0.12686367246825853, 0.23881796519044876, 0.12686367246825853, 0.12686367246825853, 0.12686367246825853, 
0.12484819518034031, 0.12484819518034031, 0.12484819518034031, 0.25091082891795813, 0.12484819518034031, 0.12484819518034031, 0.12484819518034031, 
0.1243136296059528, 0.1243136296059528, 0.1243136296059528, 0.2541182223642832, 0.1243136296059528, 0.1243136296059528, 0.1243136296059528, 
0.12851431552120762, 0.12851431552120762, 0.12851431552120762, 0.22891410687275404, 0.12851431552120762, 0.12851431552120762, 0.12851431552120762, 
0.12603747458624115, 0.12603747458624115, 0.12603747458624115, 0.24377515248255327, 0.12603747458624115, 0.12603747458624115, 0.12603747458624115, 
0.12539754700567599, 0.12539754700567599, 0.12539754700567599, 0.24761471796594406, 0.12539754700567599, 0.12539754700567599, 0.12539754700567599, 
0.1262831625720452, 0.1262831625720452, 0.1262831625720452, 0.2423010245677288, 0.1262831625720452, 0.1262831625720452, 0.1262831625720452, 
0.12891343432438954, 0.12891343432438954, 0.12891343432438954, 0.22651939405366264, 0.12891343432438954, 0.12891343432438954, 0.12891343432438954, 
0.1265436353612718, 0.1265436353612718, 0.1265436353612718, 0.24073818783236914, 0.1265436353612718, 0.1265436353612718, 0.1265436353612718, 
0.126828463197896, 0.126828463197896, 0.126828463197896, 0.2390292208126239, 0.126828463197896, 0.126828463197896, 0.126828463197896, 
0.12642091592395033, 0.12642091592395033, 0.12642091592395033, 0.24147450445629812, 0.12642091592395033, 0.12642091592395033, 0.12642091592395033, 
0.1268912941654985, 0.1268912941654985, 0.1268912941654985, 0.238652235007009, 0.1268912941654985, 0.1268912941654985, 0.1268912941654985, 
0.12790497182891986, 0.12790497182891986, 0.12790497182891986, 0.23257016902648076, 0.12790497182891986, 0.12790497182891986, 0.12790497182891986, 
0.1269361728637502, 0.1269361728637502, 0.1269361728637502, 0.23838296281749902, 0.1269361728637502, 0.1269361728637502, 0.1269361728637502, 
0.12472197416102408, 0.12472197416102408, 0.12472197416102408, 0.25166815503385553, 0.12472197416102408, 0.12472197416102408, 0.12472197416102408, 
0.12723617218876546, 0.12723617218876546, 0.12723617218876546, 0.23658296686740724, 0.12723617218876546, 0.12723617218876546, 0.12723617218876546, 
0.12515335372477362, 0.12515335372477362, 0.12515335372477362, 0.24907987765135808, 0.12515335372477362, 0.12515335372477362, 0.12515335372477362, 
0.12270938536272318, 0.12270938536272318, 0.12270938536272318, 0.263743687823661, 0.12270938536272318, 0.12270938536272318, 0.12270938536272318, 
0.12829202505194434, 0.12829202505194434, 0.12829202505194434, 0.23024784968833395, 0.12829202505194434, 0.12829202505194434, 0.12829202505194434, 
0.12363852092172169, 0.12363852092172169, 0.12363852092172169, 0.2581688744696699, 0.12363852092172169, 0.12363852092172169, 0.12363852092172169, 
0.12571747416400286, 0.12571747416400286, 0.12571747416400286, 0.24569515501598277, 0.12571747416400286, 0.12571747416400286, 0.12571747416400286, 
0.12521374125562668, 0.12521374125562668, 0.12521374125562668, 0.24871755246624005, 0.12521374125562668, 0.12521374125562668, 0.12521374125562668, 
0.12784627430196777, 0.12784627430196777, 0.12784627430196777, 0.23292235418819326, 0.12784627430196777, 0.12784627430196777, 0.12784627430196777, 
0.12479572432640894, 0.12479572432640894, 0.12479572432640894, 0.2512256540415465, 0.12479572432640894, 0.12479572432640894, 0.12479572432640894, 
0.12685299003567108, 0.12685299003567108, 0.12685299003567108, 0.23888205978597352, 0.12685299003567108, 0.12685299003567108, 0.12685299003567108, 
0.1212120543811881, 0.1212120543811881, 0.1212120543811881, 0.2727276737128713, 0.1212120543811881, 0.1212120543811881, 0.1212120543811881, 
0.12616728566629093, 0.12616728566629093, 0.12616728566629093, 0.24299628600225454, 0.12616728566629093, 0.12616728566629093, 0.12616728566629093, 
0.12068809720185984, 0.12068809720185984, 0.12068809720185984, 0.2758714167888411, 0.12068809720185984, 0.12068809720185984, 0.12068809720185984, 
0.123431847023739, 0.123431847023739, 0.123431847023739, 0.2594089178575659, 0.123431847023739, 0.123431847023739, 0.123431847023739, 
0.12453267549868403, 0.12453267549868403, 0.12453267549868403, 0.2528039470078959, 0.12453267549868403, 0.12453267549868403, 0.12453267549868403, 
0.12498191287441762, 0.12498191287441762, 0.12498191287441762, 0.2501085227534944, 0.12498191287441762, 0.12498191287441762, 0.12498191287441762, 
0.12629479823147902, 0.12629479823147902, 0.12629479823147902, 0.2422312106111257, 0.12629479823147902, 0.12629479823147902, 0.12629479823147902, 
0.12473277509833432, 0.12473277509833432, 0.12473277509833432, 0.2516033494099942, 0.12473277509833432, 0.12473277509833432, 0.12473277509833432, 
0.12477626658062489, 0.12477626658062489, 0.12477626658062489, 0.2513424005162507, 0.12477626658062489, 0.12477626658062489, 0.12477626658062489, 
0.12410302869333399, 0.12410302869333399, 0.12410302869333399, 0.2553818278399961, 0.12410302869333399, 0.12410302869333399, 0.12410302869333399, 
0.12365467078261994, 0.12365467078261994, 0.12365467078261994, 0.25807197530428033, 0.12365467078261994, 0.12365467078261994, 0.12365467078261994, 
0.12636641665523435, 0.12636641665523435, 0.12636641665523435, 0.24180150006859383, 0.12636641665523435, 0.12636641665523435, 0.12636641665523435, 
