
0.17189784803856392,0.1683396415489913,0.1665811005917286,0.16887973100700324,0.15879182192086166,0.1655098568928552,
2.428098794097021E-5,0.28841849953186605,1.258213313176675E-5,0.7115124052255248,9.773321057700419E-6,2.2458800478149725E-5,
1.8061496511185556E-4,0.0812076962083628,2.0634482019984556E-4,0.9179397662488493,2.0461595410666307E-4,2.609618033686986E-4,
5.153761926594484E-5,0.2886374458455991,2.2082430713610685E-5,0.7112535312375118,1.6097522975619636E-5,1.930534393308676E-5,
3.6204591884527464E-6,0.28067759512170226,2.418880318156937E-8,0.7193183159531396,1.5136154639465411E-7,2.9291562187019935E-7,
5.389311052213911E-7,0.27660177110234796,2.4000493633518455E-8,0.7233975008448598,1.135708745834811E-7,5.155031852804099E-8,
6.723788229645498E-5,0.2752791103059445,1.4070507947501157E-6,0.7246300030732531,1.3280273401126056E-5,8.961414309374556E-6,
2.4456894036115977E-5,0.007462581432469549,1.9212636934722922E-5,0.9924562257351677,2.3523752807691444E-5,1.399954858277391E-5,
1.7184948860265515E-6,0.1474806419599128,1.3103781696992875E-8,0.8525172728975935,9.872044429869223E-8,2.54823381452897E-7,
9.106515013380182E-7,0.0027660451783630097,1.2990572331029297E-7,0.997231410666818,2.700532071724404E-7,1.233544387479156E-6,
5.687903246977386E-6,0.03980637745355354,1.1260565992705619E-7,0.9601864445541419,3.4202628698309325E-7,1.0354571113420006E-6,
2.296919366778333E-8,0.06651383903517052,4.97508544690795E-10,0.9334861221127991,4.015301796383203E-9,1.1370026611287638E-8,
1.4387800979765947E-8,0.09329591635293127,2.647969962677878E-10,0.9067040684501867,2.8626761387980054E-10,2.5801669681888674E-10,
1.2210816801195984E-7,0.256105726658811,3.830266074916837E-9,0.743894139459511,2.7050497070597746E-9,5.238194783993304E-9,
6.701338190355365E-10,0.13487114443681247,2.622321460527598E-10,0.8651288545768395,5.240358419011978E-11,1.5796364792851156E-12,
2.239393251243694E-10,5.2337677994636505E-5,3.827344115672381E-9,0.9999476572407591,5.938098398417601E-10,4.361534278464837E-10,
1.8333948564205902E-11,0.35360601220092663,2.600871245165E-11,0.6463939876715022,3.19214039181245E-11,5.1306500921343116E-11,
2.054623891583996E-9,0.05414567106152193,2.5989056176831363E-8,0.9458542559495781,2.0423581021963892E-8,2.452163722500223E-8,
6.069262590387414E-9,0.03405511864244237,2.6276941488715146E-8,0.9659447202609832,6.587411403769379E-8,6.287625397768268E-8,
3.531850670015525E-10,0.35451722913966527,8.656986591752679E-10,0.6454827667655456,1.678575212331111E-9,1.1973295559798062E-9,
1.8178036941565385E-6,0.12430907157835572,3.0288392135029444E-6,0.8756662792118612,8.20624906045015E-6,1.1596317814805769E-5,
6.800932487980171E-8,0.04452004250368035,2.716717302720942E-7,0.9554784923387258,6.284575617619819E-7,4.970189790814958E-7,
2.4418595344649034E-7,0.11865288168493733,4.440122071391527E-7,0.8813450722540527,8.872799570452089E-7,4.705828924406881E-7,
1.2091946436978516E-7,0.27955705327568514,2.867462396909039E-7,0.720440720570265,7.963917237713335E-7,1.02209662110856E-6,
2.8416960726099688E-11,0.223818350147658,9.4347768075662E-11,0.7761816495643654,4.151593461258952E-11,1.236975865678323E-10,
8.610871684929102E-10,4.2662454552569717E-4,1.565608130540135E-9,0.9995733702471631,1.6497910420522213E-9,1.1308249708495673E-9,
1.3268849418241274E-8,0.3953720714508462,2.0129000757050114E-8,0.6046277934220257,6.131389991641244E-8,4.04153767836773E-8,
1.0327145473888266E-9,0.021208678049421507,1.8021824560435148E-9,0.9787913154254712,6.718660469663937E-10,3.0183443387118904E-9,
3.91545191259721E-18,0.27854877681922835,9.699475323510837E-18,0.7214512231807697,6.545276425010086E-18,2.5067723460379807E-17,
7.194490764231656E-11,0.42894819471742013,1.4878607854143402E-10,0.57105180306332,8.956434957138564E-10,1.1028851168616959E-9,
2.122554014621564E-11,0.06280081519033563,2.019864045920539E-11,0.9371991846221368,7.766582986541823E-11,6.843730717781686E-11,
2.160734445883408E-11,0.09566084345452636,3.396321296421577E-10,0.9043391556203288,3.8222209779151854E-10,1.8168092403274247E-10,
6.274106926030854E-11,0.006159062749623312,9.04227002833425E-10,0.9938409343105551,9.372797148893577E-10,1.035571733378222E-9,
5.4755627096645504E-11,0.2242370472978347,1.9950389838279434E-10,0.7757629517904655,4.6429813625630594E-10,1.9314298520029284E-10,
6.914907426362156E-8,0.22852748150702784,2.661981047404087E-7,0.7714696714734325,9.008188581046158E-7,1.61085350179274E-6,
2.4795186164002595E-17,0.41342333866437847,1.7447108895678973E-17,0.5865766613356228,2.825682597547781E-17,6.2613381278523785E-18,
8.814808221698174E-13,0.2510828090796078,1.6083538385364303E-12,0.7489171909135798,3.0281354670939453E-12,1.2939509618098891E-12,
1.5185476142132647E-13,0.1929053716940874,3.6991753000317875E-13,0.8070946283046124,3.8825207067616677E-13,3.8948090806240426E-13,
5.189904178189592E-16,0.13603938060797224,9.996623419818451E-16,0.8639606193920225,7.827799498920289E-16,3.797313562507636E-16,
4.609070169933509E-16,0.05026688494985946,3.835874074213243E-16,0.9497331150501326,2.3712465990814265E-15,7.752944332638672E-16,
1.2766802269972072E-9,0.08166564123882301,4.08906671165851E-9,0.9183343408568642,1.0654127845637012E-8,1.8844390847297586E-9,
2.4026389946000098E-15,1.1420616869874857E-4,2.3966856520722188E-15,0.9998857938312635,1.3819109373639827E-14,2.5280650062350998E-14,
1.1381453160714765E-15,0.020880595297293348,2.1176060104160398E-15,0.9791194047026915,6.390673889557386E-15,7.498973732796341E-15,
3.5331701893162786E-16,9.455080697189106E-4,2.9376142213586773E-16,0.9990544919302798,6.529933980043409E-16,1.4424028778833554E-15,
3.718936030415693E-14,0.02085184083176459,3.963519637095148E-13,0.9791481591669214,3.619803077953726E-13,5.156904719887843E-13,
7.533963755257614E-12,0.04794561700609374,9.2048871435525E-12,0.9520543828856546,3.7080569922153634E-11,5.443089093811248E-11,
2.4309858292150064E-9,0.2196631597044519,3.816533016449509E-9,0.7803368114706632,8.307830240877052E-9,1.4269536129057678E-8,
1.3919828482582205E-12,0.013300197753618412,4.272459894461078E-12,0.986699802236543,9.726202718442976E-13,3.2032131727501243E-12,
5.293056596694578E-8,0.2039646272734619,2.3669754070878139E-7,0.7960328223536257,1.1815137614690763E-6,1.0792310449337265E-6,
9.582372419130698E-16,0.06533238605933883,6.936202378216426E-15,0.934667613940633,1.0857753004946653E-14,8.62357424248045E-15,
5.186504256222848E-10,0.18424620282050796,1.3237047929781022E-9,0.8157537887618125,3.4619035753245535E-9,3.1134217151528548E-9,
2.0609879446666028E-8,0.029826163678659205,3.7143218122815893E-8,0.9701736949408494,3.305316551733254E-8,5.0574226848309644E-8,
4.174069601784211E-9,0.281321498812341,1.552362444188893E-8,0.7186784448874358,2.3270862841203067E-8,1.3331665847974579E-8,
3.4312125508934905E-12,0.23884347323580252,9.37942130442414E-12,0.761156526719672,1.5642465465423038E-11,1.6069836252261373E-11,
1.868180648366018E-12,0.2284347762408155,4.894187619309963E-12,0.7715652237336116,6.8487340426905825E-12,1.1960646069952363E-11,
2.1101963991457723E-8,0.2575931029555877,8.163594777634533E-8,0.742406587449027,1.3267162302049258E-7,7.418585095951147E-8,
7.162248358750384E-11,0.020057613600465936,3.9880041238103895E-10,0.9799423854682358,3.065173057902718E-10,1.5436055861909293E-10,
1.522223271830362E-12,0.06112807283305551,1.9213475937257687E-12,0.9388719271453574,1.050429980930282E-11,7.64145019059127E-12,
1.0286708362695424E-10,0.38578232710655075,3.7391831560880537E-10,0.6142176708974023,1.0875688538593466E-9,4.3169313460724135E-10,
8.29293944818424E-15,0.0012524174777556367,4.528273619980961E-14,0.9987475825220296,1.3886721390229487E-13,2.139446766457088E-14,
3.929201947010654E-10,0.30407045945085,6.163022614757142E-10,0.6959295373110786,1.4927421157011218E-9,7.361052399246152E-10,
1.6047541585522657E-11,0.17682110823855493,1.2454064274427697E-10,0.8231788911893412,1.543252413439163E-10,2.771921625469002E-10,
3.199287620397249E-11,0.225057575111287,1.332072803288856E-10,0.7749424243100105,1.3277474065180345E-10,2.8072902436297246E-10,
1.0051445490408678E-17,0.005881337495886588,4.104051835835092E-17,0.9941186625041112,3.2323408167036416E-17,4.279512167099048E-17,
1.0865830344376293E-12,0.006583392333746945,7.81703135031162E-12,0.9934166076321769,1.1589314427158759E-11,1.3583685904463618E-11,
1.4700810918860852E-13,0.1978546159895737,2.2174398915384914E-13,0.8021453840089185,4.322136889278604E-13,7.07853316783739E-13,
1.893584810319137E-15,0.006229568637782941,2.066109584082092E-15,0.9937704313621898,1.810266704824734E-14,8.75724201923761E-15,
2.7519177392265656E-12,0.30220538740112657,7.337865692759473E-12,0.6977946125681014,4.616010073587419E-12,1.6066370775680064E-11,
3.172227187007744E-13,0.2773301144284219,1.0020785343502298E-12,0.7226698855663464,2.288969444520481E-12,1.6243686104816321E-12,
1.399447441703914E-19,0.06643860933325797,1.595684189278839E-19,0.9335613906667435,1.241375056374979E-17,6.308330379460975E-18,
4.140803818670105E-21,0.2530557097643341,1.3211748414785382E-18,0.7469442902356622,1.763623676133355E-16,9.920623721953607E-17,
3.628889393462724E-16,0.0038566405800451917,9.741001738514065E-16,0.9961433594199405,6.09797822872716E-16,1.3377372613475947E-14,
3.1671657437685585E-12,0.1628811405026299,1.6126732804281103E-11,0.8371188593991424,3.4542765508478945E-11,4.439273931678999E-11,
4.422729014099284E-11,0.039042976198153855,1.0379671781769248E-10,0.9609570154638185,4.023946484929474E-9,4.166058561381504E-9,
3.7537576871772104E-15,0.020368390553545373,1.2365789008686735E-14,0.9796316094462921,9.540980329894211E-14,4.8536123053671273E-14,
3.2449986671553245E-17,0.05821455665443261,1.1501491177317819E-12,0.9417854433444157,3.181597008689858E-17,7.659212912251174E-17,
1.957863494531344E-18,1.6518394223741088E-5,5.831907751313439E-14,0.9999834816057174,2.663904127581646E-17,1.4324671564422366E-17,
1.6617859335390995E-14,0.06653765041251172,8.680881309125878E-10,0.9334623487193251,1.56768929312707E-14,4.239381564724767E-14,
4.3029123146956595E-13,0.08413267313737512,1.516396999149473E-8,0.9158673116966722,1.283326544692828E-12,2.710350070219744E-13,
9.232096301158908E-13,0.24329141730915863,3.448690986439281E-8,0.7567085481937152,3.788312729922489E-12,5.5065110569277704E-12,
3.85158545820846E-15,0.15102585794887352,1.5322324008181087E-10,0.8489741418978656,1.7736321438835987E-14,1.971115391519509E-14,
4.198984227117321E-15,0.01764743589746273,6.45579378824525E-11,0.982352564037963,8.651612418723047E-15,2.372355706190651E-15,
1.2135564636853856E-17,0.0019723945378111256,1.5743009967394876E-17,0.9980276054621859,1.325196390331357E-16,3.834085748014611E-17,
3.287878088946909E-13,4.051353355518904E-4,6.80501906000295E-13,0.9995948646627435,1.6052441318314605E-13,5.354437923424913E-13,
8.944132414412547E-11,0.10433719292252955,1.2118378166608594E-10,0.8956628066866001,5.318040507936336E-11,1.2706566668197976E-10,
2.21706161511597E-17,0.051625235793041464,2.761378061105988E-17,0.9483747642069581,2.2748210310263344E-17,4.683932435112262E-17,
2.4596965241690867E-13,0.1753887578865294,2.574768659388626E-13,0.8246112421118483,8.735022152913742E-13,2.454862132302844E-13,
1.1709467239937054E-13,0.005670549794661704,4.9965598285466993E-14,0.9943294502049922,1.3000122020473827E-13,5.054688533068707E-14,
1.1604050419120827E-11,0.26976314609817337,3.28130746882857E-11,0.7302368536087436,1.4212341674772038E-10,1.0654117066846724E-10,
4.668463271637093E-13,1.1967360516533658E-5,4.274285131517302E-13,0.9999880326381776,3.9912937955341473E-13,1.368229426398709E-14,
1.278620693109561E-11,5.312606580039927E-4,3.4401293887579453E-12,0.999468739301249,1.568876977117228E-11,8.834014047470975E-12,
6.305715122382946E-10,0.11384384981581201,7.290473942565864E-10,0.88615614389057,1.781649658652376E-9,3.1523514733423597E-9,
9.988491998256036E-12,0.02591711678846514,3.432292373423529E-12,0.9740828831832135,8.224747438405719E-12,6.676765795979597E-12,
6.954846376674637E-14,0.09051770290197947,2.906351865219772E-14,0.9094822970978304,5.160840622272707E-14,4.051983190946456E-14,
1.8561547172687556E-11,0.31002069873345245,9.32607390682629E-12,0.6899793009755779,1.0785178538821105E-10,1.552316502617449E-10,
1.1281886043964383E-13,0.05921165203652273,1.2272697598058618E-13,0.9407883479628057,2.5064467026072735E-13,1.830695898579098E-13,
3.5944577790235014E-12,4.3615448520809355E-4,8.361051845525096E-12,0.9995638454988107,9.160010823906679E-13,3.1105591697678956E-12,
9.036313170878456E-7,0.0636018994890463,2.741711158165834E-13,0.9363971968789666,2.8993770249828736E-13,1.0606145202701222E-13,
3.354199996157653E-5,0.05953180684631568,7.58701799795572E-11,0.9404346508579681,1.0817038020358435E-10,1.1171444134437082E-10,
1.7886977020328426E-8,0.5891787352445866,1.3946841668657521E-18,0.4108212468684364,1.0236414409304181E-17,7.831671660591466E-18,
4.128992398726941E-9,0.2571230503544087,6.7346049688927795E-21,0.7428769455166003,1.7856814205123838E-19,1.3716561890415498E-19,
1.614618328468002E-8,0.3203123284495268,1.3175902348133631E-19,0.6796876554042909,2.507696236338653E-18,3.970089596625915E-18,
4.717116695174859E-6,0.05080453565104613,8.58278227210721E-15,0.9491907472322318,5.7076957325860154E-15,1.2959251349140891E-14,
1.1775562775813645E-6,0.16564203166547872,3.229886063870819E-14,0.8343567907781297,5.0616449794378115E-14,3.189193703257797E-14,
1.3289023347498962E-6,0.05052255861594439,1.7392278793664302E-15,0.9494761124817142,2.3941601355650656E-15,1.8349102519570223E-15,
2.8330739247656297E-8,0.0031479437249790974,4.272263306132548E-18,0.9968520279442816,1.73168213520616E-17,1.2822269285643853E-17,
4.342826649375935E-8,0.022427889597956434,1.2710702528241862E-19,0.9775720669737766,1.5962354142039333E-18,1.7732517662460223E-18,
2.2454608909851534E-7,0.1714316496292238,2.619551794004687E-17,0.8285681258246863,4.918736012279636E-17,3.578677514554897E-17,
1.859684954940031E-7,0.08242499999193209,5.315629188995788E-17,0.9175748140395725,1.3153354040689366E-16,1.275557682508269E-16,
5.976591589843977E-9,0.09233133861555536,1.1249729934694792E-15,0.9076686554078535,2.876961759771842E-16,2.746437356758644E-16,
4.897587019574582E-7,0.1193520815721865,7.1285573159182166E-12,0.8806474286573653,2.422172181466366E-12,2.194617428286227E-12,
1.6422085975958337E-8,0.10957074447542432,7.964698334842097E-15,0.8904292391024751,5.67751196188993E-15,5.529989285108257E-16,
1.9337859877242577E-21,0.016877429879069653,3.088380185458792E-23,0.9831225701209285,3.988814537226579E-21,1.0561928620620205E-20,
2.921187780677044E-13,0.06976096592847623,8.345635228335931E-14,0.9302390340700296,4.4101239037986926E-13,6.76723196784668E-13,
3.0429260725304865E-18,0.015601397542972795,6.478322468193348E-19,0.9843986024570281,1.6451291787969204E-17,9.764111119386727E-18,
3.346817061760653E-15,0.2769937643116066,3.591872356117953E-16,0.7230062356883522,2.3251286765686135E-14,1.8851402710048835E-14,
1.128146435103908E-19,0.20534380644309622,2.9304308690415336E-21,0.794656193556903,6.763563989830084E-20,4.787143178585924E-19,
2.1758269716748372E-20,0.3490146789270121,2.044674378201642E-20,0.650985321072984,1.2940023040755995E-20,3.8572505128469345E-20,
4.396135921173331E-9,0.48612786025041427,5.609474504258504E-12,0.5138721348399269,3.1198671429471957E-10,1.9592805343014844E-10,
2.3684246344595173E-9,0.1868077521198092,4.52335196455117E-12,0.8131922451721654,1.3319409808863476E-10,2.0188605019458824E-10,
1.4350641120958871E-13,0.1250579502561866,2.3380443641650676E-16,0.8749420497436387,1.762984397003858E-14,1.1429850214592583E-14,
1.037350747212851E-13,0.037134226386707436,1.3088287475527338E-16,0.9628657736131331,1.994705789495177E-14,3.5046156555783795E-14,
1.1150112665868737E-12,0.008980630183727394,2.922711611239568E-15,0.9910193698140853,5.919956239633158E-13,4.752612075212366E-13,
9.669423462207912E-13,0.26027093535079576,2.354644814472398E-16,0.7397290646482189,4.411731240522215E-15,1.5139895466959557E-14,
1.1480254474705827E-13,0.2784531203573229,1.034206177020501E-15,0.7215468796417349,1.8094112639620504E-13,6.44702069025299E-13,
1.8045218696010005E-16,0.1530232030554161,1.5271044598942211E-18,0.846976796944582,1.0229468931956134E-15,6.9238989407273445E-16,
2.6839068810074E-17,0.2853816092035225,4.2537916755822834E-20,0.7146183907964764,2.3342482123468247E-17,1.1092495163621616E-16,
3.62215682352572E-18,0.020092775586798506,4.558756363519112E-19,0.9799072244132,1.7878448727418107E-17,1.683836870328795E-17,
8.489029816125024E-18,0.2594430001115222,4.816206370600907E-19,0.7405569998884767,1.4871380842861066E-17,1.5451815296494296E-17,
6.496826625776883E-22,0.0759069037988178,3.855921054153429E-22,0.9240930962011819,1.3512989617952737E-21,6.971879632017567E-22,
8.024420906044455E-12,0.07139715642899769,5.572893776902972E-13,0.9286028435304423,1.5639063424925556E-11,1.6339098855874585E-11,
2.0477110370244558E-13,0.08011385297311514,5.0591132714408705E-14,0.9198861470233242,3.1178453602784076E-12,1.879686519570473E-13,
2.3130273597156024E-16,0.15408882616500516,9.599989566673795E-17,0.845911173834996,2.8539394445870265E-16,7.730839993163216E-17,
2.4505575950885182E-20,0.004590900293819537,1.9746531908306928E-20,0.9954090997061772,1.7576242878170787E-20,2.1373626637879327E-20,
2.4884862706902168E-21,0.11240896635493439,2.7726282253929922E-21,0.8875910336450692,1.3941178540172414E-21,2.3663745623075393E-21,
7.644586959155953E-18,0.013970164802713476,9.338795125024533E-18,0.9860298351972888,1.781018145765446E-17,4.270665315451872E-18,
1.1230897784360243E-20,0.19015830052180147,7.737976489441864E-21,0.8098416994781954,4.420333985318236E-20,4.7805585137859384E-21,
2.667886429734127E-17,0.2420022031502965,4.078913802726552E-17,0.7579977968497046,9.287543413053259E-17,3.037571416695338E-17,
1.2696730248167255E-11,0.2268195543166398,5.725138082206825E-10,0.7731804449974546,5.5321792637565745E-11,4.537365147360191E-11,
2.0532764804501752E-13,0.003968511413047939,5.075404533149268E-13,0.9960314885856131,3.140200723471713E-13,3.1388698692570216E-13,
4.790409842070183E-10,0.013399328270186497,1.447693329469884E-8,0.9866006555779876,7.005023673149009E-10,4.953469504099547E-10,
7.705972342435325E-10,0.046587353194080604,2.570722869755573E-8,0.9534126173500084,1.4803771705646771E-9,1.4977067746903075E-9,
3.189834558784918E-12,0.04829568838672153,6.122798557587456E-15,0.9517043115972503,7.974123885223068E-12,4.857075018994685E-12,
4.014123142969173E-10,0.3580507618714976,1.0551621859770607E-12,0.6419492357277885,1.3670394566312678E-9,6.312088177527252E-10,
1.66920326963356E-10,0.016789309645976094,1.10861491422436E-13,0.9832106894779558,4.1433362732041116E-10,2.9470216627549963E-10,
3.903511467834036E-13,0.28599742447283577,1.2261911416388638E-15,0.7140025755247802,1.344066635325846E-12,6.485759598661042E-13,
5.367811170561733E-16,0.05435372723008579,1.2420909642173856E-18,0.9456462727699088,3.0382079461266603E-15,9.077349742379047E-16,
7.532445993342793E-9,0.0018321600966156185,5.970845836503333E-13,0.9981678319919887,1.434504667171044E-10,2.3490154776012E-10,
1.9315671536119996E-9,0.01797696561424179,3.327832055503776E-13,0.9820230322839418,1.2196898041983025E-10,4.794860830942552E-11,
9.898113476472994E-17,0.08655721612623643,1.525492680869306E-20,0.9134427838737667,2.402006792325849E-18,3.436128185841051E-18,
9.354371572229745E-9,0.13977470649325416,1.3829924254107864E-12,0.8602252831709873,4.713429385744642E-10,5.086623020520622E-10,
1.94791483271237E-12,0.16426417186313383,2.339929871623191E-16,0.8357358281346097,2.748780851885329E-13,3.1970368072605715E-14,
2.418820326913456E-11,0.18592492705744942,1.794731113502207E-15,0.8140750729172954,6.860488528213489E-13,3.810934849168653E-13,
2.9193792575960206E-8,0.018871704747673128,1.669128942035854E-13,0.9811282660347478,8.937558604975493E-12,1.4681428606536923E-11,
3.359478745486648E-9,0.11699501704702302,1.2805472262332843E-12,0.8830049679604299,6.613318938601636E-9,5.01846970879264E-9,
7.980318599082915E-9,0.15457199520084303,1.328227281849714E-13,0.845427807032403,7.031296752994466E-8,1.1947333382128618E-7,
5.658977422351305E-8,0.05043915929694786,3.5433190991152246E-13,0.949560581294108,6.094539748570185E-8,1.418734164218326E-7,
1.2499564650951526E-8,0.2932306187273368,3.670895799080822E-12,0.7067693253033136,2.1182468155265786E-8,2.2283645216696914E-8,
1.289790314702476E-13,0.04725237231868324,2.9979785914674506E-15,0.9527476276753857,3.207197237951551E-12,2.5919025374853633E-12,
3.980212617811082E-14,0.11862237322597854,1.9258319254287317E-15,0.8813776267717927,9.273475334974657E-13,1.2569721934296217E-12,
4.722781495876157E-16,1.0261763729782565E-4,5.774665678685976E-18,0.9998973823626547,3.362738878895647E-15,3.997703121709377E-14,
1.9400224592758558E-10,0.046531096992825725,4.091202556200631E-11,0.9534688502374887,2.755190133667165E-8,2.4982870363403463E-8,
3.227351136237394E-15,0.23536095552203862,1.185325685948116E-16,0.7646390444777386,9.017501060644479E-14,1.2644000198521008E-13,
1.3525319436939314E-13,0.3597420432010168,3.1081427376597612E-15,0.6402579567902251,4.923909682907031E-12,3.697323206583193E-12,
2.0326870373172525E-19,0.0033115719655262745,1.2822687569886417E-20,0.9966884280344724,2.6339160765970725E-18,2.8068120789968845E-18,
1.6720228661862182E-17,0.0287910463894808,1.871919053966419E-18,0.9712089536105201,1.5956988543052653E-17,1.2175331800593224E-16,
3.433057081401538E-19,0.08418670753525366,2.0209318977609725E-19,0.915813292464749,4.790064426862226E-18,7.103494073046773E-18,
1.3134553447040421E-18,1.75722232745294E-4,8.436742037043217E-19,0.9998242777672527,3.806869540636362E-17,5.042834888391908E-18,
1.3997940149153068E-18,0.07903998799290113,1.228014851159574E-18,0.9209600120071034,6.400776656873477E-17,1.9621753407602662E-17,
7.70666870136797E-20,3.2083768513874633E-4,5.091667801174067E-20,0.9996791623148562,3.022888655372724E-18,7.612737736401728E-19,
4.5434012893951364E-14,0.08342391470567435,5.0111364857315485E-14,0.9165760852918039,2.226042944626885E-12,1.9955794059043588E-13,
1.7269070716891874E-22,0.18835113472131412,7.172497580425602E-23,0.8116488652786855,7.645478791784055E-21,9.438625463912196E-22,
3.533637660320279E-20,0.12977733877202552,7.980720995446175E-21,0.8702226612279756,1.1830182833987854E-18,1.4904482727914297E-18,
6.889174934076665E-26,2.559067381043927E-4,3.050826112513515E-27,0.9997440932618944,1.786421610408108E-24,1.2610739546894436E-25,
7.774890629485315E-21,0.07218506393106183,1.3104667993867751E-21,0.9278149360689371,1.0178883822746037E-19,1.6100726698629843E-20,
6.930994704478148E-18,0.21323036378880783,5.173219359819067E-18,0.7867696362111933,4.132452641649273E-16,1.6092014345887636E-16,
1.3725930960314006E-20,0.035422663973018687,8.791658876675873E-21,0.9645773360269758,2.0586971607242888E-19,1.2083883096269268E-19,
3.01610626690307E-21,0.014932497462649704,1.1159631270990615E-22,0.9850675025373502,6.200879662196243E-20,1.3047288838795734E-20,
5.4413596375515846E-21,0.0035506037050554978,4.233373622459761E-22,0.9964493962949444,4.083905764817231E-19,6.331352579505491E-20,
1.0845633405425295E-17,0.0072826710600083855,3.1309524054050937E-18,0.992717328939987,6.524905392416209E-16,5.878091346355777E-16,
7.011310223210894E-21,0.021549095526273418,3.713732813075746E-21,0.9784509044737285,5.086754270705361E-19,6.67426029433486E-20,
6.664655104255563E-17,0.09408950250609593,2.1781999900815825E-17,0.9059104974938821,1.9595326392978193E-14,2.6573978850914354E-15,
1.800421655199421E-18,0.07201341340529978,8.252177123642689E-19,0.9279865865947056,1.5526677176223203E-16,1.2973670878735099E-17,
2.5342115700603517E-19,0.09417229790788577,2.732478970654262E-19,0.9058277020921168,1.1134416818430776E-16,4.175684895699828E-18,
3.5426695203149813E-22,0.0037975987805645393,6.286148536621874E-22,0.9962024012194388,2.8784095603075873E-19,1.0910454473993623E-20,
1.9601391078813946E-20,0.010957387752002256,1.7391041153955708E-20,0.9890426122480037,1.0788471888498808E-18,1.0623354802785106E-19,
8.262938471859229E-22,0.19909551311156948,9.582368605299875E-22,0.8009044868884316,4.462171953754711E-19,1.3753791996293766E-20,
1.0445853739662479E-21,0.0010683136927703485,1.429938406149897E-21,0.9989316863072296,7.205615716733643E-20,9.879291628986753E-21,
6.114509130315515E-18,1.0922910724910374E-5,2.3958078118311618E-17,0.9999890770892765,4.426085119443638E-16,1.6318917785545214E-16,
1.0797218765109007E-18,0.14991710632249522,6.481765127655059E-19,0.8500828936775052,2.337521418547447E-16,1.3719926330836275E-17,
1.1042687081645128E-18,0.017193547758366266,1.3400527371454779E-18,0.9828064522416361,1.3242151570766674E-16,9.191763709343195E-18,
1.1477092218403851E-17,8.101578414061104E-4,4.93249083752071E-17,0.9991898421585776,1.215116432407875E-14,3.5521124023973294E-16,
1.4681164730221096E-14,0.2235551544417613,8.522774872687987E-15,0.7764448455495558,8.542111049083795E-12,1.1780615326101515E-13,
1.5612975033653305E-17,0.008383992028892714,8.713305453055945E-17,0.9916160079710857,1.4965526658598228E-14,4.719283891358342E-16,
6.426223116142336E-19,0.015406635422011063,5.837476657022526E-19,0.9845933645779879,1.3541429310848498E-15,1.1506590120368312E-17,
2.7200636414810074E-17,0.0859207276616786,2.650794003943201E-17,0.9140792723382667,4.8914784390390084E-14,2.946490133980831E-16,
2.1600660240371575E-20,0.1122375103959319,8.544092321322408E-21,0.8877624896040651,1.674720529759408E-17,6.21260867451682E-20,
4.90916518724557E-21,0.1601056877066046,4.612568843189725E-21,0.8398943122934001,7.32324146597832E-18,6.469712169813417E-20,
7.436444268894999E-22,0.09273147366746247,6.074126723723688E-22,0.9072685263325398,2.125450975058201E-18,8.889777076215614E-21,
2.3231314868148487E-21,0.012552171340356662,2.5649399261524935E-21,0.9874478286596446,4.795059688092062E-18,6.089274657721337E-20,
5.381717040699991E-16,0.009398939907578075,3.516787585126434E-16,0.9906010600918339,5.868515682355028E-13,1.786810164872989E-15,
1.500188406491742E-17,0.11460633060546006,2.2304042494898723E-18,0.8853936693944929,4.8606490619274486E-14,1.8600678320941714E-16,
8.191016519767151E-24,0.13045920489016874,4.918480388284405E-24,0.8695407951098314,1.2768662236694635E-19,9.76489378524661E-23,
2.6049001174315088E-20,0.0038857696059205497,7.365698833818856E-21,0.9961142303940829,7.119400592114236E-17,1.285775505078795E-19,
1.0199928884428776E-18,0.0013547084261640242,3.171769080937901E-18,0.998645291573829,1.2979804892253391E-14,4.174060541253969E-18,
1.9660686255317943E-23,0.002398369999727364,2.1476982844183396E-23,0.9976016300002698,1.5804523124150318E-19,1.5039602677812678E-22,
2.6831453341792837E-19,0.011128653726609612,1.4557197817353557E-19,0.9888713462733945,1.8212156125996048E-15,1.9238520174056082E-18,
1.9024658445162737E-18,0.0029989559793232286,1.6697558417288266E-18,0.9970010440206647,1.510376370290448E-14,1.3652999340604991E-17,
1.1437203462344617E-17,0.0733031077239732,5.7887518538940424E-18,0.9266968922758477,1.8284687362544353E-13,1.6841406887604954E-16,
8.745817456703688E-21,0.18459038152389637,9.017105143657244E-21,0.8154096184761059,2.794348575653387E-16,6.425919603607896E-20,
2.7593168797352933E-17,0.06458378090860531,1.405863612100765E-17,0.9354162190902103,1.1817884245051154E-12,5.597986257248058E-16,
1.154057810661812E-18,0.10504022150877534,1.2495333684621628E-18,0.8949597784910732,1.4820706628121878E-13,1.0709256689243601E-17,
2.571222742920922E-18,0.2045403612802131,1.8041281839559302E-18,0.7954596387189824,8.071075038279969E-13,2.212396966151208E-17,
1.1382267976586729E-21,0.14921017031560824,1.3219933568690595E-21,0.8507898296843918,3.7219941280866335E-16,2.6189598266813242E-20,
3.3063284472242385E-22,0.011825613881433023,5.185690606700386E-22,0.9881743861185706,5.399000123026175E-17,2.9682872848175156E-21,
1.4029937310636316E-18,0.16621352163737424,4.36324277334021E-19,0.8337864783622949,3.324914159359505E-13,3.2927542706839414E-17,
5.204365775114653E-20,0.007314248600850727,7.248769308162457E-20,0.9926857513991386,1.2671637380234086E-14,5.846643354596352E-19,
1.773530195846575E-17,0.2035220602663367,1.2078557415938647E-17,0.7964779397300481,3.6095219363173398E-12,3.0145866860632744E-16,
4.0896298029197073E-16,0.1433001330769014,3.011405676122957E-16,0.8566998667862934,1.3679874461113557E-10,2.669229796269617E-15,
2.2284694198564678E-33,0.03658516327162309,1.4091937240773803E-33,0.9634148367283851,1.8183396866901923E-27,1.7456040616585883E-32,
1.177252747792501E-20,0.017903776083996924,3.382679339848434E-22,0.9820962239159989,4.1893441273050775E-16,4.954643490093177E-20,
8.122152030279555E-23,0.03387666705504329,1.9139297920635936E-22,0.9661233329449586,2.3011566090184035E-16,5.39314221094664E-22,
6.597803146396622E-22,0.21525370798506854,4.920890524047153E-22,0.7847462920149332,6.622002609567214E-16,1.3260159974058545E-20,
4.627161839979456E-21,0.19871247376960782,1.891192391186593E-21,0.8012875262303856,4.043480401395668E-15,3.72670459250665E-20,
1.307338583477398E-24,0.09241555161693955,4.590764633337338E-25,0.907584448383062,1.115289408174852E-18,1.0537515609988074E-23,
8.15572400510098E-26,0.10942759347790999,9.293211025833875E-26,0.8905724065220862,1.6411746797875153E-19,8.258891425389259E-25,
4.275445629785284E-21,0.008240053499032134,5.951107066477475E-21,0.9917599465009542,1.1364405520181396E-14,5.209227927372364E-20,
1.6512072171216316E-24,2.483210769693458E-4,1.2807536024537415E-24,0.9997516789230331,1.7082055713107537E-18,9.627417159253225E-25,
2.1379317593797736E-21,0.010105600962394368,2.1903392935093516E-21,0.9898943990375938,8.092363582055376E-15,1.1482469670739566E-20,
2.0868302157232946E-17,0.06482345265600137,1.1450724395062917E-17,0.9351765473341679,9.831472847488722E-12,8.43582411338428E-17,
1.0858136293409262E-15,0.14519873034001457,4.2164139806813504E-16,0.8548012671241082,2.535858186105134E-9,2.065498745333395E-14,
7.020031265648998E-19,0.018765284645107592,4.945279356782597E-19,0.9812347153529988,1.8918552436306847E-12,7.053734211421285E-18,
4.953473122369757E-21,0.10825841275611073,3.518635344056261E-21,0.8917415872438618,2.995859448110811E-14,2.5615867618025002E-20,
3.4871824183469364E-16,0.004099729693455019,2.682243099339024E-16,0.995900269686646,6.198900050944939E-10,4.53177806457567E-15,
3.520736487222648E-20,0.0356590420365622,5.997930514676012E-20,0.9643409579623246,1.1076619199210448E-12,1.4476548585644814E-18,
2.0551517065236585E-18,0.07479179033706641,1.4720707895264787E-18,0.925208209607712,5.52219292040658E-11,6.798673451613354E-17,
9.28204282239189E-20,0.15791503666763176,3.60659064298066E-19,0.8420849633251871,7.183147309477424E-12,8.149140990796176E-18,
5.51187356750963E-19,0.1239988467043352,3.063953229821212E-19,0.8760011532907788,4.884395075413301E-12,5.790578517148878E-18,
2.395183008362553E-19,0.24706588980806396,2.760713121115478E-19,0.7529341101783191,1.3612482721360672E-11,3.116625456978388E-18,
1.6312830966598795E-20,0.005190221795018707,1.4500439055988037E-20,0.994809778204829,1.528617575899522E-13,1.3056003601926772E-19,
5.071044356402244E-16,0.10877459710912053,3.5706633068828475E-18,0.8912254022835409,6.072331470432621E-10,1.0390485308359369E-13,
1.3711257780153968E-14,0.12365407763611184,6.978865827112314E-17,0.8763459187318708,3.6302124676147185E-9,1.7896714694673886E-12,
1.3293746222905483E-18,0.08046602844071954,6.293025911255335E-21,0.919533971559127,1.5230154481151766E-13,3.1234392981699616E-17,
1.272307856056122E-17,0.2161593120598766,3.695128628422171E-20,0.7838406879376184,2.5025672775935072E-12,9.146636655263413E-16,
1.529401904295143E-21,0.004613600208355752,1.9879715875534713E-24,0.9953863997916437,2.2748287520552003E-16,6.103651128572136E-20,
1.0123845371497183E-20,5.518498134876254E-4,6.491468370411173E-23,0.999448150186499,1.3208524266221405E-14,1.3307089492316404E-18,
4.556113611663609E-19,0.002653706607228215,3.5380313738864746E-21,0.9973462933924209,3.4952369644941913E-13,5.01653672651286E-17,
3.273038526680348E-22,0.007079768424311292,7.451572875844163E-24,0.9929202315756862,5.27169538073105E-17,1.70862149960641E-20,
3.6421612990758566E-20,0.11292561575361547,2.202818079928685E-22,0.8870743842463544,3.053880816643562E-14,4.90214843029921E-18,
3.191620765345243E-17,0.24973471318642104,1.5200520150911883E-19,0.7502652867570505,5.652396845395292E-11,5.4622788987854424E-15,
3.867042888966679E-18,0.011587825616128766,4.6797781326395154E-20,0.9884121743795674,4.308418295717053E-12,9.548707360776814E-16,
1.5835948216815923E-17,0.14484840774741645,1.4127134394416118E-19,0.8551515922419805,1.0601403346949455E-11,1.0841408205324176E-15,
9.821164171593877E-22,0.18773721229959983,2.3711916851452567E-24,0.8122627877004,1.1908692290449923E-15,1.093094719552827E-19,
3.1254448528997585E-20,0.06905131501034954,2.8024175411515425E-22,0.9309486849895606,8.870255690725772E-14,2.9783085560053967E-18,
1.588763055011169E-21,0.0013810780982600659,6.706282776074568E-22,0.9986189219014417,2.9239512179629037E-13,3.274582746550631E-20,
7.537067176769046E-18,0.04893508639806775,2.764141492245369E-20,0.9510649135990868,2.8446725123113367E-12,7.74843104289487E-16,
8.165067719753242E-19,8.212829794806216E-4,1.059359710973293E-20,0.9991787170204184,9.821811727446516E-14,2.319313321617256E-16,
1.6596936414306924E-15,0.0417744530087339,4.637356769219254E-18,0.9582255451502962,1.8408607714344388E-9,1.1224210870822186E-13,
1.065003323806001E-15,0.23200522078953895,4.180945212884724E-18,0.7679947779412037,1.2691171587678767E-9,1.4102741313492807E-13,
2.4361102901530276E-15,0.010992000186765204,2.638008900943629E-17,0.9890079972671725,2.5456586847276623E-9,4.021865124475432E-13,
2.2933634984782317E-15,0.1407161489965825,4.902681144620594E-18,0.8592838490427973,1.9602521505742213E-9,3.662611588366889E-13,
3.259344568933271E-18,0.14952085109508403,1.7047929955405922E-20,0.8504791488917144,1.320334903947487E-11,3.9848493592903796E-16,
2.708678802327602E-25,0.03223160117870515,2.521258206338615E-27,0.9677683988212926,5.317569080577504E-19,4.338982748036051E-23,
1.455080936306653E-15,0.14076654140065023,2.480744368871E-18,0.8592334516653107,6.933951653543008E-9,8.803950222169351E-14,
2.443645071015235E-18,0.05293309226890771,1.1225580515106412E-20,0.9470669077290464,2.0477941360718744E-12,3.3738102993293813E-16,
4.0056854595708934E-15,0.09913326735087662,6.93810027650227E-18,0.9008667231648531,9.483848727163747E-9,4.18696019449027E-13,
4.832178783419566E-22,0.39436773365443367,1.5823127182316361E-24,0.6056322663455688,2.3352167124341778E-15,4.196231920224307E-20,
1.8347897877599545E-19,0.03197370769352357,1.7270382329770317E-20,0.9680262922205912,8.588257703476866E-11,4.272216009756171E-17,
5.811383123690025E-18,0.09943124595473486,2.92010731114672E-20,0.900568753948852,9.641426212676955E-11,4.1096463156401627E-16,
1.4024657400677268E-21,0.1001806912227458,1.336055666043666E-22,0.8998193087769462,3.072943802613092E-13,1.93698537582061E-19,
9.27942523175699E-15,0.0023236329802819697,2.863935757747982E-17,0.9976762907729237,7.624582297705058E-8,9.595869785234255E-13,
3.574058001060091E-18,0.02120502664558512,2.4210924055401742E-21,0.9787949733327566,2.1657365222451905E-11,1.6814595457819947E-16,
9.109209158634461E-18,0.07572984267222514,2.1747810204599275E-20,0.9242701570962057,2.3157183276277665E-10,7.552689245708205E-16,
9.320087363619383E-23,0.039156566776057014,1.9173040340037775E-25,0.9608434332239391,3.177785686889658E-15,1.704936459311975E-20,
5.4392914697160643E-17,0.01651252106963122,1.6603004721126148E-19,0.9834874772255475,1.7048182277941315E-9,4.342619066764433E-15,
2.0094346621246113E-16,0.14319016091245343,1.374876574928959E-18,0.8568098231880996,1.589935829966038E-8,8.75328766492545E-14,
5.77024165950215E-17,0.048269528073000736,2.1352708794143193E-19,0.9517304692675341,2.6594617152643505E-9,9.745709195311421E-16,
2.579742102160507E-22,0.15351383658288295,6.308113948262599E-25,0.846486163417106,1.0789891134408759E-14,4.6649048807232777E-20,
6.029173949883033E-23,0.08580358453802919,2.262264891255461E-25,0.9141964154619673,6.940093728823466E-15,1.404635610781401E-20,
4.103242810877526E-21,0.02952976846384698,1.0715181276817562E-23,0.9704702315361058,4.9239781138728765E-14,2.935933101104957E-19,
1.391937688225577E-24,0.003439337672010363,9.13069143342048E-27,0.9965606623279928,1.8581316974638968E-16,1.33632208346295E-22,
5.065684261404769E-18,0.007072098284144928,2.794383207799259E-20,0.9929279010832599,6.325940715607845E-10,5.075014538858686E-16,
1.8044444779423175E-18,0.03212118498263178,5.5040483324019015E-21,0.9678788149732052,4.415781408922796E-11,7.200289862564479E-17,
4.273584475702449E-18,0.011686997293779438,1.0611820395861206E-20,0.9883130019114017,7.948183491076904E-10,2.3957881256189783E-16,
1.2981580708853748E-24,0.1408001320817574,2.4240805279357804E-27,0.8591998679182397,7.445134022990183E-17,1.0094880766212222E-22,
5.674310418109401E-23,0.03798931353004366,5.884403128879981E-25,0.9620106864699391,1.6979410270003706E-14,1.058697898999609E-20,
1.634488561949064E-26,0.09178118629374384,5.482674708370929E-29,0.9082188137062592,1.4876129561337039E-18,6.959866426482927E-25,
2.2557917604659393E-21,0.07409300776510762,1.590272893260501E-22,0.925906992228456,6.436485581117951E-12,2.9410899518057003E-19,
4.421717979090555E-24,0.071354146681501,1.3439115116047324E-26,0.9286458533184987,7.40998696801686E-16,3.457806326272907E-22,
9.57967515616641E-25,0.003309402164343431,5.027264814684515E-26,0.9966905978356576,2.80746758011175E-16,3.34617618684109E-23,
1.362696691576416E-20,0.0034120221541942657,4.880446039951377E-23,0.9965879778441473,1.657240369578796E-12,1.419435643547286E-18,
5.055695764819268E-23,0.014838500169739997,1.8572893730767837E-24,0.9851614998302106,4.296071125975393E-14,1.1626976177036133E-21,
7.580395211669363E-21,0.01877718058579801,1.3093291283154231E-20,0.9812228194140875,1.1173553005511191E-13,1.407218918777129E-20,
5.2095717023692105E-21,0.09415860435500825,1.4665693270618533E-20,0.9058413956449729,1.7380677721799176E-14,4.451439220112771E-21,
4.421342100638123E-21,0.009147680595796782,5.856716137279732E-21,0.9908523194041989,1.3241567797212785E-15,2.552024167062056E-21,
1.1890983124769361E-26,0.048823329129942486,3.765527522394974E-26,0.9511766708700539,3.3973601747476753E-19,1.4820843882114036E-26,
2.884280855998636E-28,0.0029509315547342585,3.762723757670766E-29,0.9970490684452624,5.808514267061704E-20,7.518343368853849E-28,
2.949576007584148E-21,0.018095721778085168,4.375830859520829E-21,0.9819042781752167,4.669181761581077E-11,2.4979223844311457E-21,
1.1881456781795742E-21,0.06861782408596968,6.01676021433948E-21,0.9313821759115252,2.505518002026477E-12,2.5892002729379203E-21,
3.7786814707561746E-22,0.06950825033894395,5.470005594077173E-22,0.9304917496610401,1.4432812644905456E-14,6.947895534849276E-22,
2.264864326054238E-19,0.07020960022496202,2.38328977320344E-19,0.9297903997357306,3.9305566483480034E-11,1.3900135089876604E-19,
1.9365900020582984E-24,7.194340936062365E-4,1.0714198416299886E-23,0.9992805659061993,1.954670788970041E-13,6.213007855268748E-24,
1.0808458408352272E-20,0.015443995509417377,2.3730680915099806E-20,0.984490254410046,6.575008053675233E-5,6.706902588771978E-20,
1.0512094194924195E-17,0.021736818839427064,3.104801057214621E-17,0.9782585060538828,4.67510668694388E-6,3.952740538730075E-17,
6.296500631242377E-21,0.06224768500572788,1.783511717209062E-20,0.9377523077272615,7.267013749456042E-9,2.0571613646016378E-20,
8.934160612451767E-24,0.14400665590716716,4.099200408867807E-24,0.8559933440910736,1.7578923153815808E-12,1.1742517421454055E-23,
5.392249301417538E-19,0.02898732740849924,7.045967751870994E-19,0.9710124563689593,2.1622254357044442E-7,1.972801954188472E-18,
1.3593582918883046E-21,0.059600220279376316,1.670026815712238E-21,0.9403997789308043,7.898182900586742E-10,4.519355729459983E-21,
2.915844782896757E-19,0.023511832478013237,4.359593124231832E-19,0.9764880523160263,1.1520596034414963E-7,1.5986105824761985E-19,
6.411540545526887E-22,0.13196335199060674,7.999284662771975E-22,0.8680366472961824,7.132119322231952E-10,2.1311859066121684E-21,
