
0.20794313427604888,0.2544223996985961,0.15643926037279962,0.17619783201455888,0.14943649480515414,0.055560878832842414,
0.20794313427604888,0.2544223996985961,0.15643926037279962,0.17619783201455888,0.14943649480515414,0.055560878832842414,
0.20794313427604888,0.2544223996985961,0.15643926037279962,0.17619783201455888,0.14943649480515414,0.055560878832842414,
0.20794313427604888,0.2544223996985961,0.15643926037279962,0.17619783201455888,0.14943649480515414,0.055560878832842414,
0.20794313427604888,0.2544223996985961,0.15643926037279962,0.17619783201455888,0.14943649480515414,0.055560878832842414,
0.20794313427604888,0.2544223996985961,0.15643926037279962,0.17619783201455888,0.14943649480515414,0.055560878832842414,
0.20794313427604888,0.2544223996985961,0.15643926037279962,0.17619783201455888,0.14943649480515414,0.055560878832842414,
0.16787337461467358,0.1715258742946896,0.16547634295547098,0.16623073442404737,0.16047628685099188,0.1684173868601243,
1.0411618484886372E-4,0.23667085056381953,1.0273959066707632E-4,0.7630038140030244,7.33151209191955E-5,4.516453672035876E-5,
2.6940836768257197E-6,0.20133737410849975,8.350467749262432E-7,0.7986556594464628,9.335615699764654E-7,2.503753015751437E-6,
7.229553020353194E-6,0.34149809982151297,1.069637874045884E-5,0.6584608721185956,1.039883826866606E-5,1.2703289861688668E-5,
6.398363481479485E-5,0.0015869201776701639,5.277568176915142E-5,0.9982358100401876,3.6150658329699515E-5,2.4359807227996894E-5,
9.374002011274426E-10,0.09544317776572561,2.1303012897059805E-10,0.9045568205312084,2.310633048520871E-10,3.215746514568347E-10,
4.196205294986195E-7,0.0688746563746408,4.473479424541795E-7,0.9311236072119383,6.045210786858884E-7,2.6492386968862145E-7,
1.8343891169609952E-4,0.1103350564166434,2.8039665567962304E-4,0.8888428442503189,1.6276103005480628E-4,1.955027356082317E-4,
6.93530109123625E-5,0.42666589710296315,7.2018238673466E-5,0.5731503769392313,1.679945564968106E-5,2.555525257040718E-5,
7.950234731913437E-8,0.044613111578988625,1.420419909160933E-7,0.955386621364295,1.8693510714978212E-8,2.6818867956375094E-8,
5.551251813291807E-7,0.029782768961054255,1.8749208387541541E-6,0.9702133339961655,6.976211718513208E-7,7.69375589764964E-7,
1.7595472429954693E-9,0.17816929705925844,1.1980230872075692E-9,0.8218306981098019,1.1793043179784238E-9,6.940662451442413E-10,
5.291613635797499E-7,0.01429891753207685,8.394263524927571E-7,0.9856988511368324,4.548235539444153E-7,4.07919819754496E-7,
1.0249711453884278E-12,0.23974481186597013,1.1166344660448417E-12,0.7602551881299862,1.0022098871384766E-12,8.996589434139133E-13,
6.109487974060095E-10,6.310121721512464E-5,1.6843726712874261E-9,0.9999368920841191,1.709256175784989E-9,2.6940904830559793E-9,
1.722034012327739E-8,0.02295050681759545,4.158880384432317E-6,0.9770452826255016,7.779304766560308E-9,2.6676874013209903E-8,
1.4234799661511633E-10,0.21721929445855465,1.6845854916106328E-7,0.7827805368086933,1.0054735153614296E-10,3.1304577087824606E-11,
1.507017661643068E-10,0.05420723024298113,8.82480803123435E-7,0.9457918864796647,5.71792987353404E-10,7.405638954861639E-11,
2.758262449231515E-12,0.27828994175527416,1.0628967132969197E-8,0.7217100476060627,3.953028951888644E-12,2.9837892842072494E-12,
1.8510359017206126E-12,0.38587180250369835,9.446867401435227E-9,0.6141281880430774,1.1203881842288929E-12,3.3851186889265764E-12,
3.4746647021665075E-12,0.11598755312057299,1.4913498231439205E-8,0.8840124319568277,2.29425169057972E-12,3.3329052614065083E-12,
1.464319197156267E-11,0.002411705288623853,3.274255799359484E-8,0.9975882619176105,1.0173112777865535E-11,2.638840705317929E-11,
1.7516122381149212E-11,0.024287286644057878,6.984664098165929E-8,0.9757126434828237,4.987508246920422E-12,3.974135461245174E-12,
1.1650977472817173E-11,0.28270307588463445,1.1438909232752793E-7,0.7172968096846725,7.27806296756067E-12,2.2672053448192105E-11,
6.379290466891736E-14,0.08338530893825341,2.4175757341496608E-9,0.9166146886436302,5.829250267209633E-14,4.1779841152077026E-13,
2.1845971134220583E-11,0.0072218322033561055,3.665996112714315E-8,0.9927781310904449,1.3525731730121136E-11,1.0865859720558265E-11,
1.7677899866951344E-9,0.12502028069952778,3.3466579639704856E-6,0.8749763680486722,1.6690531122759154E-9,1.1569946403116084E-9,
8.045278999750359E-14,0.18685526537653344,1.0865426019820764E-9,0.8131447335364806,1.5549108199000832E-13,2.0730786688704425E-13,
4.3803238047861945E-12,0.0727181322946345,5.0614813681865086E-8,0.9272818170804891,3.4233706599055954E-12,2.257999272709829E-12,
5.175410281500716E-8,0.029538082991501353,3.905684936259912E-6,0.9704578668465026,4.251578955592096E-8,5.020716983138024E-8,
5.438754868672707E-12,0.2010007792534102,3.3105671995987155E-8,0.7989991876269728,4.420541402430184E-12,4.086594977960576E-12,
2.459903213818939E-8,0.009199685716417655,3.758192792398963E-6,0.9907963992547345,6.626886887519541E-8,6.59681524298279E-8,
6.796049971316853E-11,0.040478832359687855,6.126958652688786E-8,0.959521106247688,1.984534312236188E-11,3.523030986173037E-11,
5.526291493464111E-10,0.019620459810453395,1.7597030488005156E-7,0.9803793631952161,3.422114079498854E-10,1.2918674547562673E-10,
1.8258699473023488E-7,0.1003605129023771,1.7814361204370873E-5,0.8996212179817993,1.765787460816714E-7,9.558887927835405E-8,
1.1514685465956363E-8,0.08016316220454123,1.4580470002779933E-6,0.9198353436475559,1.193991571250701E-8,1.2646303671076267E-8,
9.95542275447825E-9,0.2176595615791083,2.566865234023461E-6,0.7823378388361144,1.2778988740910372E-8,9.985129115987857E-9,
1.0973720661919945E-10,0.10579083235210623,2.3553392523294474E-7,0.8942089316906671,1.172780278771707E-10,1.962881067522352E-10,
2.5714570812252336E-12,0.07447646253928085,1.7613558436799316E-8,0.9255235198412007,1.1995353404766366E-12,2.1889311391539823E-12,
4.693393523463357E-15,0.30456943419658933,1.1720048363397863E-9,0.6954305646313936,2.9922371835137774E-15,3.609059899186541E-15,
2.0827214389703444E-9,0.03536140459969015,3.32322014810372E-7,0.9646382546727295,1.1465336433610018E-9,5.176312475103237E-9,
4.695571921291806E-12,0.010260389590208677,8.535123101498002E-9,0.9897396018547622,7.664168761784602E-12,7.543993657814508E-12,
3.026341526552385E-9,0.17849208681574283,1.0733110501202147E-6,0.8215068307423106,2.1793525177179394E-9,3.925203797054634E-9,
2.373875396997372E-11,0.1051672460610556,7.597254818759725E-8,0.8948326778884811,4.254246281301795E-11,1.1633721772886896E-11,
1.0197106092698736E-10,0.06613094703490664,9.64434188434553E-8,0.9338689562176702,1.427674408229847E-10,5.926786993596894E-11,
2.5693669033201016E-11,0.2332193640889962,1.0154145340360524E-7,0.7667805342733319,4.510020884933342E-11,2.5423688011761556E-11,
7.881679988252307E-10,0.1597024560286365,2.892418701217351E-7,0.8402972523822246,8.234395068213095E-10,7.356590284076764E-10,
8.85755705277054E-12,0.08524723817323689,3.272366309070661E-8,0.9147527290695714,1.1646416665740094E-11,1.3024190101427522E-11,
1.5089377759945158E-12,0.13660818704267905,1.1691495922118167E-8,0.8633918012620958,1.111673101472223E-12,1.1098423486935421E-12,
1.7764220932197593E-12,0.1469127318020968,1.5072233135119542E-8,0.8530872531175567,5.285662235323953E-12,1.0488561752509377E-12,
1.2892959016563619E-11,0.10670358247014053,7.942748901357102E-8,0.8932963379984155,5.99058359253363E-11,3.115676858445351E-11,
4.785259011056964E-10,0.009272542557270056,6.44597709162735E-8,0.9907273918162853,4.74345581162576E-10,2.1380329835140442E-10,
2.36650064830355E-10,0.07949301755137653,1.0803483853303586E-7,0.9205068735948662,2.799456312710109E-10,3.0232512540336245E-10,
4.6685941663895384E-17,0.2379881618845117,2.4573007836873883E-11,0.7620118380909194,1.5492181508816285E-16,4.4179980897575825E-17,
1.0846099288475296E-12,0.23137303303095977,9.81793086848239E-9,0.7686269571486469,1.0590362651274824E-12,3.168064033841221E-13,
1.6972823484800806E-12,0.08804154950008695,1.3213120225658844E-8,0.911958437282494,1.7432860614835882E-12,8.581365108880918E-13,
4.8048105155845625E-15,0.03110486969256868,6.17178643143093E-10,0.9688951296902406,2.4418416952992117E-15,1.0661543444377717E-15,
1.3894351236733158E-8,0.2584387871197482,1.924106728996915E-7,0.7415610062812419,1.9195173575931964E-10,1.020333503561548E-10,
1.836940745098347E-13,0.2573815453955168,6.090551724284998E-10,0.7426184539952387,1.9549787688697314E-15,1.3655976797200626E-15,
9.19966412016556E-13,0.19378246006404473,1.126955761706167E-9,0.8062175388080682,5.669993346188819E-15,8.70209094716719E-15,
1.272657093641354E-13,0.278885386080383,5.012961043555004E-10,0.7211146134181895,1.7768317501144844E-15,9.323403367512973E-16,
1.7117543193760656E-10,0.06759924832689342,7.385185221839789E-9,0.9324007441127308,2.2300313918316887E-12,1.784290490989327E-12,
4.218609487215995E-17,0.3016422915127497,9.700138473126684E-12,0.6983577084775503,6.335892000285965E-19,3.9823917592556978E-19,
4.4339945924602625E-14,0.1182553199951228,1.8564660655475663E-10,0.881744679819185,6.050124988029264E-16,2.2992971476491277E-16,
2.3057018829114058E-10,0.004347458094459563,2.281794497020692E-9,0.9956525393879365,3.7460179281647335E-12,1.4909819659743065E-12,
9.335324876162988E-11,0.04139117666573355,4.826888397966998E-9,0.9586088184099535,1.7761509801571963E-12,2.292258593218328E-12,
6.262509807742711E-11,0.01126971847943866,1.8079789093292234E-9,0.9887302796487081,4.560416188976996E-13,7.962217241805867E-13,
1.7419150357952583E-8,0.0071234545176388445,4.5796909309646395E-15,0.9928765280632,6.771892099593502E-16,4.914709511243247E-15,
1.9990134107282335E-9,8.22724169507058E-5,6.419320543907515E-17,0.9999177255840356,3.126759194734625E-17,1.4124443246611247E-17,
1.537448648146503E-7,0.050562090234796686,2.408393393918475E-12,0.9494377560161977,5.310741298883546E-13,1.2014999181671394E-12,
1.2757019714046808E-7,0.002662827677620158,3.227492788436418E-12,0.997337044743743,4.3489102237512675E-12,8.6422287840065E-13,
3.285335958811521E-6,0.0652241248798693,4.695439845498844E-9,0.9347725782422448,5.832265740259968E-9,1.0142220753595277E-9,
1.7969643665322184E-6,0.29348619005138027,4.731670517853801E-10,0.7065120118382067,4.783391267416492E-10,1.9454085150551397E-10,
1.2124750233196723E-6,0.08100521877772995,1.4267793600714864E-10,0.9189935683580703,1.1193658108069798E-10,1.3456322558890862E-10,
7.933448678668068E-8,0.03565974917176493,6.428998189590043E-13,0.964340171492372,1.8090824020233679E-13,5.507501875119681E-13,
1.3404454534087697E-7,0.3877940113664415,3.125243745070646E-13,0.612205854588301,1.7130627078842321E-13,2.2779581186565673E-13,
5.4828847331507E-9,0.2005235194612646,2.714842171692468E-16,0.7994764750558491,2.1563348086997681E-16,1.9645372995151854E-16,
1.4418435574556992E-7,0.1460736423844062,1.1510138074260028E-12,0.8539262134281843,1.355456960169906E-12,5.467371631914654E-13,
4.439307366306473E-9,0.03151959967325621,3.0172017124459953E-15,0.9684803958874278,1.9964606230598475E-15,4.339519710035836E-15,
7.739831836116983E-10,0.024850629446363688,2.0561046934942749E-16,0.9751493697796533,1.297325114889708E-16,2.3711306697633674E-16,
1.7966744403997076E-9,0.07930031645525638,2.9658143656192716E-17,0.920699681748068,4.2982212632140556E-17,1.2882675282570656E-17,
8.622189212070533E-10,0.2676051498369743,3.97977697548688E-17,0.7323948493008089,8.307385758381528E-17,5.564340190949226E-17,
1.899180319730539E-8,0.14648445470768537,7.283891688103731E-15,0.8535155263004829,9.820096837091098E-15,9.856178247532849E-15,
1.1390982464404309E-6,9.409029467463601E-5,2.8583985980011552E-9,0.9999047642723259,2.6622385882527657E-9,8.141149285664614E-10,
2.7295605969158274E-7,0.0011911462620188213,6.527931140459801E-12,0.9988085807650492,5.8672879284650626E-12,4.476364411881988E-12,
3.3263074565288266E-7,0.3038099221860788,1.2737862152352328E-12,0.6961897451794169,1.2958146718153136E-12,1.187988335849588E-12,
1.5131217357439792E-8,0.17604864360973974,1.755323045749586E-15,0.8239513412590403,3.155151873492963E-16,1.9444794490296933E-15,
2.1574995552850843E-10,0.11680161281021098,3.143895586501534E-18,0.8831983869740413,3.191455236490732E-18,9.116392784292533E-18,
4.781866455268941E-9,0.0613974566452112,1.4278017767179093E-13,0.9386025385724048,2.379959281578062E-13,1.3783052917577152E-13,
4.0094602939662896E-4,0.06119677550109637,3.0988723398236686E-6,0.938394122720881,3.7854585218408003E-6,1.2714177643752098E-6,
1.7622663110359306E-6,0.3897948786620592,7.757431784059149E-11,0.610203358837413,5.1002633125421816E-11,1.056402351676305E-10,
3.396266722102949E-7,6.082265305830758E-4,2.479160438542802E-13,0.9993914338411278,1.9785154548310006E-13,1.1719988414485838E-12,
2.7598333209562013E-8,0.25468435592587696,7.412276078169146E-16,0.7453156164757839,1.2835286885091495E-15,1.768514617605274E-15,
7.91991005470115E-8,0.001344863859182058,2.279943469078677E-13,0.9986550569411143,3.303783729228249E-13,4.3792720127950025E-14,
1.997290402987997E-8,0.11245839124892693,4.0171939904566225E-14,0.8875415887780146,9.076818206573534E-14,2.3829193701997362E-14,
2.2945080438223947E-8,0.07599403807444025,5.549129240356592E-16,0.9240059389804752,1.7877103305773905E-15,7.380352068390145E-16,
3.3519745283390296E-17,0.04277522943389687,7.829764802652263E-18,0.9572247705661068,2.6953359785795062E-17,6.8329272274681244E-18,
7.057607886414459E-13,0.2892687454929232,4.243402432637845E-13,0.7107312545036842,1.1567932276022496E-12,1.1052201998279102E-12,
4.344751104636316E-22,0.04089175160066395,1.379591858894197E-21,0.9591082483993363,3.21461088193597E-22,1.9251391844387766E-22,
7.986091337170264E-20,0.1252875725575989,1.101344355549105E-19,0.8747124274424062,1.2026974362718966E-19,5.549066138076636E-20,
4.575102957181609E-24,0.2208585050140239,1.485121015399988E-24,0.7791414949859774,5.296280685714751E-24,4.337648471838898E-24,
1.6740013459896667E-24,0.0053009118771345076,6.526934389920192E-25,0.9946990881228644,9.947111684765558E-25,4.164229224855985E-25,
1.0052237640473698E-23,0.11422757744206614,1.0500481331241659E-23,0.8857724225579372,1.195424732855728E-23,5.623124000164968E-24,
3.19465828984943E-28,0.17950013423918562,6.575643932706858E-28,0.8204998657608172,7.559471953589309E-28,7.642663822807959E-28,
4.166429793829391E-31,0.020906392623624696,6.621141644190494E-31,0.9790936073763752,8.84720483199084E-31,9.253806118021082E-31,
1.749884037105602E-30,0.12576345348820295,1.5201844030426089E-30,0.8742365465117962,6.8222440355373145E-31,1.25198151425327E-30,
2.999105106951119E-17,0.15066608458617262,2.1106304679499433E-17,0.8493339154138324,5.1872412605613643E-17,1.0682682894956463E-16,
1.930496814051364E-18,0.07475434774660923,8.593168680222322E-19,0.9252456522533858,1.6499304050112334E-18,2.0566441083535663E-18,
7.260792482234072E-16,8.49294395910668E-4,5.899502764177936E-16,0.9991507056040884,3.690654722376248E-17,9.443331502022E-16,
1.7305983565760907E-17,0.015526222897325175,1.1856972789437754E-17,0.9844737771026696,7.4598992338806E-18,7.429725353049261E-18,
3.7147314041795636E-10,0.010445907958576129,2.6533032437077167E-10,0.989554090304513,6.114319972945979E-10,4.886730054613122E-10,
3.1108935179024506E-14,0.07650431709719593,1.2316475433969786E-14,0.9234956829027121,1.4150262589770363E-14,3.224495320786705E-14,
1.234537112259191E-11,0.004536890806340014,1.1045022902911567E-11,0.9954631091683757,1.7430436479056638E-12,1.5316028691688835E-13,
3.168972414556806E-13,0.008876698505748404,8.718743888560734E-14,0.9911233014937054,1.0848714294444646E-13,3.15020525344477E-14,
7.218575330496519E-19,0.290856683393761,9.6691186964553E-19,0.7091433166062393,7.00234943736039E-19,1.0546743411135156E-18,
2.3370110966814167E-15,0.10992283756415504,1.6091010600990934E-15,0.8900771624358362,1.5181812141777588E-15,2.164915402215391E-15,
8.490228126054828E-14,0.04833961774959298,2.0373792484089977E-14,0.9516603822500879,1.3661301797964624E-13,7.808505168780941E-14,
2.859378400798878E-20,0.25412943505784824,1.8136856994735803E-20,0.7458705649421518,2.0654990166385584E-20,1.484657093721572E-20,
4.3577942163776645E-15,0.20795566815575445,1.8218360613678848E-15,0.7920443318442302,4.2823617919531984E-15,4.347764910958785E-15,
3.116236172440843E-17,0.028382796335977567,6.190050189852967E-18,0.9716172036640185,3.0146568136412256E-17,1.7550453656346197E-17,
9.846246787594192E-20,7.308086161631834E-5,1.133497274467571E-19,0.9999269191383882,1.1296397288176998E-19,1.7879316617494376E-19,
2.2148601157902597E-19,0.15095792924604895,1.6864949147475414E-19,0.8490420707539531,2.1706216562702614E-19,1.449907111955821E-19,
1.2599705333094398E-20,0.0020953543958344375,1.1538803481944931E-21,0.997904645604167,3.7226920125558535E-20,1.8255331818458392E-20,
1.0675680737810898E-12,0.03858902926589061,2.183489178372739E-12,0.9614109707267012,2.851735508586887E-12,1.3067983488732418E-12,
4.783364673438157E-11,0.0932187526377973,8.886245147272151E-11,0.906781247056047,5.30635921773957E-11,1.163962725380801E-10,
6.654012876711039E-16,0.07617481330417847,9.58186683637636E-16,0.9238251866958217,1.2056588218976696E-15,9.223991890617451E-16,
3.5608724837786016E-14,0.07535932281491059,1.8692434002730545E-14,0.9246406771848941,8.479841586993289E-14,5.520728275363232E-14,
1.820064302553878E-14,0.015285683374071405,5.714075418978036E-15,0.9847143166258367,3.989917403797558E-14,2.9208858654758117E-14,
5.298117952154322E-16,0.010055341207291613,4.4875592935787244E-17,0.9899446587927064,1.9253137708477103E-16,1.2612313249936834E-16,
1.9059026415370273E-16,0.01781353640730079,1.897601966206023E-16,0.9821864635926973,3.4529566224254805E-16,3.398389570127976E-16,
2.2500288203814436E-20,0.005856208950136424,1.5989617002437045E-20,0.9941437910498588,2.2968796659875054E-20,1.2747907994079021E-20,
1.4563568241637038E-19,0.001578615505960617,1.5912319570021838E-19,0.9984213844940437,9.553929446204464E-20,2.580836830890224E-20,
4.0729230626483345E-23,0.18269243427803125,3.348739306075939E-23,0.8173075657219703,6.856406304732954E-23,4.2398150343183903E-23,
2.2485011905934186E-21,0.021915538530628467,7.480403700995292E-22,0.978084461469367,1.03408028482577E-21,1.945128552245775E-21,
1.6030699125365248E-19,0.15692474968197426,2.284817364212824E-19,0.8430752503180262,3.7031184561573896E-19,1.1278555829306342E-19,
4.123203704887915E-24,0.1123962912306539,2.1953225265695194E-24,0.8876037087693477,9.003046181621311E-24,3.647520451169635E-24,
1.9650945517921127E-21,0.003241707024644233,2.789855975415973E-21,0.9967582929753512,2.679128021542255E-20,4.086613874953637E-21,
2.54666029286939E-18,0.18693542229282256,2.4043879869655147E-18,0.8130645777071766,3.1942452596080444E-18,1.3247461041020244E-18,
2.33112788393797E-19,0.13902507002310643,5.697312274987264E-19,0.8609749299768962,7.475816542171039E-19,6.234089094759551E-19,
1.541139830869123E-27,0.24940411692771725,9.52976638422975E-28,0.7505958830722866,2.606705107236536E-27,1.06215555787853E-27,
1.1176567436759206E-20,0.010480424697966808,1.1430317893623098E-19,0.9895195753020336,3.9341226465526954E-19,8.337956720493479E-20,
1.0465869778548534E-24,0.0032863415958351823,6.142102268111075E-25,0.996713658404162,4.620550348712902E-25,6.330623605378471E-25,
1.1106974233419874E-20,0.017309694622493807,1.0288821615493655E-20,0.9826903053775113,1.4857027201512345E-20,1.834982572325973E-20,
3.34575941158957E-23,0.03453825549121752,3.0845305129986037E-23,0.965461744508778,2.0664682335205625E-22,1.4103225464348877E-22,
7.536949680504445E-24,4.5234863851341285E-6,4.0016079628308055E-24,0.999995476513616,5.975541707865967E-24,4.132121740385224E-24,
1.1422121686147326E-22,0.018606976942822134,1.2173222183424055E-22,0.9813930230571805,2.631849394351125E-22,1.9538530359884811E-22,
3.5631363119078075E-13,0.0607312324677939,3.8626153914179286E-13,0.9392687675306967,6.511565677771677E-13,1.1729268268210801E-13,
3.071439074057822E-14,0.0046007224105733815,3.7306511367891106E-14,0.9953992775892305,1.0936613775880836E-13,1.5419917163694578E-14,
1.3427187319340437E-16,0.08264493749437582,7.330317177452551E-17,0.9173550625056258,1.7342817048591389E-16,5.306581399278139E-17,
4.233479491190275E-17,0.2974609364198783,5.839415785778921E-17,0.7025390635801181,4.944484844317713E-16,3.5338009373994613E-16,
5.188518766295783E-18,0.1647965205371064,2.155797865749569E-18,0.8352034794628915,1.152519941377767E-17,4.385598277790766E-18,
1.4136276719337004E-20,0.07768837142789789,1.1547572981256928E-20,0.922311628572105,4.275170273952348E-20,7.37680171759462E-21,
4.4552027952313043E-13,0.1181381072613117,3.8253670501501543E-13,0.8818618927347888,2.7419584369239746E-12,3.2910534321721434E-13,
1.9987616726910213E-15,0.19082116154093648,1.3696481314520894E-15,0.8091788384590423,1.658822011463345E-14,3.825926973157435E-15,
2.385877396269208E-15,0.13643404161680808,3.598491467966021E-15,0.863565958383155,2.1057911496553622E-14,5.01593776233566E-15,
3.2052949316996333E-13,0.0188189207954398,2.831700749429902E-13,0.9811810792033115,5.254741215702576E-13,1.1884131133651443E-13,
1.2152542585491071E-17,0.1455020592017093,7.150538554903528E-18,0.8544979407982911,6.118214232035754E-17,2.1018629575351923E-17,
1.8548177471144482E-15,0.0990441949840785,2.2900512422216275E-15,0.900955805015912,1.0244458536007229E-14,1.9003709639121904E-15,
7.678912680150546E-18,0.05628498335448005,3.3575794830194394E-18,0.9437150166455209,1.717013394855145E-17,5.41665333337849E-18,
5.53938591548334E-13,0.24342667944285987,2.856513033248185E-13,0.7565733205511779,4.612644278714874E-12,5.125693371391279E-13,
8.732849380504633E-14,0.16852308972078592,3.048303601014003E-14,0.8314769102774152,1.5102466148340299E-12,1.7152082166704347E-13,
7.650274236299208E-15,0.13965500822408627,4.9484663741543454E-15,0.8603449917758028,7.842286692707864E-14,2.0900516316152485E-14,
7.359820185842227E-14,0.0025248444411720607,3.17965652479713E-14,0.9974751555579984,6.47089822868919E-13,7.8008687721698E-14,
8.837109048735742E-16,0.006806930224630162,4.972523148102063E-15,0.9931930697753413,2.1684425630727038E-14,4.165151332755117E-15,
5.1388930018719253E-17,0.15695156765152657,9.984749655672477E-17,0.843048432348473,1.6038137128371696E-15,3.4968065274008535E-16,
3.415875028622735E-16,0.16665488049734614,1.4340993084005446E-16,0.8333451195026431,5.0636657980230756E-15,3.4336347394791114E-16,
3.1677240593451337E-22,0.014508505310467852,3.8467680245872676E-22,0.9854914946895341,5.799411712749696E-21,6.449368180339E-22,
1.0176317855829488E-23,0.04775555863104546,7.850345022440747E-24,0.9522444413689497,1.9241002541382296E-22,3.526151985143322E-23,
8.423841020496016E-22,0.090144283011969,6.757661318517548E-22,0.9098557169880305,1.5182909638170584E-20,1.3300292350586106E-21,
1.1928098411629748E-20,0.07026388554658147,1.6900043424954404E-20,0.9297361144534196,2.5734942934388834E-19,2.162835608697934E-20,
7.442246441631785E-19,0.015133853576688719,1.0483738842274531E-18,0.9848661464233109,5.313869793856694E-17,2.559879627965709E-18,
3.2301746561371917E-19,0.008778772346514157,1.5461043038223626E-19,0.9912212276534855,1.1574533717016673E-17,6.333094784062728E-19,
2.4872839339366896E-16,0.00966036698736092,3.583424605479462E-16,0.9903396330126318,2.596536496270828E-15,3.4754867496193163E-16,
1.914554812385985E-20,0.14968558346798239,2.2807336709442557E-20,0.8503144165320167,2.5001438302322548E-18,2.2979423105444257E-19,
2.4189217738927893E-19,1.0935828638643358E-4,4.433712469666322E-19,0.9998906417136122,1.9389771688781034E-18,2.687796867806296E-19,
1.2684571615509069E-18,0.1987424898222048,1.4235711481837762E-18,0.8012575101777949,1.754580482608333E-17,1.428734793110006E-18,
1.9607182211365574E-14,0.01737748959513429,1.5920161661374498E-14,0.9826225104045385,2.707558732859398E-13,1.9763720102284357E-14,
7.173997604528883E-17,0.04963563487326519,1.0123260842274972E-16,0.9503643651267291,5.642177412972556E-15,1.6617561167089412E-16,
7.253640316867316E-16,0.05978987204013004,5.650245445011902E-16,0.9402101279598507,1.9119510428836723E-14,5.165960479444669E-16,
1.0434975644711083E-14,0.07198066819846069,6.205662227658829E-15,0.9280193318014417,7.863894168648987E-14,8.807164819981437E-15,
2.703834855870041E-15,0.03533957417350191,1.6922955564723266E-15,0.9646604258263903,9.535900646157275E-14,1.0203574562340647E-14,
1.903930593573111E-17,0.0014430569872120405,4.436408551467538E-17,0.9985569430127889,1.689714161305553E-15,2.0733747949189574E-16,
9.928135626502207E-12,0.09290128266206091,7.33930287665779E-12,0.9070987171106034,1.9920595487456734E-10,1.0861897187531603E-11,
6.41665261645256E-19,0.03311841148126907,4.0262278897399836E-19,0.9668815885187306,2.0479527875733618E-17,8.326478950697861E-19,
3.2991435523276153E-22,0.003851260754652918,1.6036372610663635E-21,0.9961487392453515,1.8690852106449742E-20,3.2033107507875024E-21,
6.2340318176392696E-15,0.027701603290316918,3.244593958321879E-15,0.972298396709543,1.2668150737072144E-13,4.850808053095247E-15,
3.2537373607510906E-15,0.01965543307086778,4.200603943394024E-15,0.980344566929022,9.530334781482042E-14,2.2715548705933783E-15,
6.502392720943201E-17,0.03991887142680111,5.977216833764822E-17,0.9600811285732004,4.69322743646046E-16,9.070928167507381E-17,
1.2259262217818083E-19,0.009100473619148034,7.987892177208352E-20,0.9908995263808573,1.791208707942587E-17,9.816695887239523E-19,
9.190205904840091E-19,5.261314594534773E-4,3.4784701294237524E-19,0.9994738685405443,7.67122516267948E-17,1.7347094311181829E-18,
8.161626717210698E-23,1.0608103227397712E-5,1.4670704681792388E-22,0.9999893918967742,3.599015052620442E-20,1.8528081110802617E-21,
3.113756081321366E-19,0.06283466259036478,9.449898994765565E-20,0.93716533740963,5.094581380902051E-18,1.555478244280699E-18,
3.9039656308255305E-15,5.74134633010935E-4,2.132657970755563E-15,0.9994258653668311,1.4992654841713348E-13,1.904830647334237E-15,
9.44593688505297E-15,0.013108018125428233,1.2049060677962312E-14,0.9868919818737236,8.197660799371226E-13,8.420099451806922E-15,
6.717289058655684E-15,0.0010704935250559764,7.418030869540508E-15,0.9989295064741903,7.251973175806976E-13,1.583004188915787E-14,
6.29310257693224E-12,0.005443986230623892,7.650500094549571E-12,0.9945560135198196,2.3240985190269745E-10,3.2004275164958984E-12,
4.677180602169409E-13,0.022025171861565235,2.0152487012293917E-13,0.9779748281216316,1.564190463891881E-11,4.92500094860688E-13,
8.716720411142742E-15,0.005674454365918202,5.9589114245938386E-15,0.9943255456333537,6.998483584988604E-13,1.1228360796076731E-14,
1.0799607216787893E-15,0.010001083359371972,1.9447128805814144E-15,0.9899989166405758,4.7914565025091627E-14,2.229069141646767E-15,
1.4505179988158964E-16,0.13653282857198357,1.2338104597052658E-16,0.8634671714279791,3.690409091112723E-14,1.2806857405222688E-15,
2.629001631511063E-16,0.00206373950145495,1.4829282419944101E-15,0.997936260498478,6.538304012355777E-14,1.8503429540442195E-15,
7.201219479840137E-21,4.5857180228808206E-4,4.96516132869397E-21,0.9995414281977116,7.17200442646499E-19,1.0048525306681862E-20,
4.0885340230707845E-19,0.010071520895552787,9.703832391190956E-20,0.9899284791044494,7.60716470870525E-17,1.1000669460053399E-17,
4.229512146822511E-14,0.03665398091650048,4.359041214982248E-14,0.9633460190795436,3.830887193553962E-12,4.2087548308072777E-14,
7.913907387713434E-16,0.015896604593440992,6.610567580777863E-16,0.9841033954064452,1.0640689537609351E-13,1.4928979438534181E-15,
1.2244002322795017E-14,0.08539115408998361,9.300201136751443E-15,0.9146088459070166,2.932804768548444E-12,4.344872291596714E-14,
3.8595142112274243E-17,4.3035263669539286E-4,1.7004107798187785E-17,0.9995696473632987,9.953918775664355E-15,1.1525227565712546E-16,
2.498012993989222E-15,0.0014259740764685294,2.3679907032929627E-16,0.9985740259230819,4.417780388540857E-13,3.7213639483842806E-15,
3.145820246163517E-20,0.06225165594281577,3.547819788351992E-20,0.9377483440571818,3.695956758226405E-17,2.314785051647903E-19,
1.2065778685784496E-16,0.06365328225250749,2.4688775539037604E-17,0.9363467177473789,1.0989795155670322E-13,5.763272300720464E-16,
2.2256395931022364E-13,0.006128286010780199,1.7877461785249676E-13,0.9938717139394161,4.9063408035710414E-11,3.378026727082951E-13,
3.8912489486854036E-22,0.022229700698841937,1.7600955762898544E-22,0.9777702993011592,3.324395582285087E-19,3.953924208662232E-21,
8.408361647020162E-16,0.015120189125191724,4.43905414198967E-16,0.9848798108744125,3.9309049704135885E-13,1.3533335161268312E-15,
9.09108495905512E-17,0.0057428509029692175,7.029885795061463E-17,0.9942571490967836,2.4088644725563916E-13,7.77056938381036E-17,
7.046795710239526E-18,0.0012791340594163463,6.719481841278691E-18,0.9987208659405766,1.0448008130570306E-14,4.2433860194280525E-18,
3.019475564239177E-18,0.0032210843614688843,1.3686608360454597E-18,0.996778915638521,1.1739007187244551E-14,2.586434879451287E-18,
3.4480775532476403E-19,0.009387040709898525,1.0266142788926124E-18,0.9906129592900991,3.737743716371321E-15,5.168557041221176E-19,
5.222183500332869E-16,0.02122041145426933,6.06534943343936E-16,0.9787795885446567,1.071120447956842E-12,6.580421590285479E-16,
8.543835516143376E-16,0.02210872311804492,1.0480466375922077E-15,0.9778912768801541,1.795045576141831E-12,1.4478505050546438E-15,
2.5260825351472426E-15,0.028253921356290308,6.397482994709221E-16,0.9717460786405346,3.1659666888630787E-12,3.104839259338889E-16,
2.723383186703762E-15,0.0372149904322499,6.492537022613924E-15,0.9627850095141429,5.3594481721189276E-11,6.032112432456089E-15,
2.1898621079963273E-16,0.0011662614048927747,3.2685855643727106E-16,0.998833738594002,1.1039446351753738E-12,1.421415960862204E-16,
9.567202851689665E-19,0.021852146331723228,1.6991886059277532E-18,0.9781478536682687,8.113769258982448E-15,9.416232755048864E-19,
9.17988600487855E-13,0.003144033257472628,5.0154361127154E-13,0.9968559657442457,9.967283661298598E-10,1.354101891874398E-13,
4.722150510170404E-16,4.6934656855930764E-4,1.6459530702487662E-15,0.9995306534259639,5.472353519197889E-12,9.058759229304317E-16,
1.349825749749851E-15,0.004173956923649972,3.8715338782999306E-16,0.9958260430542972,2.2046666450444213E-11,2.1004117460260684E-15,
1.0640035351299016E-18,0.035888137482147364,1.7357517400693383E-18,0.9641118625178489,6.642743746482889E-15,1.564428708924079E-18,
1.5896836815379997E-14,0.003591488583018575,1.0374463763685226E-14,0.9964085112570156,1.599133063614941E-10,2.80034395734872E-14,
2.0905589183090348E-21,8.436224741854381E-4,8.270570849596978E-21,0.999156377525813,6.129969267238077E-17,3.370225749897418E-21,
7.956444089166185E-15,0.005138284359565615,2.8472608004165236E-15,0.9948617155832318,5.71875798342067E-11,7.625698271138233E-15,
1.6500882462453367E-19,5.576966925885464E-4,6.834740764568755E-21,0.999442303307399,6.518509502644545E-15,1.732079051843327E-19,
2.792506728594168E-15,0.01281298983802667,7.618201963188893E-16,0.9871870101187297,4.3240855855180515E-11,1.3278827557944741E-15,
2.071168878039699E-17,5.755799800789804E-4,3.373302320292609E-17,0.9994244200191851,7.340023448160702E-13,1.855205134056624E-17,
2.7953073100158592E-14,0.0038605695975743406,1.5098427808834202E-13,0.9961394254332522,4.968784344749362E-9,2.1059841298375712E-13,
7.356770408032545E-16,5.389975332813708E-4,6.773606059456144E-16,0.9994610024487355,1.7980891845475608E-11,1.896732489602326E-16,
9.934654752727017E-14,0.018389141734784935,4.8966598064129594E-14,0.9816108571008063,1.1641974507482405E-9,6.215377719724431E-14,
3.054210824481685E-15,0.016746210170132787,1.2917501845879124E-15,0.9832537897317669,9.809016083991014E-11,3.5882036798686495E-15,
2.4986223598513485E-16,0.05451492388106897,2.025655312677984E-16,0.9454850761134582,5.4728489112531095E-12,2.7834791227935226E-16,
2.0056463828615227E-14,0.016166550510871663,4.1163855564695215E-15,0.9838334491301404,3.589592149332768E-10,4.060597526816056E-15,
3.2215529886216973E-18,2.3449720798465008E-4,3.3383296290677996E-18,0.9997655027919163,9.827844687640017E-14,4.739550919823552E-18,
2.225826128310728E-15,0.0017292809830442653,2.0963584612562932E-15,0.9982707189669806,4.996387170974418E-11,1.4116523951010773E-15,
5.068976454308256E-17,9.812362817117112E-4,1.6308564560681115E-17,0.9990187637176196,6.683724357063757E-13,6.109005530145863E-18,
1.9526138743954726E-16,0.013026067891756797,1.3692180639319917E-16,0.9869739321021129,6.133309903319914E-12,2.2994833747262887E-16,
6.038641122344138E-18,8.008881072706494E-4,3.1072443341361034E-18,0.9991991118927077,2.233488804584975E-14,1.6112931667136226E-18,
5.474827156549586E-18,0.024433298307510332,2.9985659611706315E-18,0.9755667016923976,8.651317694331235E-14,4.110291151150595E-18,
1.6756238629629047E-20,0.014150317128219273,1.8119929497406292E-20,0.9858496828717839,8.367234165426367E-16,2.1854891895612024E-20,
1.4331967279414406E-17,0.008225922164406176,1.7817347391826843E-17,0.9917740778349409,6.557296136124366E-13,2.6764324989704312E-17,
1.2177398069496593E-21,0.002696568092083111,8.23320009930533E-22,0.9973034319079219,2.2796963950971015E-17,4.86934244053212E-22,
4.922369385711892E-21,0.006664606796378206,3.957963750063169E-21,0.9933353932036249,1.7198923101159955E-16,3.433626881367266E-21,
6.673195261168119E-21,0.014126867582890822,3.932201406653103E-21,0.9858731324171068,2.9581722856772826E-16,8.618617040790725E-21,
1.794251577702731E-17,0.0012828235922610588,8.41928707592264E-18,0.9987171764068374,9.006975876237942E-13,3.4704994190411475E-17,
1.4272277141890048E-19,0.0026282270914984433,4.2586779569214535E-20,0.9973717729085018,2.8127988755527044E-15,1.4765828798173415E-19,
2.048087454466801E-25,5.377569360098448E-4,2.3984532699003635E-25,0.999462243063986,3.564610721393007E-20,3.908869811835419E-25,
1.4306625836652198E-22,0.012026256961131574,1.216453903065231E-22,0.9879737430388711,1.6098060319794942E-18,1.1371634545931983E-22,
3.5790965090066876E-25,0.017864357801659923,3.173974589618427E-25,0.9821356421983402,1.4345710937234818E-20,4.275948925837038E-25,
1.6831912852920907E-21,0.003960241886886845,1.7943973452825736E-21,0.9960397581131067,3.510397400053053E-17,1.45592418598898E-21,
3.921238145902412E-19,3.8661976587686425E-4,1.7503772215661215E-19,0.9996133802341163,5.973785115417007E-15,4.561107489931832E-19,
4.218520499124631E-13,0.0025960755187466743,4.267462866844386E-13,0.9974039182325286,6.247494349081278E-9,3.806935591529511E-13,
2.0227777230917732E-15,7.268533360894468E-5,2.9313257359062385E-15,0.9999273145705331,9.584405771273729E-11,5.2154268937805246E-15,
5.122205826992546E-19,0.00610103779545505,4.076134371738124E-19,0.9938989622045402,5.7341680585147794E-15,2.04990303196461E-19,
4.90735558785425E-18,2.6848688209398175E-4,6.157975926476128E-18,0.9997315131178202,8.760218217067089E-14,3.983816204955541E-18,
4.30739111069783E-15,0.0022999194112993536,3.5963222774292826E-15,0.9977000803492364,2.3945406912737747E-10,2.808858326688076E-15,
7.570477735903037E-15,0.014008086678925195,5.078116681362324E-15,0.9859919130821716,2.388844072029359E-10,5.186493208668442E-15,
8.131903929307876E-19,0.004502228273575618,4.68073271285188E-19,0.9954977717263439,8.233238978685785E-14,1.0362890453859616E-19,
2.2912948037588555E-19,0.010398126852774275,3.2364682546461613E-19,0.989601873147219,1.188864937002061E-14,2.7231292459880474E-19,
6.319122953665986E-25,0.010416676895189981,4.841590021107868E-25,0.9895833231048141,5.54015584471501E-20,5.049064628776757E-25,
3.940762704498108E-21,0.011523899204990582,3.555901597530064E-21,0.9884761007950078,2.7078699637165338E-17,1.0814684873695477E-21,
1.3292521882164161E-20,0.0016138383281954888,4.625105151646652E-20,0.9983861616717985,1.5155372812687878E-15,7.352353559218148E-20,
1.297820097360948E-21,0.004750180847637607,4.455141847401331E-22,0.9952498191523602,2.198379572209652E-16,7.12269806603146E-22,
3.655064903037476E-24,4.485139719504913E-5,3.0327855132885928E-24,0.9999551486028028,1.4210823044662046E-19,3.0055943329838823E-24,
1.200528778735387E-24,0.006587043963278115,1.5257890545885165E-24,0.9934129560367257,5.9574964057421E-20,1.6455948377226424E-24,
3.652939873864533E-18,0.002969649166149151,1.73028155805918E-18,0.9970303508338001,4.9489563509198136E-14,1.9156645461113136E-18,
2.3474472866720997E-21,0.027853649817035128,2.088047884384854E-21,0.9721463501829671,2.064197123012058E-16,3.0571808944927854E-21,
5.58029445642631E-24,0.008993436678544083,2.2685737646943356E-24,0.9910065633214552,4.3293703562118984E-19,2.1962604483180853E-24,
1.554546005380666E-25,9.606917067225053E-5,1.4726183776310006E-27,0.9999039308293268,4.746382197339266E-21,6.125407770745654E-26,
1.257613227034204E-17,0.002198931096290359,1.2767024730913975E-17,0.9978010689028041,9.008371831361272E-13,5.2951367134037525E-18,
7.00057945490576E-19,0.006894598560519868,2.0607311260543077E-19,0.9931054014394487,3.472786367523302E-14,8.324440378094751E-19,
5.74908798179435E-16,0.019720006478935067,2.4275502167707833E-16,0.9802799934873561,3.370707970024797E-11,1.6902096413861663E-16,
2.7929715076366204E-17,0.006990526702504564,4.773799415241955E-18,0.9930094732953546,2.1404063335904626E-12,3.820342692599708E-17,
1.2534716624391535E-17,4.0877826640689475E-4,4.3197050703801047E-17,0.9995912217118755,2.172113952086438E-11,8.417526531741826E-17,
8.825080890883773E-21,9.511664221139795E-6,1.139961897240266E-20,0.9999904883357752,5.97510813329355E-15,9.217596375155883E-21,
1.6629071450695353E-17,0.013933628832383015,1.7022425288102684E-17,0.9860663711641762,3.4410892816093704E-12,2.954313762940861E-18,
1.2479728739717104E-13,0.0065887218304321645,1.52661852386294E-13,0.9934112603345112,1.7834661842093665E-8,1.1394586132124823E-13,
4.568567377353462E-17,0.0018258312965327532,4.597405492397749E-17,0.9981741686952245,8.243257099759641E-12,2.3319981568456546E-17,
6.584792029925518E-20,0.009483109995428557,1.9263461670076655E-20,0.9905168900045576,1.605013475450079E-14,4.0404418304866607E-20,
1.0356638885718726E-19,0.013737512046930259,9.680203175698566E-20,0.9862624879530625,9.67001193614451E-15,1.3923220816111736E-19,
2.3470069607661124E-24,0.013472585501489127,1.6214899563156173E-24,0.9865274144985076,3.3896813834957065E-19,6.909483800666868E-25,
1.8040709838864696E-20,0.011445368517435033,1.001395018008868E-20,0.9885546314825594,4.837400946570386E-15,5.793330932221152E-21,
2.765504950523786E-21,0.010096933690000262,2.1256801556977834E-21,0.9899030663099968,4.171248845749248E-16,9.859784667640713E-22,
1.2115424020034086E-19,0.002649152821417832,2.435623997719253E-19,0.9973508471785592,2.4019686562018128E-14,2.387413007555103E-19,
5.257216889782787E-22,0.002762366175804761,3.4392821499819316E-22,0.9972376338241974,2.0294793310368E-16,6.937531241775437E-23,
1.2192601419874243E-20,2.4669349285682336E-4,9.242796631954083E-21,0.9997533065071453,1.3977517859030787E-15,5.675887108828203E-21,
4.727987041831112E-19,0.009232268646563796,6.809846401418584E-19,0.9907677313533861,4.947624235527449E-14,5.283841510890281E-19,
4.998729248227196E-22,0.0013075877871395797,3.467695683957001E-22,0.9986924122128616,8.639675406303457E-17,3.7962637190664786E-22,
2.9655654417725427E-22,4.287206638633396E-4,1.9090563550626379E-22,0.9995712793361393,1.4117713263294222E-16,1.9724537882033788E-22,
7.62137418802231E-23,0.0017538198329938167,4.912953479040022E-23,0.998246180167005,2.4426480183147087E-17,5.732921775949334E-23,
3.832720296967833E-21,0.0013882164270637442,3.424697864431853E-21,0.998611783572934,5.766830183312327E-16,2.983459655396315E-21,
4.355374745636156E-17,0.014991704783707047,5.070357002870927E-17,0.9850082952093931,6.903797936417778E-12,4.051436523982706E-17,
7.129375618832795E-20,0.036101024569600786,8.217470219443415E-20,0.9638989754303718,2.5549887563576244E-14,5.464441350398002E-20,
2.603402848517772E-19,0.0014862916592769512,4.014149687108041E-19,0.998513708340681,4.465027867196477E-14,5.80895937513888E-19,
4.428906656823898E-21,4.953641759650103E-4,1.4860940815646114E-21,0.9995046358240275,2.4439654386430825E-15,4.358564871712259E-21,
6.735452373712483E-24,0.011445239776698026,4.782367134329433E-24,0.9885547602232992,4.505548697205557E-18,4.276277567493365E-24,
