
0.14285714285714282, 0.14285714285714282, 0.14285714285714282, 0.14285714285714282, 0.14285714285714282, 0.14285714285714282, 0.14285714285714282, 
0.14285714285714288, 0.14285714285714288, 0.14285714285714288, 0.14285714285714288, 0.14285714285714288, 0.14285714285714288, 0.14285714285714288, 
0.14285714285714285, 0.14285714285714285, 0.14285714285714285, 0.14285714285714285, 0.14285714285714285, 0.14285714285714285, 0.14285714285714285, 
0.14285714285714285, 0.14285714285714285, 0.14285714285714285, 0.14285714285714285, 0.14285714285714285, 0.14285714285714285, 0.14285714285714285, 
0.14285714285714288, 0.14285714285714288, 0.14285714285714288, 0.14285714285714288, 0.14285714285714288, 0.14285714285714288, 0.14285714285714288, 
0.14285714285714285, 0.14285714285714285, 0.14285714285714285, 0.14285714285714285, 0.14285714285714285, 0.14285714285714285, 0.14285714285714285, 
0.14285714285714285, 0.14285714285714285, 0.14285714285714285, 0.14285714285714285, 0.14285714285714285, 0.14285714285714285, 0.14285714285714285, 
0.14285714285714288, 0.14285714285714288, 0.14285714285714288, 0.14285714285714288, 0.14285714285714288, 0.14285714285714288, 0.14285714285714288, 
0.14285714285714288, 0.14285714285714288, 0.14285714285714288, 0.14285714285714288, 0.14285714285714288, 0.14285714285714288, 0.14285714285714288, 
0.14285714285714285, 0.14285714285714285, 0.14285714285714285, 0.14285714285714285, 0.14285714285714285, 0.14285714285714285, 0.14285714285714285, 
0.14285714285714285, 0.14285714285714285, 0.14285714285714285, 0.14285714285714285, 0.14285714285714285, 0.14285714285714285, 0.14285714285714285, 
0.13297246201358826, 0.13297246201358826, 0.13297246201358826, 0.20216522791847055, 0.13297246201358826, 0.13297246201358826, 0.13297246201358826, 
0.1336450141447899, 0.1336450141447899, 0.1336450141447899, 0.19812991513126038, 0.1336450141447899, 0.1336450141447899, 0.1336450141447899, 
0.13342303210752798, 0.13342303210752798, 0.13342303210752798, 0.199461807354832, 0.13342303210752798, 0.13342303210752798, 0.13342303210752798, 
0.13383914795503193, 0.13383914795503193, 0.13383914795503193, 0.19696511226980842, 0.13383914795503193, 0.13383914795503193, 0.13383914795503193, 
0.13431748603316257, 0.13431748603316257, 0.13431748603316257, 0.19409508380102444, 0.13431748603316257, 0.13431748603316257, 0.13431748603316257, 
0.13369336880832067, 0.13369336880832067, 0.13369336880832067, 0.19783978715007608, 0.13369336880832067, 0.13369336880832067, 0.13369336880832067, 
0.13341326769462364, 0.13341326769462364, 0.13341326769462364, 0.19952039383225825, 0.13341326769462364, 0.13341326769462364, 0.13341326769462364, 
0.13261033179725393, 0.13261033179725393, 0.13261033179725393, 0.20433800921647624, 0.13261033179725393, 0.13261033179725393, 0.13261033179725393, 
0.13394245791971227, 0.13394245791971227, 0.13394245791971227, 0.19634525248172646, 0.13394245791971227, 0.13394245791971227, 0.13394245791971227, 
0.13275165553320828, 0.13275165553320828, 0.13275165553320828, 0.20006776528370024, 0.1361739570502584, 0.13275165553320828, 0.13275165553320828, 
0.13267410514775332, 0.13267410514775332, 0.13267410514775332, 0.19679587595333337, 0.13983359830790007, 0.13267410514775332, 0.13267410514775332, 
0.13395543484101027, 0.13395543484101027, 0.13395543484101027, 0.19215397525497369, 0.13806885053997495, 0.13395543484101027, 0.13395543484101027, 
0.13311955044875234, 0.13311955044875234, 0.13311955044875234, 0.19056821046826697, 0.14383403728797137, 0.13311955044875234, 0.13311955044875234, 
0.13216891858334798, 0.13216891858334798, 0.13216891858334798, 0.19109431060635088, 0.14806109647690932, 0.13216891858334798, 0.13216891858334798, 
0.13383407829368205, 0.13383407829368205, 0.13383407829368205, 0.19026058964491543, 0.14056901888667428, 0.13383407829368205, 0.13383407829368205, 
0.13359134238896045, 0.13359134238896045, 0.13359134238896045, 0.19038349265429416, 0.14165979540090348, 0.13359134238896045, 0.13359134238896045, 
0.13343906299463085, 0.13343906299463085, 0.13343906299463085, 0.18942087251674847, 0.14338381251009744, 0.13343906299463085, 0.13343906299463085, 
0.13186918260148317, 0.13186918260148317, 0.13186918260148317, 0.19687799670157793, 0.1437760902910062, 0.13186918260148317, 0.13186918260148317, 
0.13280986785930407, 0.13280986785930407, 0.13280986785930407, 0.19546012061958004, 0.14049054008389958, 0.13280986785930407, 0.13280986785930407, 
0.13273339145906324, 0.13273339145906324, 0.13273339145906324, 0.19568667995654823, 0.14064636274813563, 0.13273339145906324, 0.13273339145906324, 
0.12668078465710192, 0.12668078465710192, 0.12668078465710192, 0.2294039451125296, 0.13719213160196067, 0.12668078465710192, 0.12668078465710192, 
0.12729793187211072, 0.12729793187211072, 0.12729793187211072, 0.22055851207161944, 0.14295182856782696, 0.12729793187211072, 0.12729793187211072, 
0.12538344245882926, 0.12538344245882926, 0.12538344245882926, 0.22487716110140898, 0.14820562660444458, 0.12538344245882926, 0.12538344245882926, 
0.12470263820914614, 0.12470263820914614, 0.12470263820914614, 0.21556790706280812, 0.16091890189146124, 0.12470263820914614, 0.12470263820914614, 
0.1257275028730808, 0.1257275028730808, 0.1257275028730808, 0.21733209684053878, 0.15403038879405717, 0.1257275028730808, 0.1257275028730808, 
0.12662038561648048, 0.12662038561648048, 0.12662038561648048, 0.2168657279605222, 0.15003234395707546, 0.12662038561648048, 0.12662038561648048, 
0.12480359017986513, 0.12480359017986513, 0.12480359017986513, 0.22830174985471174, 0.1476802992459627, 0.12480359017986513, 0.12480359017986513, 
0.12640921471362498, 0.12640921471362498, 0.12640921471362498, 0.2186789095956067, 0.14927501683626823, 0.12640921471362498, 0.12640921471362498, 
0.12512948575797256, 0.12512948575797256, 0.12512948575797256, 0.22250557953501338, 0.15184699167512375, 0.12512948575797256, 0.12512948575797256, 
0.12660317554717723, 0.12660317554717723, 0.12660317554717723, 0.2176266806160327, 0.14935744164808099, 0.12660317554717723, 0.12660317554717723, 
0.12582653429731952, 0.12582653429731952, 0.12582653429731952, 0.2183222540610664, 0.1525450744523361, 0.12582653429731952, 0.12582653429731952, 
0.11824377131440687, 0.17762727742491646, 0.11824377131440687, 0.2021702381579713, 0.14722739915948474, 0.11824377131440687, 0.11824377131440687, 
0.11756426983236505, 0.1776923727227036, 0.11756426983236505, 0.20268613142795727, 0.14936441651987895, 0.11756426983236505, 0.11756426983236505, 
0.11908289113991345, 0.17461937645314746, 0.11908289113991345, 0.19812041134669187, 0.15092864764050687, 0.11908289113991345, 0.11908289113991345, 
0.11776456411593907, 0.1739152876188603, 0.11776456411593907, 0.19821055131437887, 0.15681590460300468, 0.11776456411593907, 0.11776456411593907, 
0.11948420246428848, 0.17470829519542247, 0.11948420246428848, 0.1972558341931993, 0.1500990607542243, 0.11948420246428848, 0.11948420246428848, 
0.12031588812785374, 0.17203019719792143, 0.12031588812785374, 0.19375624938105615, 0.15295000090960745, 0.12031588812785374, 0.12031588812785374, 
0.11564481036764634, 0.17615440311112565, 0.11564481036764634, 0.20495207624128534, 0.15631427917700355, 0.11564481036764634, 0.11564481036764634, 
0.11940775925679821, 0.17487642440453663, 0.11940775925679821, 0.19809506479943254, 0.14939747376883808, 0.11940775925679821, 0.11940775925679821, 
0.12162490682619552, 0.1706043383836306, 0.12162490682619552, 0.1913166598081524, 0.15157937450343492, 0.12162490682619552, 0.12162490682619552, 
0.1202050049756191, 0.1726008685941821, 0.1202050049756191, 0.1947625790454389, 0.15181653245790255, 0.1202050049756191, 0.1202050049756191, 
0.11922572857129292, 0.1765272189634327, 0.11922572857129292, 0.19933373588089187, 0.1472361308705038, 0.11922572857129292, 0.11922572857129292, 
0.11971879023731942, 0.17697042368237895, 0.11971879023731942, 0.1991783431671376, 0.1449760722012058, 0.11971879023731942, 0.11971879023731942, 
0.1191730008988679, 0.17827399255522622, 0.1191730008988679, 0.20328701009253997, 0.1417469937567622, 0.1191730008988679, 0.1191730008988679, 
0.11972175129070736, 0.17632255733720842, 0.11972175129070736, 0.19963577071108798, 0.14515466678887406, 0.11972175129070736, 0.11972175129070736, 
0.11972741018706798, 0.17727033361200953, 0.11972741018706798, 0.20052546428528273, 0.14329456135443577, 0.11972741018706798, 0.11972741018706798, 
0.11877385338764873, 0.17876599794203965, 0.11877385338764873, 0.20373725293457268, 0.1424013355727927, 0.11877385338764873, 0.11877385338764873, 
0.11768874634635712, 0.17597093411655032, 0.11768874634635712, 0.20392892300268087, 0.14934515749534027, 0.11768874634635712, 0.11768874634635712, 
0.11931439488354617, 0.17940826987660483, 0.11931439488354617, 0.20165517312071, 0.14167897746850067, 0.11931439488354617, 0.11931439488354617, 
0.12057905694045203, 0.17559562691479566, 0.12057905694045203, 0.197043971256192, 0.14504417406720424, 0.12057905694045203, 0.12057905694045203, 
0.1222599251218146, 0.17409807329667878, 0.1222599251218146, 0.19508194271232435, 0.14178028350373845, 0.1222599251218146, 0.1222599251218146, 
0.1214627171038409, 0.17783090426171516, 0.1214627171038409, 0.1994459632324921, 0.13687226409042896, 0.1214627171038409, 0.1214627171038409, 
0.12119726093017477, 0.17981213798413043, 0.12119726093017477, 0.20120228656200326, 0.13419653173316737, 0.12119726093017477, 0.12119726093017477, 
0.1205479441012278, 0.17563331240064872, 0.1205479441012278, 0.20029186256181727, 0.14188304863262283, 0.1205479441012278, 0.1205479441012278, 
0.1189558912818822, 0.18161879404245967, 0.1189558912818822, 0.2038998641428958, 0.13865777668711576, 0.1189558912818822, 0.1189558912818822, 
0.12024585104381391, 0.18410186559069336, 0.12024585104381391, 0.20443687674410296, 0.1304778534899481, 0.12024585104381391, 0.12024585104381391, 
0.11844212209051205, 0.18131012516354975, 0.11844212209051205, 0.20594636597784302, 0.13897502049655902, 0.11844212209051205, 0.11844212209051205, 
0.12204844972404165, 0.17765673919422456, 0.12204844972404165, 0.19744198115989045, 0.13670748074971836, 0.12204844972404165, 0.12204844972404165, 
0.11987937846116462, 0.17706243599738425, 0.11987937846116462, 0.200474654497363, 0.1429453956605943, 0.11987937846116462, 0.11987937846116462, 
0.12173898383037775, 0.17707788572544753, 0.12173898383037775, 0.1970062297215449, 0.13895994923149657, 0.12173898383037775, 0.12173898383037775, 
0.12172596464011126, 0.177804383408626, 0.12172596464011126, 0.19861701496818468, 0.1366747430627443, 0.12172596464011126, 0.12172596464011126, 
0.11720820674459473, 0.17746069479788187, 0.11720820674459473, 0.2044848383891385, 0.14922163983460085, 0.11720820674459473, 0.11720820674459473, 
0.11964617280981746, 0.18270241577197294, 0.11964617280981746, 0.20223561074174135, 0.1364772822470158, 0.11964617280981746, 0.11964617280981746, 
0.1192542090123939, 0.18273926888552217, 0.1192542090123939, 0.20262552644025064, 0.13761836862465165, 0.1192542090123939, 0.1192542090123939, 
0.12010192991765248, 0.17435880320619418, 0.12010192991765248, 0.19600245309728562, 0.14923102402591032, 0.12010192991765248, 0.12010192991765248, 
0.11946111093231933, 0.17961665756181588, 0.11946111093231933, 0.2005868083566316, 0.1419520903522753, 0.11946111093231933, 0.11946111093231933, 
0.12058733570237287, 0.1790372306229626, 0.12058733570237287, 0.19871763215805638, 0.13989579440948954, 0.12058733570237287, 0.12058733570237287, 
0.11811722731535362, 0.17613206134099876, 0.11811722731535362, 0.20087828526139392, 0.15052074413619296, 0.11811722731535362, 0.11811722731535362, 
0.12018519285724384, 0.17825555487524747, 0.12018519285724384, 0.19876648977689318, 0.14223718391888396, 0.12018519285724384, 0.12018519285724384, 
0.12063824423907994, 0.18112245999050974, 0.12063824423907994, 0.20131199221326418, 0.13501257083990628, 0.12063824423907994, 0.12063824423907994, 
0.12146889224344491, 0.1795296873838811, 0.12146889224344491, 0.19986321642284202, 0.13473152721949722, 0.12146889224344491, 0.12146889224344491, 
0.12122851085562504, 0.1805240715343194, 0.12122851085562504, 0.1988518682124436, 0.13571001683073694, 0.12122851085562504, 0.12122851085562504, 
0.1175495004299669, 0.17777115621399017, 0.1175495004299669, 0.2015825117601673, 0.15044833030597485, 0.1175495004299669, 0.1175495004299669, 
0.11847760530649203, 0.17745783746856728, 0.11847760530649203, 0.20068261228267778, 0.14794912902278692, 0.11847760530649203, 0.11847760530649203, 
0.11698098203334495, 0.17877715312773065, 0.11698098203334495, 0.20476402996237938, 0.14853488877651017, 0.11698098203334495, 0.11698098203334495, 
0.1160094395355384, 0.17149124032600332, 0.1160094395355384, 0.20091548345410806, 0.16355551807773516, 0.1160094395355384, 0.1160094395355384, 
0.11572799785688385, 0.1768617949386551, 0.11572799785688385, 0.2040063708730473, 0.1562198427607623, 0.11572799785688385, 0.11572799785688385, 
0.11758606924362568, 0.17892022577674696, 0.11758606924362568, 0.20335317048866275, 0.14738232676008747, 0.11758606924362568, 0.11758606924362568, 
0.1193785819201962, 0.17643599327103432, 0.1193785819201962, 0.19793431873253092, 0.14811536031564984, 0.1193785819201962, 0.1193785819201962, 
0.13723728229243753, 0.2132888763990853, 0.10321847950764773, 0.18997669438426026, 0.1498417084012739, 0.10321847950764773, 0.10321847950764773, 
0.13404093993195945, 0.20996435225123805, 0.10553321008060845, 0.21203278733980777, 0.12736229023516965, 0.10553321008060845, 0.10553321008060845, 
0.134621820288104, 0.20703867299349035, 0.10321639762331104, 0.21207600566146534, 0.13661430818700715, 0.10321639762331104, 0.10321639762331104, 
0.13555768372092988, 0.20064763091988091, 0.10557688336646444, 0.20671815790805334, 0.14034587735174253, 0.10557688336646444, 0.10557688336646444, 
0.13715884407946197, 0.19987100144629324, 0.107458525596907, 0.20464341796508045, 0.13595115971844354, 0.107458525596907, 0.107458525596907, 
0.13681153600763546, 0.20334653245016002, 0.10478034304641239, 0.2089008028029758, 0.13660009959999153, 0.10478034304641239, 0.10478034304641239, 
0.1357460843768845, 0.20393336707342397, 0.10065953077287856, 0.21422266301421902, 0.14411929321683686, 0.10065953077287856, 0.10065953077287856, 
0.13652928133462944, 0.20238458459901304, 0.09826133870704415, 0.21695133959749713, 0.14935077834772792, 0.09826133870704415, 0.09826133870704415, 
0.1351250966668948, 0.20541451113466422, 0.10719391552570062, 0.20722019736358105, 0.13065844825775802, 0.10719391552570062, 0.10719391552570062, 
0.13685422365337602, 0.20230849182720348, 0.10889937484432212, 0.20375935887307697, 0.1303798011133771, 0.10889937484432212, 0.10889937484432212, 
0.1338309724009562, 0.20492140068982567, 0.09474844596420028, 0.2210047038139304, 0.15599758520268694, 0.09474844596420028, 0.09474844596420028, 
0.1338601501016035, 0.2070460030040611, 0.1016210054117711, 0.21382977798183475, 0.14040105267718728, 0.1016210054117711, 0.1016210054117711, 
0.13569532115118402, 0.19868872945440258, 0.10021324938094088, 0.2123353634015353, 0.15264083785005525, 0.10021324938094088, 0.10021324938094088, 
0.13579288795435454, 0.20097406171073007, 0.0978436385621946, 0.21579859950109262, 0.15390353514723892, 0.0978436385621946, 0.0978436385621946, 
0.1612088029807333, 0.19796648894175417, 0.10355483840022311, 0.19933997766411343, 0.13082021521272966, 0.10355483840022311, 0.10355483840022311, 
0.15914049930516286, 0.1983327139970079, 0.10538627200319163, 0.1960493252251434, 0.13031864546311087, 0.10538627200319163, 0.10538627200319163, 
0.16078755274353068, 0.20232892975765093, 0.1018038467717579, 0.20071894935707205, 0.13075302782647258, 0.1018038467717579, 0.1018038467717579, 
0.1646420222056557, 0.19432436532860406, 0.09845683808757956, 0.20193575699532107, 0.14372734120768046, 0.09845683808757956, 0.09845683808757956, 
0.15958653504999518, 0.1992158235178524, 0.10483964987246958, 0.19625620988177947, 0.13042248193296427, 0.10483964987246958, 0.10483964987246958, 
0.16325867936479826, 0.19104753126443597, 0.10072204299347724, 0.19806557155218224, 0.14546208883815176, 0.10072204299347724, 0.10072204299347724, 
0.15649998792718392, 0.19595030106589653, 0.10491260048308322, 0.19513480740126757, 0.1376771021564023, 0.10491260048308322, 0.10491260048308322, 
0.16069887255190332, 0.19485731557307273, 0.09875313781205018, 0.2011531766376672, 0.1470312218012062, 0.09875313781205018, 0.09875313781205018, 
0.15694845108557384, 0.19617511053374664, 0.1022413914735611, 0.19679412631691312, 0.1433581376430832, 0.1022413914735611, 0.1022413914735611, 
0.14640699004052463, 0.18439946810556668, 0.16545576467273643, 0.18355656237504445, 0.12276865735075486, 0.09870627872768643, 0.09870627872768643, 
0.14622593932246405, 0.18689854802761224, 0.16623525435528522, 0.1862542940577544, 0.12054991927344343, 0.09691802248172025, 0.09691802248172025, 
0.1478069714441839, 0.17892773738213022, 0.1672026146657365, 0.18164019174222987, 0.13741575481806043, 0.0935033649738295, 0.0935033649738295, 
0.14927366671810297, 0.17993353317238123, 0.17034505283006235, 0.18474632203692104, 0.14117086516689709, 0.08726528003781776, 0.08726528003781776, 
0.14634376796364157, 0.1825486778195213, 0.16509993109347787, 0.1823123353870486, 0.1269136499769977, 0.09839081887965646, 0.09839081887965646, 
0.14651483434454757, 0.18378613235215135, 0.16574871785289647, 0.18295469935629197, 0.12599779470902073, 0.09749891069254597, 0.09749891069254597, 
0.14703548261019608, 0.1828411117112252, 0.16672759723914793, 0.18294591277583086, 0.13028884793232343, 0.0950805238656383, 0.0950805238656383, 
0.1465833940511272, 0.18376700855923844, 0.16566552573145793, 0.18202678969871372, 0.12555580120600618, 0.09820074037672832, 0.09820074037672832, 
0.14677459827956113, 0.18708269240016653, 0.1671335000782405, 0.1853685782014497, 0.12226072309017665, 0.0956899539752027, 0.0956899539752027, 
0.14872570277761643, 0.18015200773399367, 0.16955852098698967, 0.18373294344886298, 0.14072423972971282, 0.08855329266141218, 0.08855329266141218, 
0.14713320062601126, 0.1827744680990262, 0.16728371229077904, 0.18306945237422617, 0.13328716691986353, 0.09322599984504693, 0.09322599984504693, 
0.14761790442294576, 0.18218986521725952, 0.1681400452973623, 0.18346015336479954, 0.13579418840906546, 0.0913989216442837, 0.0913989216442837, 
0.1662437618419768, 0.18149711886829495, 0.16455218095419752, 0.18075778334543474, 0.12041850918898969, 0.09326532290055316, 0.09326532290055316, 
0.16592481576705853, 0.17744875989486586, 0.16424052291966176, 0.17810787783290907, 0.1275098409248813, 0.09338409133031168, 0.09338409133031168, 
0.1661645732734585, 0.17930720391829194, 0.16480548332056003, 0.17877108094674396, 0.12108243848688995, 0.0949346100270278, 0.0949346100270278, 
0.1669363574446747, 0.18117606564425182, 0.16544444705530584, 0.180002204255615, 0.1166837868741645, 0.09487856936299408, 0.09487856936299408, 
0.16317207844259474, 0.17766701506860075, 0.1618219454846214, 0.17784820212187852, 0.12332088015874992, 0.09808493936177727, 0.09808493936177727, 
0.16264998260394617, 0.17838617624382214, 0.1613023478412278, 0.17811738871837576, 0.1204021769185039, 0.09957096383706214, 0.09957096383706214, 
0.16302562118345848, 0.17840805816647598, 0.16168179237247535, 0.17825557516617166, 0.1215290973322769, 0.09854992788957087, 0.09854992788957087, 
0.16819237216791652, 0.17819993251485305, 0.16612840714812047, 0.18099457236705316, 0.12753602682098153, 0.08947434449053768, 0.08947434449053768, 
0.1661690553160391, 0.18108285230782498, 0.16444882815498582, 0.18071697337201287, 0.1218164264732776, 0.09288293218792983, 0.09288293218792983, 
0.16823225663755956, 0.18420896752067795, 0.16631228463064354, 0.18430111877152766, 0.11772618318176786, 0.08960959462891174, 0.08960959462891174, 
0.16794875403414358, 0.17535316195364348, 0.16558090264045913, 0.1785866250452323, 0.131697571061583, 0.09041649263246922, 0.09041649263246922, 
0.1681301861012454, 0.18240802012937643, 0.1664087899562424, 0.18498552698580026, 0.12254133274560379, 0.08776307204086599, 0.08776307204086599, 
0.166458505493878, 0.178742257229775, 0.16463553819496513, 0.18107916251834105, 0.1281391486884651, 0.09047269393728785, 0.09047269393728785, 
0.1639407066116026, 0.1788849252561209, 0.16256873698099705, 0.17942352120500088, 0.12373568217865881, 0.09572321388380993, 0.09572321388380993, 
0.1647488952820702, 0.17880557627885912, 0.16340593330470177, 0.17872469086278958, 0.11934279716171314, 0.09748605355493314, 0.09748605355493314, 
0.16966333754237592, 0.17662874201207143, 0.16718367448001425, 0.1806306045268654, 0.12915451685549897, 0.08836956229158706, 0.08836956229158706, 
0.16339255834681382, 0.2051226550894376, 0.16129053768396887, 0.1794027583925432, 0.11796016557513991, 0.08641566245604826, 0.08641566245604826, 
0.16293139610265253, 0.19975437155937964, 0.1608823875085226, 0.17709513379777655, 0.1226971995138146, 0.08831975575892703, 0.08831975575892703, 
0.1636353250465303, 0.20705474622017847, 0.16178032729625025, 0.17624937047166858, 0.11107997042147572, 0.09010013027194831, 0.09010013027194831, 
0.1635646412373376, 0.20555087235627584, 0.16184292329797453, 0.1746162004402844, 0.1038845713903495, 0.09527039563888914, 0.09527039563888914, 
0.16526140090516037, 0.20298666153059663, 0.16335778605324258, 0.17487479068117692, 0.11144888323931534, 0.09103523879525409, 0.09103523879525409, 
0.16547868280430228, 0.20113620418759348, 0.16312909141296414, 0.175627461494541, 0.12100627553432933, 0.08681114228313486, 0.08681114228313486, 
0.15945771046191973, 0.20186931225031338, 0.15887490178698363, 0.17243097833001064, 0.11556400031153882, 0.09590154842961693, 0.09590154842961693, 
0.17996791770288573, 0.2140285493490243, 0.18782313545695412, 0.16177642598086012, 0.1033452221706692, 0.0765293746698032, 0.0765293746698032, 
0.18554342404053087, 0.20466295150154418, 0.18986725544411018, 0.1650723356554118, 0.11156003544345217, 0.07164699895747537, 0.07164699895747537, 
0.17491058079184305, 0.2073171569822771, 0.18230991204721822, 0.15877002243398472, 0.10273746018769984, 0.08697743377848857, 0.08697743377848857, 
0.17904678651723893, 0.20065250498900442, 0.18407020729476933, 0.16184035820187143, 0.11341447511740588, 0.08048783393985494, 0.08048783393985494, 
0.17173785422579885, 0.2070995401665286, 0.18064442668155423, 0.15769509398873233, 0.10356616779159364, 0.08962845857289621, 0.08962845857289621, 
0.1702589317122204, 0.20061988846283474, 0.17795317594033794, 0.15783906143364201, 0.10946873539735216, 0.09193010352680633, 0.09193010352680633, 
0.17393866243155945, 0.2043494195892174, 0.18175390438448025, 0.15931738380059793, 0.11257924057162559, 0.08403069461125974, 0.08403069461125974, 
0.1731495960271923, 0.2017714342445492, 0.18065344939366534, 0.16001134403306033, 0.11096630497010508, 0.08672393566571394, 0.08672393566571394, 
0.17963452007937156, 0.20408085472834667, 0.1861512840686538, 0.1628484785917199, 0.11234287279613364, 0.07747099486788722, 0.07747099486788722, 
0.17482706458207464, 0.20794779491788798, 0.18329638719125904, 0.15963446098902154, 0.10139165660685294, 0.08645131785645195, 0.08645131785645195, 
0.17843396534375833, 0.2014777298746876, 0.184611270365016, 0.16232309458036634, 0.11184114749437345, 0.08065639617089913, 0.08065639617089913, 
0.1828221266404492, 0.19851795286991633, 0.1866049950039803, 0.1635346614489335, 0.12265037033743034, 0.07293494684964512, 0.07293494684964512, 
0.1756083448408444, 0.20218207539391664, 0.18245550580282316, 0.16081990979662017, 0.11787043798802754, 0.08053186308888398, 0.08053186308888398, 
0.1784262046563325, 0.19788793213698583, 0.18363531665103164, 0.16262820528102506, 0.12187727285623058, 0.07777253420919726, 0.07777253420919726, 
0.18031897915452874, 0.19813515373547042, 0.18491436469318057, 0.16330490751427862, 0.12260348457138998, 0.07536155516557581, 0.07536155516557581, 
0.17157535839401147, 0.20555711841829058, 0.18021012963200247, 0.15846463413379824, 0.11044860108069174, 0.08687207917060276, 0.08687207917060276, 
0.17833291833350048, 0.2001045075904895, 0.18414138724010432, 0.16272203259939919, 0.11697978090516951, 0.07885968666566846, 0.07885968666566846, 
0.17764350927488584, 0.2071621342649151, 0.18549979454336032, 0.16243008417717814, 0.10930258007222159, 0.07898094883371944, 0.07898094883371944, 
0.17829471036944047, 0.1989064611622616, 0.18377115367826793, 0.16256849620132888, 0.11832797130078739, 0.07906560364395691, 0.07906560364395691, 
0.17922629566255902, 0.20458044862549957, 0.18614943849215201, 0.16262466160125558, 0.1152663360026255, 0.0760764098079541, 0.0760764098079541, 
0.17106162430985467, 0.2063261192157853, 0.17994531218743237, 0.157051021738144, 0.10721500472561388, 0.08920045891158475, 0.08920045891158475, 
0.16865446447977916, 0.19987847591352043, 0.1765272609421706, 0.15626851711822554, 0.11243790006067553, 0.09311669074281441, 0.09311669074281441, 
0.17165325649694216, 0.20114277539478054, 0.17922251075850099, 0.15855085216545162, 0.114975756568097, 0.08722742430811384, 0.08722742430811384, 
0.18032479721089945, 0.20113292309758748, 0.1858490169837648, 0.16308782928661164, 0.12040618879535898, 0.07459962231288883, 0.07459962231288883, 
0.1771194684525727, 0.20375991650399697, 0.184120112947293, 0.161594866210543, 0.11312672985641958, 0.08013945301458736, 0.08013945301458736, 
0.17775113535668677, 0.19940437774475983, 0.1835816963568129, 0.16213658360019537, 0.11734639092592584, 0.07988990800780953, 0.07988990800780953, 
0.1756778500921887, 0.20717690166829184, 0.18384429571652128, 0.15968658505054956, 0.10898702592574612, 0.08231367077335124, 0.08231367077335124, 
0.17661655485072278, 0.20837918876514752, 0.18489621910795645, 0.1601381878753079, 0.10975863833876864, 0.08010560553104835, 0.08010560553104835, 
0.17305069116666655, 0.20232764180273732, 0.18061095938488603, 0.1584346957178544, 0.11329767768911796, 0.0861391671193688, 0.0861391671193688, 
0.17306637811972336, 0.21015419822353015, 0.1824236737843296, 0.1575534258651194, 0.10358607208908696, 0.08660812595910525, 0.08660812595910525, 
0.17191633964294567, 0.20325612105372376, 0.1799775180250991, 0.15803100747882048, 0.10967241602902164, 0.08857329888519466, 0.08857329888519466, 
0.17301164010945883, 0.20129096344001965, 0.18023319672033153, 0.15873327908422946, 0.11411642705852311, 0.08630724679371866, 0.08630724679371866, 
0.17289355071293172, 0.20036810271407154, 0.18022161451706128, 0.1592706091041837, 0.11369340600031363, 0.08677635847571909, 0.08677635847571909, 
0.17378699466206116, 0.20425924835244763, 0.18173677359532608, 0.15934056833529744, 0.11049106572000009, 0.0851926746674339, 0.0851926746674339, 
0.17626397321597354, 0.21146361743498512, 0.185294838284204, 0.161769423126828, 0.10305312494947648, 0.08107751149426648, 0.08107751149426648, 
0.17400044427208824, 0.20934815041970456, 0.18304612084686978, 0.1605029252305144, 0.10412166685984756, 0.08449034618548763, 0.08449034618548763, 
0.17454510357902475, 0.2096935206658551, 0.18350122279185477, 0.16040724682066623, 0.10465002610292751, 0.08360144001983583, 0.08360144001983583, 
0.17448876652219503, 0.2065679200949156, 0.1826678904737778, 0.16130566533559423, 0.10401900112710415, 0.08547537822320664, 0.08547537822320664, 
0.17435969222333744, 0.199801870087474, 0.18100111291639212, 0.16138383978658719, 0.11224953013763017, 0.08560197742428964, 0.08560197742428964, 
0.17003167401877284, 0.20184370162170168, 0.17803719541165758, 0.15873813925151858, 0.1117842831266708, 0.08978250328483929, 0.08978250328483929, 
0.17502037197869577, 0.20977820846532946, 0.18394756731055964, 0.16159600481700073, 0.10773047482647823, 0.08096368630096812, 0.08096368630096812, 
0.1714264678388165, 0.2069854861324606, 0.18033127064508495, 0.16007040358765173, 0.10255910182088564, 0.08931363498755028, 0.08931363498755028, 
0.17580198197267843, 0.2048002440713443, 0.1833890408953685, 0.16104344881034438, 0.11250240147753872, 0.08123144138636283, 0.08123144138636283, 
0.175079426593862, 0.20327602110531412, 0.1824428976973607, 0.16089731366420845, 0.1122702653930576, 0.08301703777309857, 0.08301703777309857, 
0.17431039684682192, 0.20219627915753421, 0.18156563645549828, 0.1604929999429636, 0.1127582412964902, 0.08433822315034586, 0.08433822315034586, 
0.16893799611661486, 0.19965691623160928, 0.17667197102166204, 0.1572132238442939, 0.10995894285465983, 0.09378047496558001, 0.09378047496558001, 
0.17433971502889528, 0.20759081934093104, 0.18288808346564275, 0.16072437015430927, 0.1049711131022607, 0.08474294945398046, 0.08474294945398046, 
0.17346377924081105, 0.21043191783525958, 0.1828635427959209, 0.15989287561073431, 0.10057364786587389, 0.08638711832570016, 0.08638711832570016, 
0.1707643286057206, 0.20569152985753736, 0.1794945107263302, 0.15798757029787824, 0.10271962569960108, 0.09167121740646628, 0.09167121740646628, 
0.1721166336445288, 0.19522454180504584, 0.17957494955882103, 0.1583533310519355, 0.1140633689127487, 0.09033358751346005, 0.09033358751346005, 
0.17479792874377928, 0.19744168091037928, 0.1821318560976512, 0.16014670039648263, 0.11618769410155132, 0.08464706987507824, 0.08464706987507824, 
0.17413461780263287, 0.19682181059588, 0.1813894849077816, 0.15916824605335037, 0.11869126135413402, 0.0848972896431106, 0.0848972896431106, 
0.17459374570967076, 0.1938696160194672, 0.18080441847849504, 0.1599137300200507, 0.12453599869496929, 0.08314124553867355, 0.08314124553867355, 
0.17584574192358568, 0.19490009131869335, 0.1819833306424406, 0.16049928875261948, 0.12330517490104118, 0.08173318623080988, 0.08173318623080988, 
0.17365064511936443, 0.19664255309014878, 0.18122905925571053, 0.1589088366214389, 0.11326765322628715, 0.08815062634352512, 0.08815062634352512, 
0.17212033584908937, 0.1940226602497563, 0.17917946529998202, 0.1577725939249144, 0.11304834234731574, 0.09192830116447107, 0.09192830116447107, 
0.17235706457377328, 0.19243464952485925, 0.17884255978759517, 0.15839406913492418, 0.11528842887637326, 0.09134161405123746, 0.09134161405123746, 
0.17680372759243426, 0.19931410414628475, 0.18412206261630196, 0.16097871934375682, 0.11310580687030725, 0.08283778971545745, 0.08283778971545745, 
0.1736773832888893, 0.1940785315704471, 0.1802432841721109, 0.15918857824083846, 0.11714978031215123, 0.0878312212077815, 0.0878312212077815, 
0.1740458115610127, 0.19803444510771512, 0.18177591815418187, 0.16077821388397384, 0.11431559721903704, 0.08552500703703962, 0.08552500703703962, 
0.17258387019607555, 0.19163936478088195, 0.17871670248010157, 0.16026197308130333, 0.12312264865963761, 0.08683772040100005, 0.08683772040100005, 
0.17803788768786832, 0.19622029058533036, 0.18382328748500526, 0.16305656923265616, 0.12393677969694884, 0.07746259265609554, 0.07746259265609554, 
0.1735269822718401, 0.19394453337961334, 0.1799438644795978, 0.16071847251952298, 0.1147572193869565, 0.08855446398123457, 0.08855446398123457, 
0.17288942203202265, 0.1942613185200176, 0.1798825532733769, 0.1606272200552985, 0.11248294491727749, 0.08992827060100349, 0.08992827060100349, 
0.17368271730372883, 0.1955642762146702, 0.18076645086755458, 0.1624059665471078, 0.10867814757796355, 0.08945122074448751, 0.08945122074448751, 
0.17494376504714837, 0.19379328503719, 0.18102483709246733, 0.1631012928489472, 0.11566401220738898, 0.08573640388342901, 0.08573640388342901, 
0.16927012990514162, 0.18572011511545267, 0.17464472286834343, 0.16679516733804833, 0.13324654111628523, 0.08516166182836442, 0.08516166182836442, 
0.1676941840241329, 0.18928651219695355, 0.17854303608621355, 0.16602304080719893, 0.12390740326681834, 0.08727291180934138, 0.08727291180934138, 
0.16687306369796046, 0.18253857882229088, 0.17464498370963205, 0.16463312961580245, 0.1347173092190717, 0.08829646746762125, 0.08829646746762125, 
0.16780162967521414, 0.18655033900890575, 0.17708371071817305, 0.16562968441938714, 0.12977243459873986, 0.08658110078979, 0.08658110078979, 
0.16699133987448242, 0.18570859048494415, 0.17612161142035906, 0.16450067969208632, 0.1296264589471693, 0.0885256597904794, 0.0885256597904794, 
0.1689941162122868, 0.1891123265722334, 0.17925003279871837, 0.16739377450818013, 0.1259546723533439, 0.08464753877761869, 0.08464753877761869, 
0.168538032596478, 0.18655045109110963, 0.1774983035990973, 0.16640608976768648, 0.12965127002261978, 0.08567792646150447, 0.08567792646150447, 
0.16789357655759962, 0.1870229388971152, 0.17743328032926975, 0.16606676430530992, 0.12941000343333062, 0.08608671823868748, 0.08608671823868748, 
0.16771338243339803, 0.1877154590455626, 0.17774501822646732, 0.16604305753794718, 0.12398376369364295, 0.08839965953149094, 0.08839965953149094, 
0.16638136791539102, 0.18441659545134967, 0.17534803081216968, 0.16465346952204352, 0.12729380753812813, 0.09095336438045906, 0.09095336438045906, 
0.16729253335001285, 0.1828722153785534, 0.17503606344429903, 0.16517639521665256, 0.13317548859492626, 0.0882236520077779, 0.0882236520077779, 
0.1677908305218571, 0.18517552260107506, 0.17640225373572235, 0.16572652036320065, 0.12990249851217053, 0.08750118713298723, 0.08750118713298723, 
0.16997368947820066, 0.18745159954509166, 0.1786829295940881, 0.16743659998777616, 0.13171891755878976, 0.08236813191802686, 0.08236813191802686, 
0.16662823779652502, 0.184283015276532, 0.1754002985357655, 0.16495739461274653, 0.12898319023306976, 0.08987393177268062, 0.08987393177268062, 
0.1714978998143872, 0.18697851037906507, 0.1792814234019401, 0.16822873808740052, 0.1353355614645248, 0.07933893342634121, 0.07933893342634121, 
0.1670358044316246, 0.18650489589889288, 0.17727044457120433, 0.16662931138455736, 0.12792784781998107, 0.0873158479468698, 0.0873158479468698, 
0.16729322496015067, 0.187876297318721, 0.178126570840471, 0.1670145654413342, 0.12580031973486014, 0.08694451085223148, 0.08694451085223148, 
0.17133553575996796, 0.19050943188941, 0.1813135204153068, 0.16861724629514788, 0.13325448015605157, 0.07748489274205793, 0.07748489274205793, 
0.1691359694823014, 0.18648475977050533, 0.17814923871462143, 0.16682919133661095, 0.13558243155258362, 0.08190920457168856, 0.08190920457168856, 
0.16749164654612192, 0.1866599490002134, 0.17738418162369432, 0.16586817840456575, 0.13204977618310176, 0.08527313412115146, 0.08527313412115146, 
0.16975614957016877, 0.18699050850718693, 0.1787906971107859, 0.16736050357713753, 0.13630715692673584, 0.08039749215399251, 0.08039749215399251, 
0.17076607812725425, 0.18480987653524822, 0.17797982105434174, 0.1668581212077513, 0.14127986005605522, 0.07915312150967477, 0.07915312150967477, 
0.17184346452245566, 0.185547471219435, 0.17895873667465897, 0.16759192247128843, 0.1414373213234403, 0.07731054189436076, 0.07731054189436076, 
0.16824560042403883, 0.18812805910642852, 0.17876934473839481, 0.1667545043525438, 0.13077679702321854, 0.08366284717768782, 0.08366284717768782, 
0.16724370410041667, 0.18314298376859986, 0.17537539813707873, 0.16485338263976188, 0.1371850294561383, 0.08609975094900224, 0.08609975094900224, 
0.17109579729758292, 0.19098540005449674, 0.1812055445298798, 0.16772523661796754, 0.1308274225428403, 0.0790802994786163, 0.0790802994786163, 
0.16828162170244723, 0.18503106295345437, 0.17674717988545854, 0.16533411395473485, 0.13508312137618703, 0.08476145006385903, 0.08476145006385903, 
0.16551619375594714, 0.18297726289072255, 0.1743647008884905, 0.16351044921242974, 0.1320209546632656, 0.09080521929457223, 0.09080521929457223, 
0.16588163246791124, 0.1837609099881203, 0.17493314275562785, 0.16378209063976124, 0.13196533636607113, 0.08983844389125409, 0.08983844389125409, 
0.16772027556179123, 0.18824428829016973, 0.1782198856431025, 0.16545523926408987, 0.13394460005610215, 0.08320785559237225, 0.08320785559237225, 
0.16573836646097723, 0.18347088192314628, 0.17478514997784603, 0.1637414605063542, 0.13701080164719356, 0.08762666974224133, 0.08762666974224133, 
0.166560160247813, 0.18606418206475506, 0.1763490412798669, 0.16390339882795527, 0.12770885107515872, 0.08970718325222551, 0.08970718325222551, 
0.16747145765971938, 0.1866515445896616, 0.17716361151736695, 0.1651269641495182, 0.12733884791179997, 0.08812378708596696, 0.08812378708596696, 
0.1681864659827946, 0.1849302887943605, 0.17671743041626353, 0.16573211575467658, 0.13259513586832752, 0.08591928159178873, 0.08591928159178873, 
0.1683524677071534, 0.1846040152043902, 0.17651945840642028, 0.16552245755130618, 0.13382228967500046, 0.08558965572786481, 0.08558965572786481, 
0.16353559934184828, 0.18675479373980186, 0.17525404279312476, 0.16479913731900545, 0.13203749594941883, 0.08880946542840037, 0.08880946542840037, 
0.16441628781610157, 0.18748972528175942, 0.1760218648675154, 0.16546628648199568, 0.13322024691775655, 0.08669279431743566, 0.08669279431743566, 
0.16231344346804222, 0.18304827603882254, 0.17271393037371324, 0.16333708460620247, 0.13468497398782592, 0.09195114576269674, 0.09195114576269674, 
0.16384605890723383, 0.18475485730694538, 0.17435541877109123, 0.16467090888365157, 0.1360783684029084, 0.08814719386408484, 0.08814719386408484, 
0.16451098932688835, 0.18849517716604877, 0.17662017242627281, 0.16583556927212365, 0.12886642507406537, 0.0878358333673006, 0.0878358333673006, 
0.1636125764512157, 0.18660492066551265, 0.17507759212493973, 0.16444060432211186, 0.12663719929985834, 0.09181355356818083, 0.09181355356818083, 
0.16422481330047614, 0.18731411462494066, 0.17583184306065883, 0.16526928891449733, 0.1271734847236149, 0.09009322768790615, 0.09009322768790615, 
0.16286632913526392, 0.1851452383497607, 0.17396397317893025, 0.16365648842620426, 0.12925207109617715, 0.09255794990683187, 0.09255794990683187, 
0.1632850889625941, 0.18427863969336183, 0.17370528072897634, 0.16365847003219042, 0.13236606233176026, 0.09135322912555864, 0.09135322912555864, 
0.1772762704507564, 0.18349227404870266, 0.17957918629259337, 0.16728515829994542, 0.15123963529703996, 0.07056373780548104, 0.07056373780548104, 
0.1679229054899536, 0.18525505334269723, 0.17669201094182552, 0.1666234586589474, 0.14007556823339293, 0.08171550166659163, 0.08171550166659163, 
0.17076320279383064, 0.1831879257087727, 0.17706536730933384, 0.16675368660612083, 0.14528506567787622, 0.07847237595203288, 0.07847237595203288, 
0.1702575274060628, 0.18697689616304672, 0.1787667876687438, 0.16790379532875432, 0.14137586319917178, 0.07735956511711022, 0.07735956511711022, 
0.16889235646304898, 0.18671279759443377, 0.1782104932775679, 0.1677670135924073, 0.13839324809491865, 0.08001204548881162, 0.08001204548881162, 
0.16973799085229868, 0.18871458355505227, 0.1793981918449222, 0.16836174755049818, 0.136301681936363, 0.07874290213043281, 0.07874290213043281, 
0.1698330058348589, 0.19044767224017092, 0.18039152929830835, 0.16884869827122584, 0.1342301218791973, 0.07812448623811935, 0.07812448623811935, 
0.16534461385016122, 0.18751137162553908, 0.17644093630784718, 0.1657527809863026, 0.13026972691517882, 0.08734028515748551, 0.08734028515748551, 
0.16655322525085917, 0.18621094777364192, 0.17643564101223583, 0.16632417848652686, 0.13490503293856737, 0.08478548726908446, 0.08478548726908446, 
0.16842262923868095, 0.18784344263919475, 0.17821214869247817, 0.16751321920201, 0.13609496568687987, 0.0809567972703782, 0.0809567972703782, 
0.17054789488015723, 0.18470965232676265, 0.17777087073296677, 0.16733055339059627, 0.14161728948555108, 0.07901186959198295, 0.07901186959198295, 
0.17646886336756332, 0.18781884863676418, 0.18203678258117126, 0.16938598834058496, 0.14313616937057563, 0.07057667385167041, 0.07057667385167041, 
0.16622265327334887, 0.1886200043374613, 0.17749028696756952, 0.16660146590172265, 0.13023690928274637, 0.08541434011857563, 0.08541434011857563, 
0.16842674665221832, 0.18836945652116807, 0.1784595475264781, 0.16761958367195623, 0.1322433222641482, 0.08244067168201556, 0.08244067168201556, 
0.1705891778439671, 0.1893502296221867, 0.1801140282039035, 0.16883629938618197, 0.1341564265698969, 0.07847691918693189, 0.07847691918693189, 
