
0.15433530758723438,0.049848698115536196,0.11064771702208524,0.23768119830885448,0.19665270874997612,0.2508343702163136,
0.15433530758723438,0.049848698115536196,0.11064771702208524,0.23768119830885448,0.19665270874997612,0.2508343702163136,
0.16008204039781976,0.1645282965014204,0.16567053859969758,0.17106047920558257,0.1706097702562042,0.1680488750392694,
0.0012528841296642322,0.0374083079512835,3.1583180135651314E-4,0.9586704350623135,0.0010724627466175756,0.0012800783087644606,
1.0365031795384074E-5,0.3168637384763057,5.2839011971556266E-6,0.6831009755365605,1.1234358776850047E-5,8.40269536461525E-6,
6.564748755997701E-4,0.018590420779102675,0.0015243375896789012,0.9775703754289549,0.001380954008527327,2.774373181367492E-4,
1.4658748500017893E-5,0.060704644802942534,1.4149422955877988E-5,0.9392502679202498,1.285924168496567E-5,3.419863668138101E-6,
8.716160084573156E-8,0.4408003472353244,2.4188799460283773E-8,0.5591994608547038,3.26165760452511E-8,4.794299428620108E-8,
3.0362101145211405E-11,0.3274258089010658,4.9148683808934703E-11,0.6725741909568367,3.369490346027953E-11,2.889180650409449E-11,
1.7582627229320497E-10,0.30806370008763295,2.5186981880302783E-10,0.6919362992954041,1.2930573934682943E-10,5.996203757362737E-11,
1.3614627871773332E-5,0.037967612194935704,1.4355512130430822E-5,0.9619525690861033,2.6957978472587E-5,2.4890600487018542E-5,
9.656316866379212E-6,0.010649313104125887,1.8695724755214958E-6,0.9893230319571986,8.033443122786087E-6,8.095606211203726E-6,
5.682209190466607E-12,0.40452858046319906,3.930034761370357E-12,0.5954714195199013,2.819351047106334E-12,4.47058505610327E-12,
3.4633766277627783E-6,0.03158062933715881,1.3993355306231977E-6,0.9684118553959503,9.703093674077352E-7,1.682245365796989E-6,
1.0374349883338691E-9,0.1900102338237007,3.7365728957447715E-10,0.8099897633511115,7.935469809856397E-10,6.205479301114309E-10,
1.2187197835479562E-8,0.11979515409459515,1.238620297548218E-8,0.8802047967231651,1.74428382520892E-8,7.165998456165907E-9,
3.151585849289207E-6,1.1932754287094076E-4,1.8319523149076854E-6,0.9998737265738591,1.4014414898459181E-6,5.609036177030372E-7,
8.053426583358497E-10,0.1587769175867506,6.345102895352566E-10,0.8412230800702144,4.847500820958357E-10,4.184301329514363E-10,
7.989396059766375E-10,0.113828429296787,1.6268292309565555E-9,0.8861715665625808,8.442145251091071E-10,8.706482127162441E-10,
4.72518225030747E-7,0.03801049443741283,2.2465055479958768E-7,0.9619884653420456,1.9082349384144603E-7,1.522282695642789E-7,
4.9731443406556266E-6,0.0019119086849617743,5.3119232058515325E-6,0.9980763652893138,4.4053705870139746E-7,1.0004211196836422E-6,
6.086438958096136E-12,0.07082775341183212,9.54997262505288E-12,0.9291722465304851,1.2131896326935954E-11,2.991696103435632E-11,
1.1754219861568364E-9,0.10636306061605111,1.8598447654225765E-9,0.893636932299291,1.7739968639147918E-9,2.275393447827839E-9,
2.7355219464307426E-10,0.20196685513804669,2.60844097558352E-10,0.7980331441639522,5.003682599787898E-11,1.135667424985757E-10,
3.9503840997538686E-13,0.01887338896453332,2.7261993086249503E-13,0.9811266110345279,1.894263469448052E-13,8.146626010949038E-14,
2.659575932802895E-11,0.008398148673366256,1.1173914786697454E-12,0.9916018512740437,1.148248085994666E-11,1.3392448876510927E-11,
2.773859095304041E-14,0.15527861575950377,1.1626544005834907E-15,0.8447213842404383,1.4760467582118444E-14,1.3755339493721417E-14,
1.9379945804421509E-13,0.027570278038212923,5.730010468243996E-13,0.9724297219601817,5.580530705221012E-13,2.7987126367499185E-13,
9.556945882252804E-12,0.10176203101517188,4.0523398828266044E-12,0.8982379689551904,8.027910697294783E-12,8.001881338415189E-12,
9.978715312582017E-12,3.350816740668531E-4,3.061943212145831E-12,0.9996649182880177,1.3328748821757064E-11,1.1548130373123501E-11,
4.574037901496245E-13,0.32998311925404805,1.2046830976850396E-13,0.6700168807450384,8.915321476586155E-14,2.4698607033727346E-13,
1.0345939862103566E-11,0.08074104418820136,2.8697729198985884E-12,0.9192589557898906,3.3496774704685625E-12,5.342252415111566E-12,
2.208328182463058E-10,0.04590328109897998,1.5632829987038875E-10,0.9540967182751572,7.407579649734941E-11,1.7462478269692587E-10,
2.3239080807126615E-11,0.018507341449925625,1.3302789280006477E-11,0.9814926584789311,1.1251628351487797E-11,2.3350600792376174E-11,
8.844588211512539E-15,0.041344652757574436,4.981386150114015E-14,0.9586553472422886,2.7412546463467623E-14,5.102960682610002E-14,
7.107061650204224E-11,0.07463652155735008,6.053750374076711E-11,0.9253634781972393,6.286052914632937E-11,5.094255160694209E-11,
3.0896570958388577E-13,0.02257670413684196,5.895399783159556E-12,0.9774232958537935,2.0428153812427173E-12,1.1180071097963563E-12,
3.75741586718767E-15,0.3373610881697792,1.8225918724200335E-15,0.6626389118302177,2.067813908789667E-15,8.031077230510242E-16,
5.821762589564484E-11,0.28473151711472217,3.441657349765364E-11,0.7152684827671651,1.5121519324592988E-11,1.0357486064998432E-11,
3.1291938069342175E-15,0.14411881551884792,4.2273222945109345E-15,0.855881184481143,8.455936626957191E-16,9.745100183282982E-16,
7.192779850544601E-22,0.014407628851820242,1.649326397013011E-22,0.9855923711481843,3.5647007067428196E-22,1.6217232985680634E-22,
4.019063769905589E-16,0.20442751584463167,2.336352544250398E-16,0.7955724841553685,2.2500795258894087E-16,2.351069870465217E-16,
2.9573649894371006E-13,0.024314658548550937,1.2101675284881883E-13,0.9756853414507669,1.0211473766369051E-13,1.658384007153102E-13,
1.2139524443449078E-18,0.7126854963709787,1.8519648949615704E-18,0.28731450362902006,1.3809726352491254E-18,6.015629801353586E-19,
1.7945231400544297E-18,0.19336400993842182,8.152160271441263E-19,0.8066359900615787,2.624003692284297E-19,1.2759860516937958E-18,
6.171962207299545E-15,0.007609043861239696,3.189166290966108E-15,0.992390956138747,2.7097386689226373E-15,2.8923741005769793E-15,
6.688736342500199E-15,0.4676870208195303,5.917382184678363E-15,0.5323129791804475,6.8884998404633586E-15,4.449868350133607E-15,
3.432325908778974E-14,0.07926549691148478,2.0550201756229204E-14,0.9207345030884384,1.1407223212270137E-14,1.0283762836123057E-14,
1.8327398136220556E-10,0.2954363452114123,1.011430376810256E-10,0.7045636543874436,9.532328331030587E-11,2.1404278327525003E-11,
8.200678915787796E-14,0.17526856084669526,5.688076531914913E-14,0.8247314391530316,7.796532328109223E-14,5.874856511189131E-14,
6.057123926075009E-9,0.16811294913100788,1.0291662556491703E-8,0.8318870206632655,8.958754048941547E-9,4.898186155066407E-9,
8.881916190283614E-11,0.03021497792818697,7.474368501484326E-11,0.9697850217852718,6.299978397609955E-11,5.99798969196285E-11,
1.0499721087990815E-12,0.04544300276962432,1.4673365153591727E-13,0.9545569972252462,2.708126639471503E-12,1.225477366826287E-12,
2.3651920593717466E-12,0.13215699379740115,2.3506253093325035E-12,0.8678430061940129,1.0484494262807293E-12,2.8234098266816173E-12,
4.139375309739492E-12,0.018579569417489106,1.2793494462864736E-11,0.9814204305489481,8.620115132435946E-12,8.009566757242059E-12,
1.6089809419385273E-14,0.03831320130663172,2.1155215406200603E-14,0.9616867986933068,1.6723972587705402E-14,6.3133315854561755E-15,
2.904278533518687E-14,0.013041448818469444,7.982889479819458E-14,0.9869585511812172,4.7624940009522255E-14,1.5551570693731232E-13,
1.5662661681646674E-11,0.046632471087257744,1.2568495999576763E-12,0.9533675288868957,3.711133023995409E-12,5.2150945502974655E-12,
1.7915255198239858E-13,0.004839085967084895,1.2587278658682046E-13,0.995160914013339,1.5732332687385227E-11,3.5371098838767785E-12,
3.9031963621627207E-13,0.004688289157039657,5.184185358996409E-14,0.9953117108418226,3.518586251604616E-13,3.443456800078829E-13,
3.778806613368861E-14,0.39062569497920496,4.110154185607729E-14,0.6093743050206741,1.7493569329032417E-14,2.3103336518189415E-14,
1.593443538599896E-14,0.016318926590447345,2.2262409621045273E-15,0.9836810734095177,7.791090589292464E-15,9.969519578251291E-15,
9.789551719020454E-8,0.006463635401467659,9.117922176659389E-8,0.993536088481227,3.504059058165323E-8,5.2001973857658664E-8,
4.0310986155631654E-14,0.025336315675343005,2.3833661832063852E-14,0.9746636843245055,5.622277232801679E-14,2.950693801693355E-14,
1.26350448072517E-18,0.30838699217788834,3.263890617370448E-19,0.6916130078221143,1.1725957852053725E-18,1.248117485918662E-19,
5.069095569594372E-17,0.04088627120897638,6.015832744208679E-17,0.9591137287910221,3.9444687900772414E-17,5.373468917088063E-18,
7.238676785644845E-18,0.08470117856296058,1.8184935133382756E-18,0.9152988214370351,8.188063477526361E-18,2.186800400197755E-18,
1.4873452482604117E-15,0.038390474596040135,1.4636959322139553E-15,0.9616095254039574,3.848871342529351E-16,1.0324115157036342E-15,
3.243965546451439E-17,0.060612620819498184,1.118645500638457E-17,0.9393873791804996,1.300847564918136E-17,1.0245266341528396E-17,
4.994605390728165E-16,0.09138212963074856,4.0101380689523047E-16,0.9086178703692471,3.2948624800891857E-16,4.4094277815143607E-16,
1.3849221874402125E-23,0.07517552050342595,2.5415005708917557E-23,0.9248244794965753,2.556820423418404E-24,1.5751144099201184E-23,
6.247054704427941E-21,0.04133186122917098,9.489467010474991E-21,0.9586681387708255,3.646520324571027E-20,4.724573446556577E-20,
2.915485779368451E-11,0.10178031522617945,2.3780216654882283E-11,0.8982196846804933,3.328665425527803E-11,7.103042823658388E-12,
3.0393005516705684E-14,0.11523828004642493,4.661550449152835E-14,0.8847617199534729,1.436803941054947E-14,9.946455677443894E-15,
1.1133704222681963E-15,0.14215432563922956,8.258185859008915E-16,0.857845674360769,9.230467651673952E-16,9.389529019436806E-16,
3.652512858087552E-17,0.056636133712352425,2.933990306404411E-17,0.9433638662876511,1.0205556848822772E-17,2.7407393483233258E-17,
3.1466800722457393E-13,0.2685083969671197,8.248572868815763E-13,0.7314916030289621,1.3303229047033968E-12,1.4497367247132363E-12,
3.338897953134811E-14,0.1580167420957808,2.5692241307239237E-14,0.8419832579041284,1.761965326045095E-14,1.3707492866320429E-14,
4.807887129986757E-23,0.3155258080314778,9.739783421435749E-23,0.6844741919685162,7.17030201722401E-23,4.3938677497699537E-23,
2.375145823144028E-17,0.0560659767952343,2.6280657480951487E-17,0.9439340232047722,4.447019740918599E-17,3.827263435065172E-17,
3.165603450438792E-13,0.23601757680502977,2.145485288716819E-13,0.7639824231940594,1.1396012337608487E-13,2.6451177411282725E-13,
8.735189251251699E-14,0.41543605575272774,8.579935677814026E-14,0.5845639442467727,1.3051269940986862E-13,1.984802299008626E-13,
2.364322780025614E-15,0.11174863075629689,1.2832808722134128E-15,0.888251369243692,6.958185659318353E-16,1.4280669933743899E-15,
6.998205745658807E-15,0.1380543799765686,1.440796817177063E-14,0.861945620023379,1.2805652462128428E-14,1.8616032677669284E-14,
8.649419249435289E-19,9.654996623270958E-4,1.90596093693834E-18,0.9990345003376756,1.234462398814888E-18,2.4071629805285526E-18,
3.450421007053099E-16,0.3271133669899121,1.933972904862436E-16,0.6728866330100842,7.446226453651712E-17,2.4017698626332267E-16,
1.7067700261811156E-15,0.032874398461253965,2.0109925766030623E-15,0.9671256015387382,8.211653523011966E-16,1.5153662225256363E-15,
6.1429885238579554E-18,0.05141325832789841,5.548675303950794E-18,0.9485867416721003,7.563985814616431E-18,7.909569965240808E-18,
1.8465534508565534E-22,0.16422954634915865,1.3004081522660181E-22,0.8357704536508399,4.427025841878944E-23,3.4954966535324005E-23,
7.167771776900176E-21,0.09493722183108289,7.345064327436023E-21,0.9050627781689183,7.267343830259791E-21,3.9046822542887046E-21,
1.2846475346769102E-22,0.106665900020471,9.39074433186707E-23,0.8933340999795304,9.56419630530763E-23,7.862215041814387E-23,
3.3198246360794657E-25,0.03703743105047288,3.428315774824949E-25,0.9629625689495311,1.9343563973580287E-25,9.364375616929741E-25,
8.3158435691537E-15,0.11126321585780805,5.5510748222728215E-15,0.8887367841421624,7.444035301342182E-15,7.481841197410581E-15,
2.4193481871597514E-16,0.09476268988481457,9.074262928943722E-17,0.9052373101151898,1.226476015499739E-16,9.063306519178722E-17,
4.573278197290168E-21,0.05612037440002815,6.6267828029018054E-21,0.9438796255999734,1.7307037148552756E-21,4.656044545523734E-21,
1.3493162253577075E-14,0.11111334758974073,6.2745870303926585E-15,0.8888866524102208,9.243644998603216E-15,8.523613681079178E-15,
4.897416712348609E-18,0.5132416324767648,3.3208401116073986E-18,0.4867583675232312,5.688355930558626E-18,4.062413261222915E-18,
3.579154017722203E-11,0.308857773208006,9.239948124797722E-12,0.6911422266956501,4.815917374901434E-12,4.6497930408079676E-11,
1.912897343858112E-13,0.019087811317309526,2.418398244779183E-13,0.9809121886816435,5.735749773285892E-13,4.285550580204745E-14,
3.537429106294664E-12,8.530168622674759E-4,2.455912999898443E-12,0.9991469831279968,1.7055892820203376E-12,2.0370200727317344E-12,
6.575069158632644E-11,0.08369989311722718,1.574229523457553E-10,0.9163001065092615,8.948987337758965E-11,6.084541985010104E-11,
1.647968810182775E-15,0.008748203734332877,2.4830287992861864E-14,0.9912517962655871,2.632564164959483E-14,2.4605408597213953E-14,
7.8506830537999E-16,0.1526819540051412,8.909394070151013E-16,0.8473180459948589,1.1807956464235113E-15,1.0610421017262061E-15,
1.0489932234896403E-12,0.1537916822750271,4.342191255687113E-13,0.8462083177221963,1.0147949315425267E-12,2.778557370992435E-13,
4.8087842602698154E-14,0.4975385219471054,4.759372362799037E-14,0.5024614780527167,3.509123033494991E-14,4.6671253273233214E-14,
2.4473474448318004E-23,0.16037710472963573,1.9592452128842166E-23,0.8396228952703632,9.766638989932743E-24,2.032991096765762E-23,
6.099171957184279E-16,0.1112297922870258,4.551634095645391E-16,0.8887702077129775,6.037747193451743E-16,2.4952228721749944E-16,
1.7902432644559056E-11,0.27309528023309165,4.9422700683837835E-11,0.7269047196349542,2.381677901476338E-11,4.08149538638535E-11,
2.2256466252707033E-17,0.319271850061728,1.8724008841633175E-17,0.6807281499382715,4.968796887150127E-18,7.542507679372025E-18,
1.7289883819455177E-12,0.0627370301331342,2.3091102694092258E-12,0.937262969859762,1.574229757631816E-12,1.489592799377345E-12,
9.64238161544861E-17,0.025900343083276545,9.249945245386921E-17,0.9740996569167193,9.664690328311137E-17,1.492809525163676E-16,
7.191431777527498E-13,0.05538953449703352,4.632252419345801E-13,0.9446104655006557,4.0968103878952254E-13,7.170986404293818E-13,
3.9007352928613955E-16,0.05177300581930981,1.4023500709977357E-15,0.9482269941806835,1.4836862152738024E-16,3.878210435261061E-16,
2.356591892801753E-16,0.11390627291972218,2.240056202349509E-16,0.886093727080278,1.4868910035420372E-16,1.6341151642365057E-16,
4.4295243781449304E-16,0.06666373537276582,6.429276872161078E-16,0.9333362646272307,1.170911158199578E-15,7.668385762688682E-16,
3.467378487582408E-16,0.31928041094297965,2.2293044007985345E-15,0.6807195890570094,2.170648452385558E-15,1.2860474278906196E-15,
4.57176587919641E-17,0.04241444721906151,2.1458866960200355E-16,0.9575855527809364,1.8140357012165246E-16,2.0211797513191388E-16,
4.892289552485092E-18,0.17521195809362192,6.459415752194353E-18,0.8247880419063812,8.328844284423684E-18,5.3459379544703815E-18,
9.082983355109305E-16,0.001484446990219291,5.247748230104819E-16,0.9985155530097783,1.6197097551912567E-16,5.808899748088548E-16,
7.010329370512689E-14,0.16195167159282878,4.837186845808607E-14,0.8380483284069222,8.784403228079387E-14,4.227153981237533E-14,
8.177746306940608E-12,0.18417296705570124,6.286343910037205E-12,0.8158270329197111,8.093870113646626E-12,2.0303789921228276E-12,
4.304166532313085E-11,0.00900386539121444,6.1721113661891924E-12,0.9909961345270273,2.193210170622144E-11,1.0610194195685592E-11,
1.3831085566016467E-15,0.30665675039299595,2.4232920900145856E-15,0.6933432496069961,3.596344140685759E-15,1.4076838037378763E-15,
1.977120699092915E-12,0.014786406615758715,1.644255736320735E-12,0.9852135933772403,1.4992239563694125E-12,1.8808556735849364E-12,
1.443045148388644E-17,0.17714658468019848,9.639066305641125E-18,0.8228534153198009,8.656304016869446E-18,1.3468558699652138E-17,
2.7556322463453E-15,0.17157562006702298,4.754884413735828E-16,0.8284243799329708,7.767797013878949E-16,4.957167606011754E-16,
4.22802798005048E-19,0.09395665971744604,5.178807407656186E-20,0.9060433402825602,2.4801023475876454E-19,2.4531693607743435E-19,
2.48694708745518E-12,0.015011897026585749,2.7315722662105435E-12,0.9849881029630759,3.6322112146772414E-12,1.4888959566811882E-12,
1.142617782698755E-19,0.0016417090675070881,1.381988943325673E-19,0.9983582909324922,1.1769800616342894E-19,1.1928774858028326E-19,
5.34629133517867E-22,0.02073551052139568,8.495817222874668E-22,0.9792644894786068,6.712324489974856E-21,2.097139676574881E-21,
9.95769210052397E-16,0.004778003332192668,6.44377116260931E-17,0.9952219966678013,1.8105582669652828E-15,7.48685023664965E-16,
3.1696900764064374E-20,0.20887799572415292,2.0836325197672923E-20,0.7911220042758499,5.175769922420933E-20,4.785936139643847E-20,
1.2717065380196842E-20,0.007744091419573594,2.1406698892090655E-20,0.9922559085804289,1.1368041503355222E-20,5.1223136664219856E-21,
6.419734299805831E-16,6.685537844030194E-4,4.7898575017997585E-16,0.9993314462155924,1.0220888152979636E-15,1.5649095848746453E-16,
3.465864768016383E-24,0.1126275642499351,1.7139973996637277E-24,0.8873724357500685,3.1189734750681515E-24,2.838854652200411E-24,
2.6754589507885036E-15,0.14826373401152773,3.1002335436254048E-15,0.8517362659884581,5.834127045714003E-15,2.047226142649477E-15,
4.228036313119169E-18,0.1301599895503875,5.387917031509935E-18,0.8698400104496162,1.2384269912667328E-17,3.0752406063568206E-18,
1.4999344579676368E-18,0.16506945826304759,1.1597738980318128E-18,0.8349305417369558,2.092390354679666E-18,1.4185019755858489E-18,
2.5491761490972975E-16,0.028970572751686244,1.0055731687229766E-16,0.9710294272483111,3.139088483124315E-16,1.913199555194092E-16,
1.0816414053249758E-20,0.26293559973723235,8.412269444949635E-20,0.7370644002627674,1.7130753779919535E-19,7.107637716632084E-20,
3.1176409658488842E-19,0.008451389126739975,2.1858036619534484E-19,0.9915486108732607,5.025614431165653E-19,1.4154859948339242E-19,
2.3346531674999763E-25,0.03207571122551772,1.7606277372348776E-24,0.9679242887744864,7.2486222312478765E-25,1.0375156564546208E-24,
6.809059480641355E-22,0.012634077428203107,6.522690183627577E-22,0.9873659225718021,5.575739874808485E-21,1.5610491596778182E-22,
1.9014233056564736E-13,0.05894026263934007,1.3810291804427562E-13,0.9410597373602276,7.965008459164527E-14,2.6594491367588434E-14,
1.3055769353208693E-15,0.04443091310985666,1.8798363330183995E-16,0.9555690868901395,2.5564975069962213E-15,1.0413147610782018E-15,
4.452636764115676E-18,0.024335976888946377,4.0262077343736445E-18,0.975664023111057,4.994826311154823E-18,4.308398900639673E-18,
4.608375189518722E-12,0.10558794381042015,3.2548190576897742E-12,0.8944120561515688,2.273622394756145E-11,7.413774599199265E-12,
3.790259244457577E-15,0.18757908837898674,6.083049190947319E-15,0.8124209116209852,1.2067495977641799E-14,4.4505027181395366E-15,
1.6099917702031117E-13,0.007793879069094004,1.737329248223917E-13,0.9922061209301494,3.222222909045798E-13,9.789150670048575E-14,
2.768515228964407E-17,0.18407752462562502,1.9454422142280366E-17,0.8159224753743807,2.2255834254544787E-17,7.630242940964434E-18,
7.724437583687487E-17,0.1609385429284443,3.1405789041897155E-17,0.839061457071555,3.6969241878868445E-17,3.144081633476503E-17,
2.6475808743549228E-20,0.0719885953181817,4.817861021872574E-20,0.9280114046818126,1.2149027492819256E-19,7.937565215302831E-21,
1.2192623673352814E-20,0.11467064143786941,2.2173922368260272E-20,0.8853293585621286,4.796282122061163E-20,6.925810584282444E-21,
6.145368461278722E-19,0.002035054541035519,5.368632465312714E-19,0.9979649454589672,6.90467821498038E-19,5.556191875747201E-19,
1.2284120459571052E-19,0.03526708673527311,5.869083161617222E-20,0.9647329132647271,1.2432382748590088E-19,5.1629399485925754E-20,
1.2096850368612183E-18,0.01725767155205597,1.7168798382731668E-18,0.9827423284479461,3.338664680112174E-18,1.4485458337916602E-19,
1.7897051552127754E-17,0.02497314670236378,6.0291425623488E-17,0.9750268532976365,1.6470449233097357E-17,5.1219921839208195E-18,
4.820366679573322E-19,0.010127146486842643,3.6244451839197744E-19,0.9898728535131547,5.30198220711178E-19,2.2809138302156157E-19,
6.806055471995572E-20,0.1016350474950618,4.6659666940749576E-20,0.8983649525049349,2.0224210724180725E-19,7.582618449118888E-20,
2.3760613448287524E-22,0.1218938037954844,2.2864747493654862E-22,0.8781061962045172,4.642587038116095E-22,6.738323097788274E-23,
1.4456573577838587E-24,0.1589273700776532,1.2517859871943894E-24,0.8410726299223513,3.282932398660256E-24,1.5598127911320579E-24,
9.90712682782196E-19,0.04211631841522539,2.2640228333080655E-18,0.9578836815847778,2.7043787456111774E-18,1.9321838896513252E-18,
7.750581700626404E-23,0.008705169331651937,1.6650946841307694E-23,0.9912948306683516,8.362130745551417E-23,5.75358809605899E-23,
6.142877345551785E-28,0.09121153028550698,7.382811686757062E-28,0.9087884697144952,2.9049351328182875E-27,7.392933408417943E-28,
1.6835005703980388E-19,0.1418675553440971,2.0413503117411367E-19,0.8581324446559059,5.157062513075862E-19,2.749308204039386E-19,
1.8576129784879975E-17,0.05855072240536712,3.3006235697917377E-17,0.9414492775946391,3.868286511984525E-17,2.8555167591378526E-17,
1.3250988013351327E-18,0.14553728039570202,1.186082154002148E-18,0.8544627196042971,3.857803482733366E-18,1.2572169163240001E-18,
5.724859723717025E-19,0.026654041297428245,1.4474810210571557E-18,0.9733459587025676,2.22256682353702E-17,2.4834934198394693E-18,
3.354248489329001E-20,0.014329491831620083,5.436891125757559E-20,0.9856705081683842,2.33890952891517E-19,5.570677462698464E-20,
2.9390475783649727E-22,0.15174408046957807,2.127015287983135E-22,0.8482559195304192,1.9631251244687048E-21,2.6173864932910667E-22,
9.016371696138966E-22,3.981637746292431E-4,1.0115798357558058E-22,0.9996018362253711,2.291972196117046E-21,7.669314213141335E-22,
2.461127129116467E-19,0.18087601389230687,2.0484838546075562E-19,0.8191239861076947,8.962025032196568E-19,8.579218468497612E-20,
2.2174912028187415E-17,0.019570778782665547,1.8862268712183948E-17,0.980429221217339,1.2389586204434766E-16,2.556332361713605E-17,
1.8667715083447175E-20,0.0929518884771518,1.2424570900393932E-20,0.9070481115228511,3.047173294901667E-20,1.6356046003874145E-20,
2.0367466717396E-28,0.00631182566586321,1.8622705267322133E-29,0.9936881743341406,2.6611306998191986E-28,7.626620673821067E-29,
2.0045096016563925E-17,0.08309446775852468,1.540876924701252E-17,0.9169055322414756,2.731731667179763E-17,7.109956811885821E-18,
1.3581277955771075E-21,0.016319974298503303,1.2855488963869176E-21,0.9836800257014999,1.065121687692217E-20,1.104181983470395E-21,
9.672370818109148E-25,0.09200753777629128,1.113517904117876E-24,0.9079924622237112,8.371660130286311E-24,8.767013059052779E-25,
5.174763810628458E-16,0.03904900954146042,3.6861660740158894E-16,0.960950990458528,9.00874270649798E-15,7.332911726993284E-16,
6.037419006419021E-18,0.021311946015615577,9.691965045278798E-19,0.9786880539843831,6.590508817570415E-17,1.2422781826966597E-18,
6.960532520791467E-26,0.06634561026282178,3.5740619500468775E-26,0.9336543897371828,1.2844328059108167E-24,1.5684030509759969E-25,
9.101558529405827E-14,0.15502184713330028,7.432039408132036E-14,0.8449781528649183,1.5829084009512586E-12,3.069519521642943E-14,
3.8548096059376717E-13,0.03923200607222457,1.627534151536861E-12,0.9607679939096995,1.41147596127304E-11,1.946680413647702E-12,
1.804503097326373E-15,0.05496564054404737,1.5710296741237916E-15,0.9450343594558922,5.6524661977537225E-14,1.8382163916293823E-15,
1.6656347187348531E-18,0.018879254751193352,1.5750653553918127E-18,0.9811207452488029,3.410137222907351E-17,5.830307200069926E-19,
4.272990792078217E-15,0.0729801212129653,3.773374208230051E-15,0.9270198787866888,3.3617761592231986E-13,2.3230127777922514E-15,
3.6030894365808576E-15,0.0229739269786947,1.4622122760900793E-15,0.977026073021046,2.512364100134996E-13,2.8630327867339145E-15,
1.7728243521347076E-16,0.0016709220531721666,2.6026024370589244E-16,0.9983290779467674,6.094998411012369E-14,5.379633940361362E-16,
9.948015997421301E-18,0.06243756330977029,8.555077598138379E-18,0.937562436690232,1.3680996876591483E-15,4.091151523111963E-18,
2.700677131361881E-16,0.03735749906432378,1.993113859319197E-16,0.9626425009356537,1.8078949786578882E-14,1.382923932105847E-16,
2.670883737348075E-19,0.08775102826087021,1.7792681918591599E-19,0.9122489717391292,3.139253634234883E-17,1.344289035708402E-19,
3.2223943215579503E-21,0.10956660509692132,1.9084107317480607E-21,0.8904333949030788,1.293456749373778E-18,6.373306239697177E-21,
4.071481962017396E-15,0.29088599289410694,1.8041190309225322E-15,0.7091140071048994,9.889088101086746E-13,2.0814670945557703E-15,
9.09422399781743E-21,0.152773072930212,1.3725245464532718E-20,0.8472269270697834,6.818925352101197E-18,1.0032894128483936E-20,
1.1535478538377467E-17,0.001197476268651622,9.15062650381202E-18,0.9988025237313413,7.44669218977507E-15,3.157443098236274E-17,
1.1740946046214012E-17,0.13061444612354836,8.406866594432497E-18,0.8693855538764409,9.84974782691282E-15,1.2637783877232008E-17,
2.1134376400531923E-20,0.0360817991687467,6.78225629374648E-20,0.9639182008312507,1.1161830762369167E-17,3.2227602129334897E-20,
2.9619133418391936E-22,0.027310936155880358,4.1856582330884574E-22,0.9726890638441236,4.355743751931961E-19,6.116182342675537E-22,
1.5646190833909213E-15,0.14839151563223918,2.860027802783738E-16,0.8516084843673367,4.2201541196836554E-13,5.910596191084305E-16,
4.693400355335471E-17,0.2582910805096471,2.1196858002419015E-17,0.7417089194903186,3.215813451300902E-14,2.9835357884628436E-17,
2.5259398622404707E-17,0.16429444474221258,2.388491587903169E-17,0.835705555257747,3.892111852938645E-14,2.975532531119944E-17,
9.61604078768611E-20,0.2542113485319106,6.629985092731135E-20,0.7457886514680913,3.759264407231983E-17,7.785578677376577E-20,
1.0778795681181642E-15,0.09849024975639516,2.559136130906636E-16,0.9015097502430317,5.700969945280407E-13,4.254588174012362E-16,
4.0506856055361745E-13,0.05034273580321183,4.667318255989443E-13,0.9496572638888173,3.0635041537185374E-10,7.47069656949391E-13,
6.477065481711339E-14,0.028978737625795153,9.747274939736188E-14,0.9710212620556502,3.1828231938689027E-10,1.0913896095680082E-13,
2.3736688708329023E-18,0.03191372573932311,3.759445065068729E-18,0.9680862742606763,4.735812261133158E-15,1.231304085924008E-18,
1.9294103938610685E-17,0.0176018893560844,6.280773278703305E-17,0.982398110643827,9.316306666494205E-14,5.2173533229589093E-17,
5.259251229950394E-13,0.19814418649214413,7.266776833837563E-13,0.8018558079775547,5.528115781406921E-9,9.310807244754735E-13,
7.903605295861632E-15,0.005232146545405403,1.6120629869588427E-15,0.994767853429208,2.5368763341021585E-11,7.016465300336107E-15,
4.898665881814335E-15,6.289143804932901E-4,2.5129884304068106E-14,0.9993710856175002,1.963257366087336E-12,1.7259028314490717E-14,
3.0946477054445672E-12,0.056514869798208196,2.5977158792608876E-13,0.9434850990755711,3.111845165005258E-8,4.415399994912682E-12,
1.0964372709684931E-12,0.07216669095686067,8.141099101987797E-13,0.9278333028999987,6.140552635430851E-9,6.778758265475971E-13,
9.83396927040166E-22,0.006004178410238636,3.9388287059748255E-21,0.9939958215897641,6.735768537218551E-17,1.2620016572179218E-20,
5.83104891569393E-23,1.3766945210346758E-4,2.2574415901926896E-23,0.999862330547893,2.276893237887195E-21,5.672628264734782E-23,
2.0501775698183705E-13,0.05459011819181393,5.1097446010755024E-14,0.9454098805100886,1.2976405975295482E-9,1.9954704737479928E-13,
9.715714054588804E-17,0.15181674177132196,6.736193287063429E-17,0.8481832582282638,4.135242589496207E-13,4.836129687107153E-17,
5.664628268999329E-19,0.14400296756276146,6.422132887079404E-19,0.8559970324372281,1.450305371125126E-14,2.340112829611458E-19,
8.87907318081172E-16,0.03247415635512837,9.482474032877731E-16,0.9675258436292271,1.5638393814212993E-11,4.20091972455889E-16,
3.7390411898922907E-19,0.06523832503980502,6.210896704202293E-19,0.9347616749601892,2.8412764443074193E-15,5.646598781821849E-19,
1.1220942548342452E-15,0.0628510834465649,3.2196210208188087E-16,0.9371489165499916,3.4389336177965157E-12,1.2037005692987225E-15,
4.958973408697849E-15,0.03611884872145389,6.1342455973384644E-15,0.9638811508713545,4.0717728092685615E-10,4.353149047629659E-15,
2.1445635802739754E-14,0.05557647253732905,5.750591442651847E-15,0.9444235266592731,8.033673886797067E-10,5.650717922231194E-15,
5.436810602226813E-20,0.0362616759394236,2.829971275882402E-20,0.9637383240605804,2.4727447521767307E-15,5.2097593149876555E-20,
8.91090230544426E-22,0.10186567949828555,6.937713515646998E-22,0.8981343205017138,1.027915562337552E-18,9.698019102108355E-22,
2.5614011349070643E-18,0.047445913079189064,1.3927780801174536E-18,0.9525540869205968,2.1511075413258009E-13,1.795575540644286E-18,
1.820605025632182E-15,0.04561630368194962,9.40903576312871E-16,0.9543836961328681,1.8517544779655248E-10,7.283122811431699E-16,
5.7124095568747445E-21,0.1917545504073269,2.2895891164436152E-21,0.8082454495926737,9.291474347846599E-16,1.1339072391082039E-20,
1.0645217371181785E-19,0.027191148044431148,8.660872650705624E-21,0.9728088519555584,1.3618754554594853E-14,3.433211662210876E-20,
1.7063162807689373E-17,0.12353452800266061,1.7390987040782785E-17,0.8764654719944074,2.932703623843295E-12,5.651441555768143E-18,
2.51125576113213E-16,0.1304449796832214,2.2060614914443346E-16,0.8695550202302825,8.649332265575316E-11,1.0447687089913307E-16,
2.59537355863188E-19,0.007781605330798957,1.4019044881925336E-19,0.9922183946691747,2.840070637295896E-14,1.9565318766103469E-19,
3.500936039924356E-15,0.030379060034936112,2.0437428122633435E-15,0.9696209390524385,9.126172140261483E-10,9.582583510954136E-16,
3.7184421092105814E-13,0.025085603425907085,2.4463716725505854E-13,0.974914116208429,2.8036491489018E-7,1.3037790624935245E-13,
5.3578206209038394E-21,0.006618567645506426,4.938811676338648E-21,0.9933814323544984,1.0961732371733116E-15,4.485106666113543E-21,
1.917705288571371E-18,0.09529499112570498,1.6281526277152195E-18,0.9047050088722715,2.023156881371287E-12,1.1449009796261546E-18,
3.586882040587718E-15,0.009815837536046841,4.949008687562316E-15,0.9901841585752252,3.8887159812541606E-9,4.8512925122059725E-15,
1.8185702364870632E-17,0.001977544694639126,3.7911379965859475E-17,0.9980224552810327,2.4330560736090684E-11,1.442983381190885E-17,
7.505234469122858E-15,0.01457209037015982,5.243173409340367E-15,0.9854278977498797,1.1879898145252894E-8,5.011391562886573E-14,
2.7860234273575384E-14,0.0012540943257914087,1.4821950076507857E-14,0.9987458967384353,8.935714077271252E-9,1.4100985510719277E-14,
4.3240726590360436E-18,0.12313494632390058,3.3721605809780515E-18,0.8768650536686716,7.429688840049891E-12,5.238529607352683E-18,
1.2166656149936158E-17,0.010174607089856114,5.942564917537124E-18,0.9898253929047056,5.4423045179333525E-12,1.0894184646024382E-17,
4.036929683026478E-15,1.0223601687654683E-5,2.5387460113867642E-15,0.9999897762796381,1.1867117265033216E-10,8.480778561986351E-16,
3.176253675781244E-15,0.21021160443855574,3.803711595250315E-15,0.7897883201355885,7.542584426069704E-8,6.191817666803714E-15,
1.0124266383629266E-18,0.0010807591728129247,1.5089647478630718E-18,0.9989192408262175,9.738265251060727E-13,7.958399019614396E-20,
3.2597378375817345E-18,0.00409291491551447,2.2853474089485997E-18,0.9959070850737506,1.0733625848765684E-11,8.002296512703413E-19,
1.353010981039971E-20,0.009540186666307035,7.997329083054432E-21,0.9904598133336948,2.3490683438696582E-15,1.4016260752085706E-20,
2.4984349402412794E-19,0.07306621212522371,2.1315147281926633E-19,0.9269337878738756,9.061380990822918E-13,1.6595168801703596E-19,
5.768491417727041E-24,0.039287396910298,9.563389989756933E-24,0.9607126030897036,8.809869125682656E-18,5.473219903704814E-24,
4.2894085172083155E-16,2.250179408315259E-4,3.0799660079823193E-16,0.99977497873328,3.3258853375735247E-9,1.957128860793062E-16,
8.557635508559112E-11,0.10119975069666767,3.703903518532017E-11,0.8983374938755283,4.627552099646555E-4,9.522132878198098E-11,
8.150276974041305E-14,0.09029121022266802,7.053733618287235E-14,0.9096487871945809,6.000258249838947E-5,1.0239254592410498E-13,
1.3381403963169812E-11,0.026826126079332865,9.912754150945222E-12,0.9731470865637637,2.6787322267170255E-5,1.1342034011470597E-11,
2.476018295960202E-15,0.12417145666934559,7.313861837825732E-15,0.8758285265608869,1.676975152952908E-8,5.7294675650859165E-15,
7.196488149832999E-16,0.02312356024795304,4.0953022618035515E-16,0.9768764374473619,2.3046830967363975E-9,1.0621624057207635E-15,
1.2933703734308942E-14,0.12291205347607508,8.813297008915304E-15,0.8708317288841877,0.006256217639708441,7.348852602088342E-15,
4.002025683346677E-14,0.009320375238222841,4.28704165197388E-14,0.9906792731403132,3.516213512788648E-7,3.003489809405038E-14,
3.1984032289100767E-12,0.06381264394261515,5.5733116248933175E-12,0.9361598519239928,2.7504120588241523E-5,4.033381516656174E-12,
1.6122643208260925E-14,0.018441208511426704,3.861550614251224E-14,0.9813598822274254,1.989092610460684E-4,4.7362747127887376E-14,
6.384227281491764E-17,0.15105699136197973,3.1135588150759493E-17,0.8489430068070947,1.83092548063545E-9,3.601182127779134E-17,
1.1759555408591594E-14,0.05688984824975983,7.224253973586082E-15,0.9431096116461506,5.401040624235953E-7,9.533975013808249E-15,
3.7131054011031795E-18,0.043240848384956315,2.725042584508034E-17,0.956759151514598,1.0044520963614569E-10,7.723121330188166E-18,
7.760470290381189E-14,3.766825594434214E-4,4.830214421779406E-14,0.9996210458337195,2.27160665574309E-6,5.529679550302628E-14,
1.8099214521060597E-20,9.809573228281138E-4,1.0476536716695018E-20,0.9990190426765925,5.827436110110659E-13,1.046314032136204E-21,
1.0387130153483603E-14,0.022753314321029443,1.2221621394183076E-14,0.9772466355374146,5.01415301361381E-8,5.449169658704154E-15,
1.5285386194971085E-14,0.20125440795805122,1.031306933577204E-14,0.7987433118857074,2.280156211030804E-6,3.843773922796782E-15,
1.8343564755487722E-15,0.01276006723333492,1.2558895087557978E-15,0.9872397306905701,2.0207609090053012E-7,1.7440609447617981E-15,
1.0288857057012476E-11,0.014154709439420645,2.933757828247742E-12,0.9854584407078614,3.8684983183494477E-4,7.661820981920761E-12,
1.5466054366468958E-19,0.06420421197688679,1.4896389951288538E-19,0.9357957880092073,1.3909795097315681E-11,1.1411513543366867E-19,
5.0130987850817404E-17,0.04662434388135396,6.933621250528653E-17,0.9533756348877671,2.1230878633175965E-8,7.986308764437395E-17,
3.285122817733458E-14,0.18984401495013126,1.8180976970509213E-14,0.8101524482497656,3.5368000229736614E-6,3.150976424617956E-14,
1.3902658739358537E-14,0.12836800587060043,4.216848586582692E-15,0.8716318310010699,1.6312830480028207E-7,5.7851977732700594E-15,
3.699043224826675E-15,0.14452209965182014,5.093260704386824E-15,0.855474604466373,3.2958817924184577E-6,7.976891097719882E-15,
4.013122577645988E-16,9.755461351552083E-4,1.2992445860797048E-16,0.9990244422484262,1.1616413974617418E-8,4.3384140375000923E-16,
1.7497389726789593E-17,0.020200384761525914,2.482544304959286E-17,0.9797996079718525,7.266624389162021E-9,1.9865246987145288E-17,
2.2465131862512984E-22,0.05774820491043421,7.3826868201389865E-22,0.9422517950895491,1.0901748939600119E-14,7.700450875730012E-22,
7.417158515572198E-18,0.020064291851636093,6.8578956939778715E-18,0.9799356986443678,9.503996086507615E-9,9.983949789664473E-18,
9.96072387814351E-24,0.047637650168751974,1.1670730263698333E-23,0.9523623498312366,1.2894155562801651E-14,1.397523974301161E-23,
8.02938373549154E-21,0.030047619867646785,4.737405836507379E-21,0.969952380130182,2.1724619591756865E-12,3.591213651916392E-22,
2.1498458593500152E-20,0.20462996146123322,1.1183339100369289E-20,0.7953700385153273,2.3444182551613006E-11,7.746571376508698E-21,
3.670203541891454E-15,0.0023177258007854133,3.589150633788663E-15,0.9955223423800044,0.00215993181919519,3.3851668094550252E-15,
2.2967738678663214E-14,0.24817410915594432,1.8321927219806632E-14,0.7517652642250616,6.062661893198155E-5,2.2012598441135324E-14,
7.322310165348645E-14,0.08356791750814013,4.0006241556585526E-14,0.9162745008849131,1.575816067517896E-4,8.102164274666656E-14,
5.750150742678721E-15,0.04243382874479289,7.334981158346184E-15,0.9575294783402244,3.6692914962320326E-5,9.016577143918443E-15,
1.3968949121153117E-16,0.12558562126389028,1.7708489940269983E-16,0.874414002137838,3.765982764801942E-7,2.5529426163081217E-16,
5.6529401217853094E-18,0.05361576339590393,4.8823435655769795E-18,0.9463842224950263,1.4109069866677727E-8,2.6503747840831647E-18,
5.487250737209833E-17,0.012056662345018466,1.6764638354235445E-17,0.9879432759510889,6.170389302457588E-8,4.7170488993416186E-17,
2.9470468211980646E-15,0.18302270456646685,1.8347336015604622E-15,0.8169738066060839,3.4888274408214864E-6,1.6779445758419443E-15,
5.916658394064303E-16,0.16264639191921004,2.5086066737168824E-15,0.8373462143578709,7.393722915552364E-6,2.242725596402758E-15,
1.046430244829508E-20,0.03513884919438557,1.1053415828925671E-20,0.9648611507660786,3.953254586184807E-11,1.519719509198537E-20,
1.5846370488658875E-14,0.024024870607972062,9.932636206601734E-15,0.9759595271163531,1.560227563770527E-5,1.1694352459649988E-14,
8.96657787684738E-14,0.13222431210956626,3.908707738657578E-14,0.867518296004293,2.5739188594585145E-4,6.47380728558435E-14,
2.1032679009102335E-16,0.08607719397575597,2.5825834269718045E-16,0.9139225458653875,2.6015885542357677E-7,1.534894273558396E-16,
1.9143399979645096E-15,0.13850763501278898,6.70700600281454E-16,0.8614778724779736,1.4492509234095389E-5,1.113536987049906E-15,
9.265532274716764E-16,0.006276941621317581,4.742848779690936E-16,0.9937180883506226,4.97002805417649E-6,1.393868034916296E-16,
1.1966675044669714E-20,0.008867877780244348,5.242805807432744E-21,0.9911321221871522,3.260334620095884E-11,1.0326094603992148E-20,
8.017950509564937E-18,0.0015500995482926787,1.504574763959186E-18,0.9984497626317211,1.378199819293766E-7,8.910920633686231E-18,
1.0589975063965055E-16,0.1722887709124065,1.1452785206869388E-16,0.8277086994407548,2.5296468368402427E-6,9.214747031373686E-17,
4.705854980994071E-18,0.07126645337072908,3.0383217612155964E-18,0.9276839461866805,0.001049600442587455,1.755289950838058E-18,
1.4010773032938016E-18,7.094574880447363E-5,9.856885602427708E-19,0.9999290534701881,7.810105592429713E-10,1.8658410041371086E-19,
6.198433808534442E-16,0.010648946179080304,1.587242484192306E-16,0.9893325217724753,1.853204843736199E-5,5.391076214516004E-16,
1.4121956945090357E-19,0.002063576269962878,5.645114307980372E-20,0.9979364206928002,3.037230290818872E-9,8.171042094875447E-20,
2.752387193478516E-17,0.2512702312584868,2.582191167094439E-17,0.7487287705346685,9.982068444855624E-7,1.94886015248706E-17,
7.775519691438606E-15,0.0410720458151576,1.2093105483164397E-15,0.9588261701378674,1.017840469643108E-4,2.6740760772409406E-15,
1.764601046988173E-18,0.020782008221924216,1.3433496647040938E-18,0.9788333889791883,3.8460279888471885E-4,1.2381915688477153E-18,
3.581215598254656E-17,6.618283081420551E-4,7.881879516804837E-18,0.9993374048806951,7.668111611841875E-7,1.4571462570662355E-17,
1.2563791916139936E-18,0.12962893218661128,4.878485815378937E-19,0.8688442214998562,0.001526846313529584,5.247253413118535E-19,
4.70601596110485E-16,0.00543007654281752,4.978511998656033E-16,0.9945172062732722,5.271718390461393E-5,7.87712049293319E-16,
6.796096293381285E-23,0.11111776054275153,4.4719354887272654E-23,0.8888822394538779,3.376497898768464E-12,4.095959143364527E-23,
1.0401642274640627E-20,0.11405602922682434,5.05146288537726E-21,0.8859439692661657,1.5070092425401946E-9,1.0643247095198827E-20,
