
0.1417419163228957,0.14301159952719755,0.14269674187888867,0.14781603375696198,0.1438241100617641,0.14286362095773977,0.13804597749455425,
2.5917340764339054E-7,0.3224044386844261,9.83950254868211E-8,0.6775949094875994,4.482913641065719E-8,1.4270749926424965E-7,1.0672290735834282E-7,
2.1813133851076184E-6,0.05476092846912719,2.7520135921397162E-6,0.9452270781140788,9.747988445504666E-7,3.54150720134065E-6,2.5437837708298834E-6,
5.934423085295422E-10,0.1180316951774828,4.819692603817254E-10,0.881968302062261,8.722085843552236E-10,1.7128308088694262E-10,6.413515086755962E-10,
1.6065402115111606E-8,0.20292829830964093,1.324554373795865E-8,0.7970716205565511,1.9405282858873483E-8,1.949887329365707E-8,1.2918707604205716E-8,
2.7165983576289023E-10,0.12654182769138192,1.581435681343098E-10,0.8734581710687942,2.0823460649287538E-10,3.175862076409155E-10,2.842004269451896E-10,
4.504606570286447E-6,0.0517993010428109,1.9932298944391837E-6,0.9481824155856288,4.0521462410270145E-6,4.170905092644321E-6,3.5624837623941345E-6,
1.285737174590591E-7,0.23153274629030463,1.6960789295317025E-7,0.7684666027828911,1.4773028670654711E-8,1.9042253249956125E-7,1.4754963378422986E-7,
3.657557725414518E-6,0.0898161270676984,5.014564655552879E-6,0.9101597355943548,6.346757884945225E-8,8.336958300577844E-6,7.064789687436205E-6,
2.0308425176739736E-8,0.08422813708820985,2.106511748171037E-8,0.9157717795040088,1.349510683596315E-10,2.3659733700945283E-8,1.8239553259349385E-8,
2.6210402540365714E-7,0.2705917552761125,8.59121789776741E-8,0.72940749394973,7.939323088651596E-9,2.59167411279615E-7,1.3565121994497497E-7,
6.520326640590004E-8,0.004957646131128075,2.5952813642216705E-7,0.9950419679213537,4.6003432182822596E-8,9.36277819161299E-9,5.8499053224106206E-9,
7.23499606190082E-7,0.0047020092496640395,9.366981328937222E-7,0.9952948346332992,2.0203238575438246E-9,8.81957668377392E-7,6.119413046875848E-7,
3.607964292824479E-10,0.3340286963524955,5.213378072658246E-10,0.6659713018981671,1.1824370471989047E-10,4.3291184996903364E-10,3.160484334478995E-10,
4.933707076259504E-9,0.29086799827674437,6.191852378052743E-9,0.709131984864745,3.0108245765949184E-10,2.6558406524186104E-9,2.776029805372063E-9,
8.224137568880968E-9,0.26302192716326067,1.517566826764727E-8,0.7369780146763465,9.747453454644067E-10,1.8308598817562116E-8,1.547724212258366E-8,
9.893203541676056E-8,0.1101950163476321,1.579536117686027E-7,0.8898045147220158,1.4645286581704863E-9,1.1713964100422234E-7,9.344053335734881E-8,
3.829988355878146E-10,0.10638936077354742,8.418698167053934E-10,0.8936106369102065,2.620151274604093E-11,1.8688086423466815E-10,8.782935214116368E-10,
9.608593069022144E-11,0.043090799476422484,6.530818997060323E-10,0.9569091987336085,3.48901842616413E-11,2.2941999396403437E-10,7.764898093938762E-10,
1.2822490792000096E-11,0.2225193454831078,1.6317321705902464E-11,0.7774806544698895,4.890718070643036E-13,3.925653801930972E-12,1.3447907589701782E-11,
2.3196625489371052E-7,0.11676779314622986,3.218207323053241E-7,0.8832313526374509,1.0161785370023132E-10,2.2593061199954317E-7,7.439710314186571E-8,
2.0038468930138835E-8,0.031084441698188085,1.3782518321094524E-8,0.9689155019112536,1.0632540713601059E-11,9.313183275101896E-9,1.3245754685702762E-8,
5.243490296878639E-12,0.05810630505447466,6.56533995549267E-12,0.9418936949304685,1.2161224579928406E-13,1.2412808448018973E-12,1.8849155076653634E-12,
2.289287880078065E-9,0.13344491941797923,4.797521147410709E-10,0.8665550749805327,3.6314356211989766E-11,1.9854653546013613E-9,8.106669253174011E-10,
3.099706899331197E-7,7.750321421986431E-4,3.768602859480127E-7,0.9992237589824082,1.2481958624500218E-8,2.3135157541369342E-7,2.7821088440291015E-7,
3.059107987921789E-9,0.2905212591876228,4.811313810222511E-9,0.7094787282254374,6.000739267714431E-11,2.293238092694676E-9,2.3632729258125924E-9,
8.739316577080917E-10,0.08601541184226347,3.2617715630124635E-10,0.9139845861566658,1.0495725525017639E-11,1.930368866450558E-10,5.974270268651315E-10,
8.004240795335034E-8,0.17204512820000137,9.909253744711118E-9,0.8279547304889767,5.80573152680685E-10,2.777897704273239E-8,2.2999809370384002E-8,
2.04730669299257E-7,0.002751418287285719,4.663431832357985E-8,0.9972480494204615,1.8278784645344179E-9,7.185216028082754E-8,2.0724722705588015E-7,
1.2581749728203652E-9,0.17169396170894016,1.1856981162017974E-9,0.8283060343074379,2.1711292213431854E-11,4.742134155762226E-10,1.043823274491979E-9,
9.774226178670329E-9,0.014316233429550528,8.947348485015768E-9,0.9856837229269643,6.3913333499593776E-12,1.4821508915455522E-8,1.0094009690655844E-8,
1.0187521808161255E-8,0.027410134994989042,6.385275412532427E-9,0.9725898320693503,4.521819216032379E-12,8.155144082597106E-9,8.203197811427198E-9,
3.7034494442191763E-10,0.19646567234112525,2.2832984035361453E-10,0.8035343266124854,3.741054551973152E-12,2.0646353708315243E-10,2.375086638151646E-10,
6.260666883606963E-10,9.000608212394271E-4,1.72385667829797E-14,0.9990999376664028,2.234531105115765E-12,2.562650036985843E-10,6.277746866062568E-10,
3.1440143549493055E-10,0.26808228179320054,1.233766745674804E-13,0.7319177175880452,2.3166516045271134E-12,1.9757389332182606E-10,1.043380062540066E-10,
1.2427700325911978E-6,0.01048299022189763,4.853964876063854E-9,0.9895132651831859,1.7661894000955905E-8,1.0527657071030514E-6,1.426543316193095E-6,
1.8296252477008022E-8,0.11466723321499515,2.4396015307739205E-12,0.885332678930348,3.321011896090663E-10,3.154599258343828E-8,3.767787151750223E-8,
9.477764789476934E-9,0.16459647594396637,1.994432376068201E-12,0.8354034937736602,7.298074254596599E-11,1.3492611613803456E-8,7.2370225855160545E-9,
9.268259844496448E-9,0.02027659057020956,1.262581799717023E-16,0.9797233859517029,1.260412515731401E-12,7.471369743968802E-9,6.737195398334593E-9,
1.2948201873605593E-11,0.4973758648631296,1.5264467767034451E-15,0.5026241350958537,4.7898230691942155E-14,1.8810722471342578E-11,9.210038283116621E-12,
6.422313415686294E-7,0.0013566177337907886,6.045053738849161E-10,0.9986421903941305,6.737732592092282E-9,2.97554788989041E-7,2.447437094386196E-7,
3.1576772276319497E-7,0.26433972759987767,1.4607264719468876E-14,0.735659643217709,2.7861624473984548E-11,1.1465987492151002E-7,1.9872693927104614E-7,
6.730547673478363E-7,0.2558987952896778,3.1072916487961195E-10,0.7440983150290923,9.307203006016428E-10,1.7150521211696126E-6,5.00332891155346E-7,
3.408694438939415E-8,0.10198985193089011,1.5130256667907848E-13,0.8980101130136654,3.809226132557665E-12,3.852903787938034E-10,5.792510647990221E-10,
1.4595872095819055E-6,0.33385849505404747,1.0136454581646275E-11,0.6661399569505957,5.991357543707276E-10,4.5586023795086745E-8,4.221285161001135E-8,
3.445754423999294E-8,0.0841309202264821,8.044240379922684E-14,0.9158690440288737,4.849088279513069E-12,7.455763681178809E-10,5.365937171133798E-10,
5.815774567892881E-6,0.0611880420398904,5.386930354945537E-10,0.9388056640449691,4.436165526655109E-9,2.2665264661261578E-7,2.465130679114259E-7,
1.9193329449761572E-8,7.385323410862382E-4,1.8991781455744404E-17,0.9992614431537681,4.1508963192536423E-13,2.734200041345411E-9,2.577201365016352E-9,
2.2798770636926644E-8,0.015619485839257475,1.1697871702135804E-14,0.9843804875261007,1.6567732195825805E-13,6.512843960842554E-10,3.1844112792699904E-9,
7.009430511350852E-9,0.04744833040812726,2.228516878509348E-15,0.9525516625523592,1.4495527263295696E-13,2.217323879530759E-11,7.75965259526749E-12,
6.989727266794487E-7,0.10765051739010563,1.8140455298811582E-12,0.8923487775112147,1.167743923998851E-10,3.813402432138348E-9,2.1939630669690075E-9,
9.171322162216546E-7,0.11092234246930455,9.182259578236993E-13,0.8890767282131706,6.397948911290992E-11,6.181535292611705E-9,5.938873835716334E-9,
1.0628514580241869E-7,0.18124659185931838,1.4667601740308509E-12,0.8187533014031406,1.8364604340407777E-13,1.567304378686406E-10,2.94013874241099E-10,
1.3513385537206588E-9,0.05730048261169748,7.404936167543053E-15,0.942699516006464,6.827104017854577E-15,2.091729712868128E-11,9.568337519622738E-12,
1.3497132974146432E-6,0.005747541819255949,1.933336652417904E-11,0.9942510783737967,6.188610923446925E-12,1.7389004891613366E-8,1.2679124616255192E-8,
4.190137875033759E-7,0.18511731924113084,3.3132363497646542E-12,0.8148822535495981,2.609297412867843E-12,2.9276749913674025E-9,5.26188466464218E-9,
3.2061687599841936E-9,0.16036230344383784,8.62475741574183E-15,0.8396376520509877,1.714953174319139E-8,1.1760475130476264E-8,1.2388992627806646E-8,
9.579495737234857E-8,0.0027873537239764177,2.8654163819193713E-10,0.9972124381222229,5.7865587502046375E-8,2.0062448727830304E-9,5.220046653436914E-8,
2.0515258297034905E-8,0.0012796009365779256,3.00042263828981E-11,0.9987203354842731,1.729382070732496E-8,1.3290813332107758E-8,1.2449251180035434E-8,
4.688156590583668E-9,0.0070512252171887994,2.3718152386733287E-17,0.9929487577831946,7.300582434398077E-9,2.3529775863687506E-10,4.775579311497588E-9,
1.6196049203960924E-10,0.005702746964160908,1.8448960123315755E-18,0.9942972511465461,9.631596606196678E-10,4.191830798401178E-11,7.222563359364361E-10,
1.563157741387648E-11,0.2607253389051263,4.6892025004759025E-15,0.7392746609075815,1.0476320696336365E-10,2.3409081582204682E-11,4.348366769087146E-11,
3.538953346334723E-10,0.0027328271198011887,3.961031208969666E-18,0.9972671663569023,2.5466454725477522E-9,1.4474326578024134E-9,2.175322649015111E-9,
4.3501509370512005E-12,0.1623427466397797,7.515541720724918E-20,0.8376572522347003,1.1081552820162268E-9,7.102180458331476E-12,5.913667004557828E-12,
2.65880665671792E-10,0.007927121241331684,1.7628707500535687E-17,0.9920728645729368,1.3258421355434547E-8,1.1569100480878863E-10,5.457387750908719E-10,
2.5292961388514556E-14,0.2570684883867644,3.5918386638520654E-18,0.7429315116055327,7.343436842518818E-12,1.7356864104024695E-13,1.604095276640702E-13,
1.424301933856875E-11,0.3124327909792261,7.713890138948592E-18,0.6875671934823074,1.543347551447161E-8,3.428380312125767E-11,5.646202649411496E-11,
3.3093425894101104E-16,0.24848723438970122,1.2905654735031496E-17,0.7515127645044382,1.1058564030813181E-9,9.7176092454578E-16,3.394886956462566E-16,
1.8190323176647156E-15,0.029359466510015086,3.6038320873571152E-16,0.9706405279666503,5.523322907666647E-9,7.296126099836675E-15,2.4808799274556678E-15,
4.380190627109474E-18,0.0010460138213563754,6.802283032263936E-21,0.9989539861736173,5.023063660143897E-12,2.65223734237072E-18,6.505732383075932E-19,
1.9194736717321622E-14,0.0143114453602698,9.280577662551695E-15,0.9856885388529599,1.5786686384465433E-8,1.7299930502398944E-14,3.722725587898566E-14,
5.382421694934293E-17,0.08973185592495021,3.4437491992076456E-17,0.9102681438957916,1.7925729443034396E-10,5.892992389239497E-17,5.815284812441225E-17,
3.7505428827073926E-16,0.19288226465670938,1.1174788790616703E-16,0.8071177345888985,7.543874252705556E-10,1.826790553037886E-16,3.5344915508319146E-16,
5.54290839104199E-20,0.15113760770249146,5.681889090492559E-20,0.848862392213778,8.372670587692783E-11,5.807992344059374E-20,3.9449829353674305E-20,
4.274260845440141E-21,0.005507236277910663,9.408564254916241E-21,0.9944927637076828,1.440624051675046E-11,3.406888381488235E-21,3.824315969949829E-21,
1.3235438655432415E-18,0.22693030250460638,3.603795140209866E-18,0.773069697223407,2.719862010377121E-10,1.757987913358937E-18,5.9921628759061845E-19,
6.343425771817356E-15,0.31374892732944587,1.4144797583921356E-14,0.6862510546286266,1.8041899715085018E-8,5.004043179512279E-15,2.6703513853039645E-15,
1.1240639322221255E-13,0.0030359581091158497,3.577470626099044E-13,0.9969638394094957,2.024807059968572E-7,1.2783190011156587E-13,8.428859551645978E-14,
1.3062368071759872E-12,0.212490340077601,3.175650542225912E-12,0.7875079188806883,1.7410344578708328E-6,1.7621651234972743E-12,1.0090678100592459E-12,
5.819582333729496E-13,0.1597556353057539,1.3865824628986392E-12,0.8402433201542969,1.0445363499677654E-6,8.015687217884209E-13,8.272889783177103E-13,
1.1707745865252806E-15,0.24406976993998505,1.4757972335756011E-15,0.7559301783482548,5.171175642573168E-8,9.245659081635434E-16,2.5218300149695226E-15,
1.0579122350324405E-16,0.2913606228250473,1.6422394827471913E-16,0.7086393678939628,9.280985141979849E-9,1.2041163699494307E-16,8.807809326265693E-17,
1.3198202158460567E-22,0.1664430355153467,8.461286681977111E-23,0.8335569644033969,8.125496447532339E-11,4.657062970253818E-23,2.6270897768787762E-23,
1.0122735909855705E-13,0.012901696676731475,1.4469905980743567E-13,0.9870966157179774,1.6876048016743046E-6,1.2157893310378543E-13,1.2236017117435242E-13,
8.135663052535619E-16,0.20988310703069388,5.597042434979945E-16,0.7901163514435906,5.415257152765347E-7,6.946886218187229E-16,6.247122890943675E-16,
1.0675684701095689E-14,0.012248424740184666,2.924321529149784E-15,0.9877499217513648,1.653508395264937E-6,2.1388682530094193E-14,1.6958521943813356E-14,
1.046598468620827E-21,0.08730667277630776,1.812419369113505E-21,0.9126933267770121,4.466815579688585E-10,5.882975039373602E-22,1.7281075676396583E-21,
3.644165224344576E-11,0.031984573196022256,4.601618461128092E-11,0.967969402195183,4.6024440271474265E-5,3.390975516697937E-11,5.2154638930023943E-11,
7.352487638380174E-14,0.012749074417713965,6.60880983944122E-14,0.9872465659585498,4.359623464678246E-6,1.0513664966804463E-13,2.3990937032980923E-14,
3.301504076993166E-11,0.09290369249582539,2.743059485927685E-11,0.9070314887156593,6.481869621735224E-5,6.503753056862157E-12,2.5347948304699975E-11,
6.671778303421626E-13,0.43022230670137235,8.337534659105482E-13,0.5697706268952001,7.066400484975668E-6,6.895585435077179E-13,7.533190621715094E-13,
3.362081600676059E-13,0.02587680319133906,1.869677298678282E-13,0.9741203509053676,2.8459019622251454E-6,2.916692457778124E-13,5.147816313047468E-13,
1.735121094111468E-17,0.28254120127257587,4.185136330120745E-18,0.7174587877525682,1.0974853563685064E-8,1.9412322814974507E-17,2.8039967466098186E-17,
1.0889477075548642E-16,0.0015892811813295403,1.9147769579806295E-17,0.9984106826385469,3.618012278427323E-8,2.110299012723856E-17,1.9070171990671785E-17,
1.8491969084962862E-16,0.17351288567292172,1.800647767298362E-16,0.8264870641858771,5.014120445984648E-8,2.245616913957701E-16,2.6349284210326523E-16,
1.5123608680098092E-13,0.06905937572862975,1.5363587830006124E-13,0.930938258873014,2.365397795337694E-6,6.32800364712E-14,1.9364070534229085E-13,
2.3475039432956536E-17,0.292728632485365,3.2160550846252676E-17,0.7072713323728124,3.5141824814943066E-8,1.966239623854954E-17,3.6117991712087176E-17,
3.0284735662933166E-23,0.0048524889036403954,1.086859331756879E-22,0.995147511079902,1.645180477544154E-11,7.493246221026076E-23,8.414654687896936E-23,
5.539454487842271E-20,0.03393175840712538,1.562517802626886E-19,0.9660682386563098,2.9365694600141957E-9,2.447526288310978E-20,2.4124545115699633E-19,
1.7401520548238347E-14,0.06431045049261769,8.95891407526092E-15,0.9356888904444913,6.590628407586081E-7,1.4820200318453257E-14,1.0516010704021153E-14,
6.839232681915165E-14,0.25424874701153605,1.6357175972126176E-13,0.7457472618353681,3.991152592012089E-6,1.6243807054479425E-13,1.1004156610327415E-13,
6.661462493055678E-17,0.43245744281083714,8.442497489944466E-17,0.5675425381118263,1.907733892237276E-8,4.45479702171565E-17,8.239550190058606E-17,
2.8041875691529344E-16,0.5404222856318325,1.3625101148748382E-16,0.4595776289696076,8.539855972646092E-8,1.50973715160464E-16,3.487224715207251E-16,
7.096985317732461E-17,0.011257856069039363,4.52468167664538E-17,0.9887421286135707,1.5317387912021135E-8,1.3815384865661839E-17,4.33169671038941E-17,
1.3504487885429724E-17,0.05406374798008788,7.515721660572342E-17,0.9459362490531452,2.9667635360379333E-9,8.899837373421938E-17,6.920623746202587E-17,
1.278129482818533E-16,0.08031398020299109,1.1043925459924821E-16,0.9196859925512303,2.7245776473415415E-8,8.325312282589163E-17,1.0092226449638014E-16,
3.97638341139622E-14,0.15130564737877272,2.880341923400443E-13,0.848694003870722,3.4874949231151405E-7,2.6624542185883674E-13,4.1861096917603813E-13,
4.204236282790604E-14,0.32359259858312067,3.295007614343769E-14,0.6764071540047234,2.4741196070214535E-7,7.434840944681038E-14,4.470578173338149E-14,
2.9533304802329606E-17,0.28917439601439643,1.067747672924642E-17,0.7108255996763571,4.309245754764782E-9,3.215825527078637E-17,5.167720714160728E-17,
2.7426373829352696E-20,0.037579639270605425,2.0405523092522808E-21,0.9624203605164574,2.1293398094520978E-10,7.506743059866197E-21,3.5858986398677876E-20,
1.8619811305830148E-16,0.10438782428208178,9.783103527242323E-17,0.8956121514848006,2.4233121569885654E-8,1.117539560335217E-16,3.278925669458926E-16,
2.067276387304289E-15,0.38247218721864257,1.3131533287675017E-15,0.6175277575767841,5.5204571025863386E-8,2.315771069457577E-15,1.966941381550333E-15,
5.942499872157344E-16,0.27875841495384635,1.2750044790627415E-15,0.7212415586910883,2.6355056726154108E-8,4.202199846285858E-16,4.988797783271395E-16,
1.1041490787776495E-16,0.21834674617862634,6.42694139890558E-17,0.7816532381697313,1.5651640064547495E-8,9.085201923272941E-17,4.839452420842585E-16,
1.234067413781771E-20,0.03647634142555791,5.944636661282143E-20,0.9635236583355294,2.3891162495337845E-10,7.652048206983396E-20,3.8467986395156544E-20,
2.6962440307880063E-17,0.14813257908626495,2.7498107360514165E-17,0.8518674175117236,3.4020124734076292E-9,1.0365142462931476E-16,2.1889335900692414E-16,
2.4848676449590276E-16,1.8343011615393784E-4,9.728298852382966E-17,0.9998165630879798,6.795867966160526E-9,7.787012530841178E-16,7.965756555277598E-17,
5.4019043273319033E-17,0.22483221838425574,6.182809847571136E-17,0.7751677736320473,7.983694611648355E-9,6.821065808265248E-17,1.4855946505448743E-16,
1.810742747211023E-17,0.01866846724735364,6.184251490114937E-17,0.9813315318986564,8.53988089481595E-10,3.491089410833652E-17,2.7349625791397674E-16,
2.1795723346628313E-13,0.0033027915760852466,1.0957578468001893E-13,0.9966906953304535,6.513092910670408E-6,1.9385407030647386E-13,2.9845663450741715E-14,
1.0065599774976307E-14,0.03123110088054698,2.1413513822666827E-15,0.9687687112143386,1.8790502659627832E-7,1.2854388674051555E-14,5.930113020833473E-14,
2.844669871361751E-18,0.2435062219091956,2.711161283947285E-18,0.7564937257825254,5.2308273783008114E-8,1.0117630548808968E-17,6.742194440970333E-18,
4.1693543997962065E-12,0.07759049619237322,2.0969052335731215E-12,0.9223867949096591,2.270887901772057E-5,9.123005776737028E-12,3.5601575056459704E-12,
1.4245371328028024E-16,0.09085786778403286,2.0191009557444703E-16,0.9091421195952158,1.2620744733169612E-8,5.432846557989906E-16,2.5049084861583706E-15,
9.860128858412014E-18,0.10662648437499865,3.9023764633602494E-17,0.8933734573760415,5.824895983025168E-8,5.555759285418931E-17,1.576389464240713E-16,
6.155261905804767E-14,0.0778772958926326,2.511943036060241E-14,0.9221200297229083,2.6743838543417467E-6,1.5263716269405513E-13,3.6581123226695807E-13,
2.16649073059913E-12,0.10542234346588977,4.606799594607377E-12,0.8945354933955295,4.2163113353890364E-5,9.074299142314821E-12,9.378435373819122E-12,
3.4144791929910725E-13,0.0429578054897527,1.3466286584255642E-13,0.9570403760535167,1.8184521629705578E-6,6.464911076317534E-13,3.4430165397365377E-12,
2.330947981243404E-15,0.12468157534706652,4.146718841082777E-15,0.8753180504255527,3.7422727597283703E-7,2.024149845020474E-14,7.94121336225945E-14,
7.531191546724318E-14,0.04488098232272624,3.241451040692798E-14,0.9551139811182517,5.036558263031408E-6,4.615269672243276E-14,6.026081352424176E-13,
1.1917912853224377E-14,0.00582187486967835,1.360515489109381E-14,0.9941777111648331,4.139649290891438E-7,1.622054824233228E-14,5.150910424114321E-13,
2.2606975466933845E-13,0.16761181919197862,2.65937223809507E-13,0.8322996742901623,8.850651428103007E-5,3.314400513300015E-13,2.7537603839884406E-12,
1.3574401587303856E-15,0.3024025810065126,5.18922261008257E-15,0.6975970411655462,3.778278664812671E-7,3.884802018737588E-15,6.312519440123707E-14,
1.3600522358143555E-13,0.14946386486335037,9.483324762289124E-14,0.8505291017580071,7.033376443387157E-6,1.159963278351632E-13,1.8514715260134898E-12,
5.695634578217296E-20,0.41303017840807327,1.2603712943973883E-19,0.5869698208046265,7.873022225728367E-10,1.7855372021277829E-19,6.194147635672526E-18,
7.460142404156989E-19,0.002403422916109803,2.8191219234384693E-19,0.9975965683562455,8.727650359791553E-9,1.4932274703436158E-18,1.884636443650064E-16,
6.962849799282352E-24,0.024308983156623422,6.919083361479191E-23,0.975691016436287,4.070898702594814E-10,1.1842073438777545E-22,2.720620582476406E-20,
8.077515754582483E-17,0.2644690715015658,1.0162673924389172E-16,0.7355307560318428,1.7246657118104256E-7,1.9391392191124277E-16,1.9607749324145347E-14,
2.5353090869106736E-17,0.12971130912258302,1.2112681064254974E-17,0.8702885510943228,1.397830855005711E-7,4.2162750882107286E-17,8.869927734934535E-15,
1.9403658562266527E-17,0.03924673064493049,1.1713166578129684E-17,0.9607526446207953,6.247342668367246E-7,1.876319814133594E-17,6.7635453940423024E-15,
8.973012625835286E-21,6.399770860204036E-5,1.690765182146934E-20,0.9999360019485393,3.4285931695023824E-10,3.5293008271985224E-20,3.442106795006306E-17,
9.635784686434008E-21,0.004874976125399359,1.4701547639751937E-20,0.9951250106140371,1.3260564306627972E-8,2.106589730298442E-19,4.4120776274345454E-17,
3.161421755181537E-17,0.27458946212683605,1.435178644454204E-17,0.7254102623939948,2.7547913432680533E-7,8.116349009161322E-18,3.2793762088919823E-14,
2.6669335057614243E-14,0.2952152241246783,9.81299836243308E-15,0.7047836365423061,1.139311630555152E-6,2.5236084825830726E-14,2.1321949263492524E-11,
1.3955144732926241E-14,0.20399435247089373,1.1317710421539156E-14,0.7960031997846774,2.4477232927711944E-6,2.4700232616502592E-14,2.1085014988954473E-11,
9.902935445440012E-22,0.023791459235456405,2.761070250280616E-21,0.9762085401389714,6.255679722607083E-10,5.664573208232115E-21,3.0097304221692824E-17,
2.37140448475958E-19,0.21140595978790505,5.345871176747085E-19,0.7885940399510083,2.6106998228099244E-10,1.0305374757434318E-18,1.9516932149676977E-14,
1.01940410424655E-18,0.09358065681482126,5.694653288801201E-19,0.9064193207932411,2.239116574899328E-8,6.154352157006305E-18,7.701302293914324E-13,
1.1580630112716269E-21,0.17086784871631275,1.555871164051913E-21,0.8291321510001963,2.8349010292370255E-10,4.984472452577763E-22,3.8625619569646413E-16,
1.2346628977794222E-17,0.06548332012782795,8.880948728648467E-18,0.9345166681344993,1.1732627761505175E-8,8.548944797473884E-18,5.0404506450038715E-12,
1.2952634709606958E-19,0.14953700654475802,1.1995303518884444E-19,0.8504629868319022,6.6232407876964815E-9,1.689665084492998E-19,9.91201577677134E-14,
4.508333515383559E-21,0.012878596286029503,5.138380484611073E-21,0.9871214029304437,7.835105309233548E-10,8.572767869829367E-21,1.3391405028242672E-14,
1.833635067636702E-19,0.004667451092587036,8.854239330237699E-19,0.9953325473786271,1.5276934518908387E-9,1.5321784985451852E-18,1.0875450865900518E-12,
3.8191304801671763E-23,0.2882227275511167,6.501332619873386E-23,0.7117772724343413,1.4546132867270096E-11,3.9157674685794495E-23,3.2920508689342856E-16,
1.5103567468949199E-13,0.2948524399223041,4.455351493680739E-13,0.7051452529292237,7.438245930371471E-7,1.5519283627614174E-13,1.5633231296835523E-6,
2.8324083298118365E-16,0.016641430428682005,2.0615032407863553E-16,0.9833553687633729,3.19966118184804E-6,4.311184558550371E-16,1.1467609882463067E-9,
2.406583087491675E-22,0.22080438118166779,3.26307377641241E-22,0.7791956133565328,5.461795836524621E-9,3.347586730996114E-22,2.004889637552669E-15,
9.54224534204481E-21,0.16680638105049012,9.252356140678266E-21,0.8331936113609937,7.588303671572113E-9,1.2137724341337535E-20,2.1393252911488763E-13,
1.0152447039032794E-18,0.3633811827170648,4.714325740499094E-18,0.6366188096881874,6.68803175805711E-9,5.354331053108049E-18,9.067140329379372E-10,
3.3141648032711433E-22,0.2468898108386446,5.830890419281199E-22,0.7531101799894382,9.17187411497647E-9,4.0647334892126373E-22,4.464801272644543E-14,
3.5439869249672666E-19,0.2723058852063682,7.204465235999696E-19,0.7276939622040218,1.5228110682187488E-7,7.036697971723089E-19,3.085038862275297E-10,
1.6246884056070125E-18,0.1818723183192325,4.470891871348741E-18,0.818127565811424,1.0744306630830372E-7,4.703459718531028E-18,8.426274780121601E-9,
2.233104369038803E-17,0.17677788032661512,3.1487286159290773E-18,0.8232211026992975,9.447299984029077E-7,4.232788211659056E-18,7.22440905897749E-8,
2.5192655897668467E-16,0.36663371570864894,3.11973955981072E-16,0.6333648955125294,6.127178025632485E-7,5.77898275079512E-16,7.760610155107021E-7,
3.909606845245656E-16,0.12340660581116206,2.4733467750332556E-16,0.8765928229796005,3.253059146436315E-7,2.540329188321722E-16,2.4590332128917633E-7,
4.464340777556076E-22,0.12453216536330818,1.7894477072167741E-22,0.8754669806650118,1.0527624653242294E-7,7.031819297841242E-22,7.486954321032919E-7,
5.528355277071475E-18,0.00339931917732359,3.743494833563942E-17,0.9966002627209775,1.508169945547863E-8,5.4911099402766056E-17,4.0301999817288097E-7,
4.921873213468017E-22,0.029825949811239934,1.2635999312512084E-21,0.9701728651209275,1.8462367324549292E-7,1.3370118421460715E-21,1.0004441616851997E-6,
1.7817924194443498E-20,0.03413292850406878,3.9883920671208973E-20,0.9658670602621926,1.3087851762068802E-9,2.914137998545379E-20,9.924952167025847E-9,
1.2274699224854884E-19,0.042655143492622755,1.0905916882017128E-19,0.9573447092039142,8.042969978416496E-10,6.161605641657958E-20,1.4649916607392667E-7,
6.352364110831505E-20,0.1746164768531934,1.6090886167326312E-19,0.8253827331562255,2.114382452664104E-9,1.314769969451559E-19,7.878761921560524E-7,
2.1908350611104025E-27,0.11554083693670748,3.280475275385457E-27,0.8844557136488317,2.0033353477078354E-9,2.893468746945663E-27,3.447411122192211E-6,
1.0946923457540963E-29,0.1601150835228761,2.8921096454535396E-29,0.8398844126361766,8.151253380621888E-11,4.390510884361155E-29,5.03759439993405E-7,
7.960548022101922E-22,0.3257696770472321,1.3294089260936925E-21,0.6734888039773919,1.6655280922613887E-6,2.3243923472897812E-21,7.398534472828832E-4,
5.682147107759077E-17,0.3202076225133204,1.3766972080527106E-16,0.6795894047888895,7.939531251231433E-7,1.6385442688275456E-16,2.0217874466072635E-4,
5.695056391672112E-13,0.29234571735570375,1.3693037418186887E-12,0.6741452000229696,4.603987961714662E-6,8.560980547079811E-13,0.03350447863057079,
5.872833409415876E-23,0.2737172413268501,8.042812612276038E-23,0.7261196197875615,2.2725340154778624E-7,7.743818131469968E-23,1.62911632184765E-4,
8.569143182311933E-15,0.2275024434617411,1.0075133284052451E-14,0.7702342138193122,7.605083570137335E-7,5.8345194896592106E-15,0.00226258221056697,
2.8432854562071397E-21,0.13980939801375816,4.821464759331772E-21,0.859181544857391,9.179807960884127E-7,6.606756322450701E-21,0.0010081391480554348,
1.5789692943343982E-25,0.31498785838864807,4.277275327217204E-25,0.6849182087643263,6.812236530573932E-8,3.241857060671486E-25,9.386472466133216E-5,
1.4078981828188924E-19,0.025673633898259173,1.8802160363522119E-19,0.9743151504459736,2.8614725915219505E-9,2.440870061618235E-19,1.1212794294223858E-5,
2.2777731756127633E-29,0.3997610449831755,4.679194327533025E-29,0.6002326450684268,6.895345947981133E-10,5.724545198501701E-29,6.309258868308419E-6,
2.2767283102636574E-31,0.10775801759424544,1.0710112155858328E-30,0.8922406678366744,5.445013641400104E-10,1.2047595880326628E-30,1.3140245851049685E-6,
3.6231745407631543E-23,0.0029227784622712664,4.8186847422679637E-23,0.9970770755946305,2.914996881781286E-11,4.713757675354145E-23,1.4591394689283068E-7,
2.5743110745170807E-24,0.1482406178575948,1.6082637760511283E-24,0.8517593484090392,1.4049922780499038E-11,5.142422747991021E-24,3.3719315691654445E-8,
1.477288456707547E-17,0.23404121179401194,2.4805902242042057E-17,0.7657680385959985,1.6644815711141485E-8,1.5745371372547506E-17,1.9073296517427117E-4,
1.501178145968355E-29,0.00955420549021822,1.3550179007289948E-29,0.9904437648497788,3.5297206345689035E-10,2.077500757874791E-29,2.029307032887766E-6,
4.146684251943915E-16,0.10489115704994371,3.3987104744259306E-16,0.8944654676434305,8.071607458661318E-7,6.543517135381268E-16,6.425681458771161E-4,
1.54202537403874E-20,0.4421817309577157,1.2911575711758794E-20,0.5548707009650404,2.7214237548733493E-6,2.018235788317624E-20,0.002944846653484635,
2.727052878782704E-24,0.11179237474513616,3.6974669967445365E-24,0.8879606502221472,2.2620341358278418E-7,6.686138560719521E-24,2.467488293041331E-4,
8.026965305720377E-29,0.05031843965707264,1.7803477948601658E-28,0.949664485297582,5.073957245221428E-9,1.684640262059977E-28,1.7069971396540275E-5,
1.9568598830002995E-29,0.02197821872185954,2.195839551921413E-29,0.9780174250552832,4.980228357280574E-9,2.783552743175513E-29,4.3512426230831355E-6,
3.867627402657043E-27,0.00393553986295615,4.691910491471874E-27,0.9960204049072306,5.7191872252096625E-8,1.4289269819332407E-27,4.399803794614836E-5,
1.0031725418600658E-36,0.3143821026192493,1.9148150576985344E-36,0.6856178941440836,5.565874864135573E-11,2.1694661432736087E-36,3.181012039459714E-9,
2.114001645756657E-25,0.013512664212134894,1.356926100469627E-26,0.9863919115210239,2.196768907710139E-7,3.034823724922644E-25,9.520458994991335E-5,
8.624039583767548E-25,0.13400868820514678,8.05376492868765E-25,0.8608952508509359,1.9767620740801094E-7,1.1924559367421247E-24,0.005095863267706962,
2.9315200483739054E-28,0.3013587876829384,2.601015571973288E-28,0.6981401586544619,2.3130262324386014E-8,4.857625026689149E-28,5.010305323411872E-4,
2.9962136107297316E-34,0.4226926532572635,1.8382855336386952E-34,0.5773026949463066,9.520981843150435E-11,5.453735556275154E-34,4.65170121231748E-6,
6.319568947897114E-26,0.4010124925102997,1.3147724245680223E-25,0.5989871713981185,5.947238725401126E-11,1.4252012931626263E-25,3.3603211331008517E-7,
8.690354198845033E-29,0.03436884356076379,8.625568436575109E-29,0.964852514386832,1.6430123130152E-8,3.3602477792253355E-28,7.78625622281132E-4,
3.940678180655581E-27,0.09088268105417059,8.22352268036663E-27,0.9061101104781254,1.4474152192583663E-7,1.6135969678427916E-27,0.0030070637261847095,
1.751426108377907E-24,0.09176633116291136,2.1160043499396137E-24,0.9082317899611994,4.903647636105087E-11,3.33449496894511E-24,1.8788268506768876E-6,
1.0326196531486431E-35,0.20369092260599964,7.760911160384092E-37,0.7963060935671527,5.315092688148771E-12,9.496515236205355E-36,2.983821527069802E-6,
2.8484229274156836E-21,0.2676859330748195,3.2817743379895537E-21,0.7320329768482662,5.299034346975229E-10,5.086410261150269E-21,2.810895470133583E-4,
3.947075492982932E-19,0.03196020617607341,5.4405983843229265E-19,0.9651426085890479,1.2471926108778E-7,2.4246820948547604E-19,0.002897060515616034,
4.528636356400525E-16,0.0034178357787978913,1.8119324118060038E-16,0.9172531845780199,5.242122368123554E-6,3.5321400894033507E-16,0.07932373752081798,
1.2944795138385533E-19,0.03227394035154193,1.6738487829713548E-19,0.9544633171949284,1.8926188214172612E-7,2.977930487076266E-19,0.01326255319164844,
9.169486095786483E-21,0.230460598008935,8.220300640330037E-21,0.7672567433612696,3.933276083107358E-8,8.021346821482322E-21,0.0022826192970376857,
1.3260203695124981E-17,0.034143510530374364,3.544023002632139E-17,0.8085097010075848,2.9504262111259403E-6,6.14408203850753E-17,0.15734383803583266,
1.6307116146278775E-21,0.46445579986841506,1.2666108054739643E-21,0.5282416559016557,7.16196217525875E-9,1.5035545370284862E-21,0.007302537067964805,
2.8699345501320855E-28,0.26096074976529393,1.9317409675463704E-28,0.5671797903432186,3.263580047945236E-9,2.0248146533261828E-29,0.17185945662790636,
2.0685533731835428E-18,0.007729614693381152,4.787520204691613E-19,0.16985337127650157,1.4857442874938353E-7,2.7844851499477406E-18,0.8224168654556886,
5.53247997742649E-19,0.042016808392689585,3.5941126198487334E-19,0.07249876521928854,2.9284503432370053E-8,9.979926814654508E-19,0.8854843971035162,
1.7759103615214734E-29,0.02253041124259278,1.918120191603821E-29,0.6549185184107206,8.821509056910829E-8,3.8306861461693687E-29,0.32255098213159267,
1.6073643865808443E-18,7.067032756669897E-4,1.1883114684394771E-18,0.03037170438088181,1.0693138396045319E-8,1.1742108703233275E-18,0.9689215816503148,
1.1716679864724956E-31,0.3445479018159057,9.160245780923426E-32,0.5671159397967684,7.796583711441195E-10,1.7845840615218844E-31,0.08833615760767415,
6.501153328151933E-29,0.1626745230750506,9.469083232121784E-29,0.4261656147485772,1.9545729566803655E-8,1.9795168265490963E-28,0.4111598426306471,
6.93189394762541E-19,0.0015586937908982708,1.440869921072879E-19,0.006403758580101398,4.535297063354494E-9,5.265026988522442E-19,0.9920375430937045,
2.9461713853626832E-30,0.12936563502656961,3.381701985162315E-30,0.35487634179874705,4.166614238788014E-8,4.6455425597710354E-30,0.5157579815085486,
2.4346572637321133E-31,0.222373895274536,2.1394590397083996E-31,0.45689513842032986,1.120182586634314E-9,2.044550235545487E-31,0.32073096518495325,
4.46959161830584E-19,0.0030912507058018126,3.0861156151629154E-19,0.006331877577730533,8.200923802803456E-10,6.347355741926702E-19,0.9905768708963733,
2.022775458727794E-32,0.23440182589855404,2.5289133642765763E-32,0.45218395070324036,7.375516266088612E-11,9.3535195199472E-33,0.3134142233244399,
3.491173953634395E-20,8.787249976630886E-5,1.3962106656910817E-19,0.0014954761589325318,1.0217427453355991E-10,1.7379526488672373E-19,0.9984166512391295,
2.1731957247134463E-20,1.1607731857646766E-4,3.4364608707113817E-20,0.012835641571446458,1.2712192811482849E-10,1.1374011402827716E-20,0.9870482809828545,
3.3439999706363363E-19,3.8378251701792646E-4,5.075412766719558E-19,7.651539330483731E-4,1.136421775341816E-10,4.627008722964818E-19,0.9988510634362929,
7.18034483947527E-19,1.3409995079118148E-4,6.177064767919482E-19,3.270248735973284E-4,1.007683862326262E-10,1.413828869575049E-18,0.9995388750748444,
4.1197955823322466E-27,0.08742619047652785,1.4507847773268497E-26,0.8954655748131833,3.047558829034241E-12,2.910595829874834E-26,0.0171082347072411,
9.869922008713435E-31,0.036597480197406385,6.883459849114512E-31,0.18512376375762885,2.3730017432830153E-10,5.536117096833158E-31,0.7782787558076625,
6.284251750119098E-22,4.600156846219162E-4,1.0488245845273365E-22,0.04908731264970671,2.4362829671140653E-11,6.6430245546232925E-22,0.950452671641315,
1.359784228098323E-20,2.754201171876869E-4,1.4591474556911408E-20,8.142439429610059E-4,3.258645831393349E-11,2.8260842465524684E-20,0.9989103359072649,
4.4753806148147814E-35,0.09365031225398665,4.656941755881755E-34,0.5049162385588751,2.804643728131763E-11,4.922511847600832E-34,0.4014334491590878,
1.9240900185459096E-24,0.003634004081003623,2.0176891685733064E-23,0.47758230127764895,1.4013801826613057E-11,2.2889697997738433E-24,0.518783694627329,
8.982815333847699E-35,0.20263848607166127,8.682656779697455E-35,0.563771947187914,2.552738345273524E-9,5.24048172245438E-35,0.23358956418768878,
6.70819440438283E-21,0.004609915408417828,5.821089983598648E-21,0.009317290912011927,9.789652927023258E-8,8.158101514134006E-21,0.9860726957830442,
3.7289794031531655E-36,0.01529761889296243,2.7758875774527903E-36,0.9295823961183529,2.6905268555421205E-9,5.2508090202980956E-36,0.055119982298165164,
6.6393364035549096E-34,0.12484741577955927,1.255848966144645E-34,0.6294689015235433,3.8003030594790025E-8,4.0032183515227485E-34,0.24568364469386736,
2.2573890419764226E-38,0.009822390913731514,7.037356887058849E-38,0.9774824340272353,1.92209628336756E-9,1.819363503083734E-37,0.012695173136938007,
3.726243741097902E-36,0.27193446859899645,8.795161257709832E-36,0.6850120622017151,1.7614637612440528E-10,4.5656876966332247E-36,0.04305346902313208,
2.753349089667531E-22,0.030206742217899447,3.2840091110341287E-22,0.12473733754552138,6.350749586643074E-9,2.7570043304996553E-22,0.8450559138858267,
3.684476764273485E-33,0.0915994084681819,2.979390776630299E-33,0.42923552874221227,2.4832874339344553E-10,1.7645751512954258E-33,0.479165062541283,
2.6751092410061154E-22,0.05218813941478486,2.749251236276295E-22,0.09112572145317441,1.4012077738511233E-9,2.8499480646700177E-22,0.8566861377308316,
9.557885597245902E-34,0.004796432418435656,4.738275583195515E-33,0.5095634243797489,2.137482515208295E-9,1.1976418468054978E-33,0.4856401410643421,
2.5501882283593596E-26,0.002678032161008142,9.05403706754191E-27,0.9780481215726311,8.990298844791387E-12,1.6077878925245986E-26,0.0192738462573697,
7.035664150643941E-22,0.01042005891345729,7.686988285370526E-22,0.040492497536468844,3.594891932927086E-9,3.478696267379657E-22,0.9490874399551784,
3.9940305046273565E-33,0.07665023448237362,7.502895561906683E-33,0.4262129154152156,6.2929116841980044E-9,5.038643831030234E-33,0.4971368438095004,
3.3451237407720446E-33,0.0875187481378609,5.716536215831682E-33,0.242408574379751,1.7899681222642523E-9,1.6309116845208565E-32,0.6700726756924137,
1.9472072183765226E-36,0.17902579340454283,1.670832861111428E-36,0.757112789563237,6.232884660405194E-11,4.6757199979034294E-36,0.06386141696988999,
4.409668703166293E-35,0.0689359804969213,5.258024933754161E-35,0.7813432969032557,3.5881701064075714E-10,2.0284142733676975E-35,0.1497207222410024,
1.1588866303991932E-44,0.00668607264447479,9.28059983364594E-45,0.9931495203763401,4.470138790370701E-14,2.904262365957828E-44,1.6440697913686306E-4,
2.884900191861534E-41,0.1365991218314565,9.257592386000526E-42,0.8624353162851586,3.6977356663055925E-12,3.06315813478803E-41,9.655618796818948E-4,
3.5285930024484974E-24,0.001155329839523299,2.6197770631716783E-24,0.7885139319438714,1.2868409804132006E-10,1.2070670118844556E-24,0.2103307380879243,
8.301698063731215E-23,0.005233411912424724,1.7219884437759934E-22,0.10062512640506875,3.2496763730223687E-10,1.4591529547006121E-22,0.8941414613575387,
1.0035153731231931E-24,0.24703942863853795,7.691704747493906E-25,0.6119941020924645,1.8167931875888702E-8,1.084932342559098E-24,0.14096645110106507,
1.3510279357634205E-39,0.5000298045669272,1.8939258625466928E-39,0.4917077460277046,5.0058266296233075E-12,2.3713095865135976E-39,0.008262449400368757,
2.3842709799515427E-18,9.184698420287369E-6,4.292744362762029E-18,1.3059363230575114E-4,2.1089867666607763E-10,1.4523631131891988E-18,0.9998602214583717,
1.871458587839375E-19,8.037712970912131E-4,2.141805879883319E-19,0.0017392896835996784,1.4105531025939965E-10,2.91196691332547E-19,0.9974569388782569,
1.1465643815094516E-21,0.019118203283105553,2.4064022139333254E-21,0.18938120036151887,3.118550829743952E-8,1.713390227095277E-21,0.7915005651698641,
5.055378482138549E-19,1.6182207053024776E-5,9.969201500711458E-19,4.860434318270264E-4,1.1295861244040382E-8,1.0623385269062205E-18,0.9994977630652557,
1.2387485930638752E-32,0.03367361135026585,1.830077635045328E-32,0.6729893494535986,3.867932050045862E-10,4.193557957162079E-33,0.2933370388093442,
1.485778807540989E-19,9.102024622326888E-6,6.83746437442636E-20,0.0019274907542289723,3.3539975326538226E-9,2.27102453967845E-19,0.9980634038671573,
1.427899584872052E-20,9.781274861631664E-4,3.2379772263691176E-21,0.026257147019184007,7.215103192249137E-9,1.2033197668688174E-20,0.9727647182795481,
2.3609381429385865E-21,0.004688920699803178,7.332715281665249E-21,0.01262460887859536,1.7977591909723745E-9,4.612901351874245E-21,0.9826864686238451,
8.499675767640833E-42,0.41772472411272954,8.58211141311419E-42,0.5818222610353471,5.944463061386983E-13,1.4175407624336978E-41,4.5301485133621117E-4,
1.1524249310983604E-23,0.025458971673063928,1.39565931946893E-23,0.46526057187402386,7.943120586912903E-9,5.879834939817594E-23,0.5092804485097883,
2.9666186250592987E-24,0.004814270713112348,1.0608168329091136E-23,0.4930017377085211,4.74990636804221E-10,1.0005767466545655E-23,0.502183991103376,
1.2109401739737874E-21,8.278017682906648E-4,2.3611732988165015E-21,0.005908800162091323,7.303016952095884E-9,2.822119599584329E-21,0.9932633907666027,
