
0.004300040787337056,0.24644707819769518,0.162302139122166,0.1275763793567707,0.11517994057864453,0.06898498461080861,0.02401280471463549,0.2511966326319425,
0.1274428319935016,0.12296734127014457,0.12600560279712208,0.12167104610627211,0.12558004207153178,0.12723391216969537,0.12494644146270974,0.12415278212901655,
0.1274428319935016,0.12296734127014457,0.12600560279712208,0.12167104610627211,0.12558004207153178,0.12723391216969537,0.12494644146270974,0.12415278212901655,
0.1274428319935016,0.12296734127014457,0.12600560279712208,0.12167104610627211,0.12558004207153178,0.12723391216969537,0.12494644146270974,0.12415278212901655,
0.1274428319935016,0.12296734127014457,0.12600560279712208,0.12167104610627211,0.12558004207153178,0.12723391216969537,0.12494644146270974,0.12415278212901655,
0.008413221418884188,0.6264322018747578,0.3298241005633035,0.01359905953054647,0.005901284832172877,0.006886810856393755,0.0035844247486607078,0.005358896175277588,
0.0016841647972546906,0.9750607123250995,0.016260474011563133,0.0032739683715146237,0.0012335289571951094,6.167728336548833E-4,0.0012139410714629396,6.564376322561359E-4,
2.1378885209556082E-5,0.9863916218269888,0.013341457919679806,8.972300466707842E-5,5.0184303215229434E-5,2.288319282186093E-5,3.537034569941466E-5,4.7380521717613695E-5,
1.6926914917560543E-4,0.9983207927568529,5.238056690326242E-4,3.652611482992701E-4,1.6030294507577504E-4,1.1976697900088804E-4,2.058678078691644E-4,1.3493354469462448E-4,
0.0012400325572209112,0.9896300883866785,0.0017156403290016931,0.0015957856643143776,0.001521835356095462,0.0012853884460771001,0.0017454632764791064,0.0012657659841322467,
0.0012400325572209112,0.9896300883866785,0.0017156403290016931,0.0015957856643143776,0.001521835356095462,0.0012853884460771001,0.0017454632764791064,0.0012657659841322467,
1.031501214469117E-5,0.8980456663082411,0.10190930756818486,1.086713477517162E-5,7.669471838319737E-6,3.3451991782492745E-6,6.926204780053295E-6,5.903100857058677E-6,
2.3837405385450245E-7,0.8513387084861452,0.1486598034477787,3.4828852285428883E-7,2.0527045362673613E-7,2.590690934330658E-7,2.651677163523242E-7,1.7189623513248212E-7,
2.2231194222392605E-5,0.9980458627725419,0.0018445093254768582,1.7771960853050902E-5,2.0603229150130487E-5,2.013545352493813E-5,1.3651931916827953E-5,1.523413231372404E-5,
2.570714638056517E-6,0.9997907508893513,1.9555224348846034E-4,4.924631316061502E-6,9.59403638327131E-7,2.780584913947308E-6,1.1611663671899955E-6,1.3003662866500228E-6,
9.200069511407403E-6,0.9999324400748517,1.7861544299961826E-5,1.325092299100169E-5,9.400992965058347E-6,2.534492328512718E-6,6.7258487831577595E-6,8.586054270164513E-6,
9.948653532208898E-6,0.9998644113865385,5.52086897095683E-5,3.462879481829487E-5,6.68243389371823E-6,1.185856167520045E-5,8.72762592188734E-6,8.533853910188892E-6,
6.57575429131063E-5,0.9994647371884002,1.023393786401525E-4,9.073937378727817E-5,6.74791658847468E-5,4.610709557651828E-5,7.664704022667933E-5,8.619321457170777E-5,
6.57575429131063E-5,0.9994647371884002,1.023393786401525E-4,9.073937378727817E-5,6.74791658847468E-5,4.610709557651828E-5,7.664704022667933E-5,8.619321457170777E-5,
4.8264592086107984E-8,0.9703645817497257,0.029635138097253138,8.122346942308865E-8,2.6907623675398606E-8,3.919220157461016E-8,4.171195752710965E-8,4.285317711349274E-8,
5.6270361541280015E-9,0.9955520434180261,0.0044479425746001945,2.987071688018687E-9,2.021636566047021E-9,1.7341021611934578E-9,5.927153941613772E-10,1.044811757468289E-9,
1.4036927387452227E-6,0.9999909275662799,2.331599816471554E-6,1.7914528075724479E-6,9.572298877895522E-7,7.142367385492584E-7,9.91588958497944E-7,8.826327716112929E-7,
2.8598056456506493E-10,0.9991712828172491,8.287163745619178E-4,1.1065626005557825E-10,1.288360105517278E-10,1.4639879240573773E-10,1.775287590787617E-11,1.1856281081144167E-10,
2.8598056456506493E-10,0.9991712828172491,8.287163745619178E-4,1.1065626005557825E-10,1.288360105517278E-10,1.4639879240573773E-10,1.775287590787617E-11,1.1856281081144167E-10,
3.662131496680947E-10,0.992369361050644,0.007630637590121498,3.125198471845437E-10,1.4021918887717704E-10,1.5214272465683285E-10,1.780350699388123E-10,2.1010319768422564E-10,
4.619747438965137E-8,0.999997315352357,2.370310275696888E-6,8.909299927647536E-8,3.7040835524498005E-8,4.502933192335462E-8,3.933649104404191E-8,5.764023322500472E-8,
2.7377500426689824E-9,0.9808843467481926,0.019115643293040097,3.256654934174349E-9,1.0287883413439865E-9,9.103821549120437E-10,1.0536067862939294E-9,9.715865250105923E-10,
4.0653020314341143E-5,0.9997030861419669,1.172799170351228E-4,5.467385594712993E-5,1.489527394185924E-5,2.316361832998876E-5,2.762578450891717E-5,1.86223879549454E-5,
4.0653020314341143E-5,0.9997030861419669,1.172799170351228E-4,5.467385594712993E-5,1.489527394185924E-5,2.316361832998876E-5,2.762578450891717E-5,1.86223879549454E-5,
4.0653020314341143E-5,0.9997030861419669,1.172799170351228E-4,5.467385594712993E-5,1.489527394185924E-5,2.316361832998876E-5,2.762578450891717E-5,1.86223879549454E-5,
6.710986545291201E-6,0.9994210867251068,5.221412313979754E-4,1.12646119723184E-5,1.0449880612195719E-5,8.82018019268011E-6,6.8192081150751985E-6,1.2707176056656697E-5,
6.710986545291201E-6,0.9994210867251068,5.221412313979754E-4,1.12646119723184E-5,1.0449880612195719E-5,8.82018019268011E-6,6.8192081150751985E-6,1.2707176056656697E-5,
4.7869310919625006E-6,0.9999549366711133,1.0751480132192076E-5,1.1048394910506868E-5,3.408134135288539E-6,4.010695885925347E-6,7.883351177596035E-6,3.174341552548437E-6,
4.7869310919625006E-6,0.9999549366711133,1.0751480132192076E-5,1.1048394910506868E-5,3.408134135288539E-6,4.010695885925347E-6,7.883351177596035E-6,3.174341552548437E-6,
3.6360968907143596E-10,0.9326251899005914,0.06737480678941433,1.5385651047700105E-9,3.918877923599288E-10,2.9227815380497977E-10,3.1507762854143134E-10,4.085761198424858E-10,
5.277404792841909E-10,0.866351080617254,0.13364891812650484,1.9504952572065168E-10,1.305218470742019E-10,1.4708625642917037E-10,1.1605414815835138E-10,1.397887314366243E-10,
5.277404792841909E-10,0.866351080617254,0.13364891812650484,1.9504952572065168E-10,1.305218470742019E-10,1.4708625642917037E-10,1.1605414815835138E-10,1.397887314366243E-10,
2.639468639336571E-9,0.9999932675635309,6.715928739023628E-6,3.5882459073461313E-9,2.4443390892808402E-9,1.2488345820586262E-9,2.187333669795864E-9,4.399505310709013E-9,
4.263194486502988E-11,0.9934790679112668,0.006520931755386993,9.506480258569584E-11,4.0871169422590044E-11,6.252576157438212E-11,5.167510702028972E-11,4.057716152817429E-11,
9.239269448305175E-12,0.9996335741671315,3.664257382144942E-4,2.71162155770597E-11,1.6592604741936854E-11,1.6249271705437822E-11,1.837778098597269E-11,7.078989898079243E-12,
2.4211927773778734E-11,0.9999941044641071,5.895435171974787E-6,1.6876065441763946E-11,7.584146461930559E-12,1.2015513536016223E-11,2.3291215793391246E-11,1.6742678198882137E-11,
4.1021843339093473E-10,0.8177797132561346,0.1822202848631262,7.126816458097726E-10,2.6451714655854205E-10,1.8594349459391317E-10,2.3592708313943746E-10,7.144977448730506E-11,
2.3723935411175707E-8,0.8538493043918503,0.1461505661054417,3.8229213503207414E-8,1.3724824490664753E-8,1.0246355882499559E-8,2.151633729331472E-8,2.2062043851099036E-8,
6.335793645659E-11,0.9391939615273063,0.060806037910376066,2.3765625489964603E-10,4.231300907311979E-11,3.5412919153153307E-11,1.083695002258342E-10,7.520796532501852E-11,
1.018713181389998E-7,0.9998944748146786,1.0475084207410956E-4,3.5712405104832883E-7,8.306443585031718E-8,7.427993408122977E-8,7.670454439803675E-8,8.129896082639891E-8,
3.792965447022522E-16,0.9975228264822094,0.0024771735177884194,2.3158828084069404E-16,6.406341844303083E-17,3.3230903636970944E-16,2.0183282426886187E-16,1.1993154856348153E-16,
6.357564685489886E-11,0.999998690124029,1.308880484330818E-6,4.750977211418452E-10,1.1083462694065487E-10,7.372471735617652E-11,1.373023281135902E-10,1.3495204940705692E-10,
5.817172189269141E-12,0.9937504857302287,0.006249514247998565,5.02367806150343E-12,1.4533082205691957E-12,3.819907297904205E-12,1.4688033688578666E-12,4.1932268787913925E-12,
6.940098397029528E-14,0.9953678833931535,0.00463211660646651,1.712178776056208E-13,5.757063617006624E-14,4.930216484501701E-14,1.0844235056567978E-14,2.017803551532184E-14,
2.602893532221988E-12,0.8742510337816275,0.12574896620524828,2.935646537229748E-12,2.332628489016202E-12,1.381800519598247E-12,2.0393996765301817E-12,1.828682755624639E-12,
7.824936238617475E-10,0.9999998190334242,1.7175261380485885E-7,3.823554126482687E-9,1.699372610823161E-9,7.081564656977246E-10,1.4368029373637023E-9,7.635827323714666E-10,
3.4321116008325107E-9,0.9999663698070386,3.360794916222778E-5,1.1901847306692365E-8,2.1962761690346623E-9,1.03011999318316E-9,1.6210399242746925E-9,2.062406465017158E-9,
2.5994227562216797E-10,0.9999972053019528,2.7871081962840034E-6,1.6645654111195856E-9,1.7037342530206659E-9,1.6560482012014155E-9,1.8407618163440936E-10,2.1214837336829918E-9,
2.1692905564938322E-7,0.9979223989428637,0.002075963688418067,4.0983697379053066E-7,1.9403667709535722E-7,2.0477347778271484E-7,3.9177015940596035E-7,2.2002237470677177E-7,
7.979009154523269E-12,0.992350503298233,0.007649496603177669,4.767013148197508E-11,6.9861395757340195E-12,9.9654459945251E-12,1.465890414564105E-11,1.1331847335400543E-11,
6.927962465431398E-10,0.9983718416096157,0.001628142227941212,1.3736703414493229E-8,3.5681609573925963E-10,5.924832664451036E-10,4.895268939305428E-10,2.94116799283858E-10,
4.597675603918544E-13,0.999988123832732,1.1876163920934548E-5,1.3704804182082656E-12,3.230778488406502E-13,5.251885520476773E-13,3.074237100944492E-13,3.5843191167500357E-13,
8.456133101596269E-11,0.8382714731888812,0.16172852539548732,7.817784757607924E-10,1.4755316585185167E-10,1.1839018917794363E-10,1.5056200358142706E-10,1.3278670111578336E-10,
2.7417927888547987E-13,0.9326223001996364,0.06737769979787357,1.3468055530584878E-12,2.3065499543207484E-13,1.3750425923896721E-13,2.973104057842461E-13,2.0417672238795383E-13,
2.2484035590321392E-11,0.9934281847786547,0.006571815069527112,5.914927787716141E-11,2.1913449678572286E-11,1.6047021094642272E-11,1.5936009834869346E-11,1.6289501243131455E-11,
3.4910545814912594E-9,0.9961833327475764,0.003816608675311544,3.196529965163856E-8,6.703035615408056E-9,4.176220879363165E-9,5.363683354888229E-9,6.877820048813677E-9,
2.05244720763079E-10,0.9939641457952525,0.006035850321634412,2.241473037663284E-9,3.512747547206787E-10,3.366522311518944E-10,3.122399851283651E-10,4.3623102508324406E-10,
3.9764824433867744E-7,0.9977637232940639,0.0022339850287532432,8.35591167416608E-7,2.65000936218452E-7,3.0831627574784844E-7,1.0065673552589359E-7,3.844638227605876E-7,
5.768608602953343E-7,0.9999934735103587,1.4378736165735879E-6,1.933446785483358E-6,9.256488814263074E-7,3.001555475222325E-7,7.538247267718288E-7,5.986792231326907E-7,
6.041874219859944E-7,0.9999940763447849,2.064879830948627E-6,1.1522023533322204E-6,7.330592616087943E-7,3.02500303549224E-7,6.150735141021439E-7,4.5175252929602787E-7,
7.913834711540196E-12,0.7838869569345145,0.12351464646957275,0.09259839654377658,1.1237153648824448E-11,1.7444612241628223E-11,9.612387537095407E-12,5.9285116634107E-12,
3.4395079752463053E-12,0.8995256935633157,6.26586922624128E-4,0.09984771950148363,2.9454674468818305E-12,2.8753718859502617E-12,1.7690485923439883E-12,1.548229601975707E-12,
6.7987512414904875E-12,0.982850486035147,0.00996125650867756,0.007188257439619352,3.226732832744533E-12,1.8115438330980796E-12,2.665311963992056E-12,2.056121986890213E-12,
2.1997296320905728E-13,0.7026658153938279,0.291001645461815,0.006332539143255285,2.2502298917790676E-13,1.8960729363167419E-13,2.714814471832787E-13,1.9256500526977532E-13,
3.92196255051632E-15,0.8913642438251559,7.931932288342161E-4,0.10784256294599431,3.185817135538855E-15,1.765559468497957E-15,2.6348896849637548E-15,1.6353991071468864E-15,
1.4609348190930526E-21,0.9128411860970468,0.023535587850784793,0.0636232260521692,1.1505638928476466E-21,3.4966331169147427E-22,3.897765997077369E-22,2.2001529119942466E-22,
9.49472210384228E-16,0.9545771864767378,0.03699640134928108,0.008426412173975686,1.63884647545098E-16,3.563361303091389E-16,1.81958686587631E-16,3.0730704249223194E-16,
1.4642938391328726E-14,0.8807891018899363,0.11907344393492793,1.3745417507561282E-4,7.958585813948155E-15,1.0991879967263053E-14,1.422894599592588E-14,1.0396563365345713E-14,
3.949774737207263E-14,0.7864131444435929,0.21269905214795848,8.878034083266355E-4,1.6751592734381905E-14,1.6086380938991115E-14,1.60119657764272E-14,3.160104191189692E-14,
1.7930645685864914E-15,0.9349114441995999,0.05423882203092776,0.010849733769451413,2.614697536051816E-15,3.547749477964759E-15,3.3658486904237046E-15,4.94243788668548E-15,
1.839640097446718E-17,0.9955877907855364,0.0017236031886497727,0.0026886060258114264,1.0490304054561403E-17,6.380728086199827E-18,1.0069082160337873E-17,6.556487126030027E-18,
2.1634719523525042E-18,0.9778591190133625,0.0019066462104576625,0.020234234776174243,9.223736835727564E-19,9.097669640543238E-19,1.0746673164823996E-18,4.133665188245256E-19,
2.5169304648041378E-17,0.6357953669026776,0.02172927491063983,0.3424753581866801,1.6921458451693535E-17,2.7693392053704432E-17,1.678259666426532E-17,1.5352287228342035E-17,
3.464940760016734E-17,0.8485300563888496,0.010344398476300113,0.14112554513485498,1.8270999131274593E-17,2.0898126385325828E-17,2.714804286024635E-17,1.6407361143317232E-17,
1.5161111726562642E-13,0.8792048972806804,0.009847854223557616,0.1109472484952724,7.184248950799847E-14,7.318636454594048E-14,9.599613107044801E-14,9.730172009400667E-14,
8.272555617378482E-18,0.9133493352327153,0.0015274062040931751,0.085123258563192,3.1495310847931225E-18,2.924211134822071E-18,3.2444091318728954E-18,3.2371234467659536E-18,
1.010283422076531E-17,0.9691998797972348,0.007660631574586279,0.023139488628180716,9.163125184322161E-18,8.334525887632247E-18,4.959942565601275E-18,5.8789106372092796E-18,
2.5296135128691505E-19,0.7935846245111036,0.19764282699710353,0.0087725484917946,2.8679875056736974E-20,4.3587787044919666E-20,1.0646498384924366E-19,4.715005854584499E-20,
1.0928448338574737E-20,0.9373642765663498,0.048617646033607034,0.014018077400046527,1.0090335627208178E-20,6.380178935853982E-21,1.2386661528478613E-20,5.743778240372554E-21,
7.803758304627394E-17,0.9494402736434392,2.88151911074283E-4,0.050271574445488534,8.476346597728062E-17,9.624840862108544E-17,6.310331533326595E-17,6.909119135858409E-17,
1.2349252471260507E-21,0.9662904142112941,3.4074125878324725E-4,0.03336884452992226,5.2436541997499205E-22,1.1579275869527893E-21,5.765863589731488E-22,2.853746711695954E-22,
1.4088354382875527E-20,0.9246503270717927,0.008594216807360862,0.06675545612084434,1.0011051934844731E-20,3.5072636371387E-21,3.423390127473486E-21,7.884459640870212E-21,
4.6704545072680765E-18,0.8945038556645696,0.006957432670190175,0.09853871166523785,2.3330985186709027E-18,4.018472152494687E-18,4.191820328988905E-18,2.6491240852615783E-18,
1.6490903621916068E-21,0.9446783344792482,0.0020129416684706173,0.053308723852279714,7.611537376158574E-22,2.7620425941910145E-22,5.585399273869183E-22,6.2998303974356535E-22,
3.5612530709069264E-22,0.8821122252712531,0.01818245462042905,0.09970532010831579,7.52935347904147E-23,1.263771613504368E-22,7.94106568767191E-23,1.084363570846426E-22,
4.5959950117410665E-22,0.805908448316353,0.1923162146322094,0.001775337051440952,4.786274857094278E-22,5.689252620264285E-22,5.957775637180414E-22,5.537296349694698E-22,
8.766539315326113E-17,0.8132115914472331,0.16910350232151503,0.017684906231256098,4.095565487976901E-17,5.2900363698085566E-17,7.611857886870833E-17,3.152468386348614E-17,
9.578547487594215E-16,0.8139268092891148,0.186043006414636,3.0184296246947903E-5,3.9123594529795933E-16,1.0341248672511403E-15,4.756847905435053E-16,7.476988893445128E-16,
2.3743223129775824E-20,0.954422530037318,0.04524007457146468,3.3739539122217026E-4,8.938515560272016E-21,1.2002926779675792E-20,1.6967406272504916E-20,1.1838966015850981E-20,
2.5785585418551494E-16,0.8764251312906837,0.12299215762039133,5.827110889207982E-4,2.653596543229646E-16,2.5738540021523633E-16,1.3098040635916946E-16,2.5245572841653316E-16,
2.2726553973548537E-19,0.8191744148821226,0.08043940185546451,0.1003861832624155,3.872173592068372E-20,1.205485246397278E-19,1.1739660539112338E-19,6.786090790471487E-20,
4.585564836281107E-19,0.9798557746542939,0.015184507360974054,0.004959717984729491,1.8909956934688244E-19,2.329085686287878E-19,1.982114091510079E-19,1.9878034384441284E-19,
2.65121639034303E-19,0.7788422203919143,0.0661724729223942,0.15498530668569477,1.5876972647824416E-19,1.205135539914393E-19,2.1557293140604188E-19,1.6267894586319362E-19,
1.2744956668795302E-19,0.9648065812216495,0.030268176940121974,0.004925241838224854,3.44328624513027E-20,2.8800697750868314E-20,5.766528007057243E-20,4.6532440905137016E-20,
2.249376029660425E-20,0.9250794540818217,0.07016856106081869,0.004751984857365136,2.2512366227207463E-20,2.763521210682549E-20,3.609079142507989E-20,3.7598979405604514E-20,
1.0598180521501186E-26,0.9904829681091906,0.004358453813969904,0.005158578076837997,4.6954234774505944E-27,5.2808021846719124E-27,8.173661993375352E-27,7.879056227207258E-27,
2.363303473397222E-21,0.9666885376411095,0.014325244649615418,0.018986217709279076,2.35253342243981E-22,1.3719293136316802E-21,1.3616016235182492E-21,1.5209258782207197E-21,
2.9392491521617995E-17,0.9669640903717893,0.002092129277470091,0.03094378035074033,5.6530286089665145E-18,1.6013451785765954E-17,1.9280897437254762E-17,1.9842570709616332E-17,
2.224719868456789E-15,0.9486586224751965,0.049747296705166845,0.0015940808196244383,8.531400438855504E-16,2.183384078441395E-15,5.256517368757839E-16,1.4747802372718127E-15,
8.802690114629509E-19,0.9731394908167962,0.026851901637806302,8.607545393652333E-6,9.477845526884316E-19,8.957767156025737E-19,9.636302142346854E-19,4.530113195219427E-19,
1.007095705082272E-13,0.8314746314860733,0.16678543977882143,0.001739928734649993,5.956605853632008E-14,9.93031654964796E-14,7.580901427319134E-14,1.202051263227207E-13,
2.5584532557991503E-18,0.9867394367938344,0.011868877971332101,0.0013916852348370928,7.574631336806812E-19,1.0047486121947821E-18,7.821545611146987E-19,9.464798947965917E-19,
3.456572381430901E-21,0.9873866124254069,2.9508963768818586E-5,0.0125838786108236,3.6300570904892216E-21,3.0638349361283892E-21,1.987285801246593E-21,5.91519483061929E-21,
3.123721563492019E-23,0.7994993672968027,0.20046363288675942,3.699981643636188E-5,6.024413727892938E-24,7.390643420516564E-23,3.2776898513756665E-23,2.033417889866306E-23,
7.55850702452796E-15,0.7669955908694847,0.039959503520348084,0.19304490561014936,3.8319997171198325E-15,1.5762401616737971E-15,3.359659278232891E-15,4.6604547588194264E-15,
7.93003989326559E-21,0.9941424778470371,2.770354275538953E-4,0.005580486725412531,1.5748372026037108E-20,9.859475501993862E-21,8.052990796383188E-21,1.075102303696342E-20,
2.2750099017958943E-20,0.9365189866105127,0.043921413295319026,0.01955960009416892,2.2492806617779942E-20,1.827574424406025E-20,1.1883672504918406E-20,3.0597497337079304E-20,
1.1458141773725264E-17,0.7664064548306017,0.16730465532593777,0.06628888984346394,2.9494042572397037E-18,9.180172024913111E-18,1.1817853150699135E-17,5.8615574351029706E-18,
6.120217483705778E-17,0.8987916701332098,0.003148794702684884,0.09805953516410315,2.6746292910393548E-17,4.1798746292170575E-17,5.105275864768647E-17,2.710483465259701E-17,
3.5116033314306153E-17,0.9989105247344492,2.72935347895831E-5,0.0010621817307644513,3.258021813990403E-17,5.2094704540423414E-17,4.454810462122643E-17,3.406992970476619E-17,
3.2808007940728815E-20,0.5968914264924476,0.40282306481199115,2.8550869556081285E-4,1.9448217415221862E-20,1.6904722955980308E-20,1.6952884249649765E-20,2.38688653602538E-20,
7.967805224950953E-19,0.9834129268606066,0.010939486810476007,0.005647586328916907,2.179528360310127E-19,3.862466959629257E-19,2.9600016056012777E-19,4.726965203181906E-19,
3.441107363380793E-23,0.9825162873842572,0.017331508229899706,1.5220438584193161E-4,1.706459981470829E-23,1.7964204095447748E-23,1.4675870282972226E-23,2.0253923584424747E-23,
1.731299242774631E-21,0.7569330764116617,0.2316401926746832,0.011426730913651737,1.5647500956572031E-21,1.1037048578163058E-21,1.8908749101876923E-21,6.694343806483733E-22,
1.0162800538496743E-16,0.960184249149762,0.00599427955614294,0.03382147129409561,1.7025423553827498E-16,1.898979690991543E-16,2.4405983082291775E-16,1.2828059184330032E-16,
7.279326883170786E-21,0.9843258533513202,0.00961288921384767,0.006061257434835959,2.8752221781390968E-21,3.441838405773458E-21,1.4879158118305342E-21,5.579032393639689E-21,
9.865159932048591E-17,0.9515118707706125,2.0231585606017035E-4,0.048285813373326485,9.331464448826153E-17,6.829170816001828E-17,1.1346955585473277E-16,1.113869391914004E-16,
1.8730905545451302E-22,0.879627512132356,0.12033273086463836,3.9757003004854224E-5,8.35805310319995E-23,3.67672957092627E-23,2.631714341200236E-22,1.5280872421733997E-22,
2.7487424138352533E-19,0.8546280353776041,0.0010816151664452063,0.14429034945595082,2.1462658532019413E-19,2.5590416849212667E-19,3.0626152335446E-19,1.6628437236196955E-19,
1.5475844210225627E-16,0.6535420472896205,0.3440318741793129,0.0024260785310693273,6.562872096022174E-17,5.298428343323103E-17,9.568444606919353E-17,1.1468650613761977E-16,
2.4284149471989634E-15,0.8480246054966063,0.129990923180982,0.021984471322391477,4.800340574820269E-15,4.5569081909303025E-15,4.796205686080602E-15,3.722858197795055E-15,
1.81828974900954E-15,0.9761001483052153,8.089373408649046E-7,0.023899042757419497,7.567686761239404E-15,3.3640848997185336E-15,7.968748371867402E-15,9.009874340737597E-15,
6.185036642100929E-19,0.8929611823049977,0.004302578823208465,0.10273623887179523,8.174904630596863E-19,6.586104187511773E-19,8.644716773226992E-19,1.218143824331613E-18,
4.308074128575914E-15,0.8942440094670697,0.08178533450641289,0.023970656026485543,6.1208600765315985E-15,8.782411670589252E-15,6.575753347253385E-15,7.748589911252083E-15,
6.120372374501774E-19,0.9832269463333652,7.392736250339902E-4,0.01603378004159874,3.434953887198217E-19,1.120384429383152E-19,3.436275598837726E-19,3.9943011254730083E-19,
1.9443221387534364E-19,0.8829012393161189,0.02314539858312632,0.09395336210075318,6.163221015478051E-20,1.0327818141436343E-19,1.0899302431703244E-19,1.445219856878003E-19,
3.171778190391668E-14,0.9921333194921729,5.184039786676576E-5,0.00781484010979324,3.6324130208111236E-14,3.2752308619317544E-14,4.000873068356905E-14,2.4627521940742135E-14,
1.9315428166344517E-17,0.9515770717750266,0.0022710078965610778,0.046151920328417216,1.704202645850071E-17,1.5375298120837738E-17,1.4438542921306618E-17,1.3926357440641463E-17,
8.198971936019499E-18,0.981774235591914,2.023386677920249E-4,0.01802342574029096,5.7600265818605664E-18,3.3914217079222792E-18,8.364530940028484E-18,1.501792676141801E-17,
5.56055461042336E-20,0.9411673758218206,0.058771185642115996,6.143853605951887E-5,1.6185441782885776E-20,2.580829520956198E-20,5.0378601686407644E-20,9.416484148384015E-21,
2.5849494108788545E-22,0.9055823877374347,0.04952172230213462,0.044895889960430486,1.3302613091644378E-22,1.2681225362917503E-22,1.7412451937755016E-22,2.1604676978938686E-22,
3.291169890699344E-22,0.9579376129306681,7.081322466232909E-4,0.04135425482270534,2.207356479664553E-22,2.560490959473204E-22,2.2871686437942156E-22,5.154875057340738E-22,
2.4255448769538408E-23,0.8438683993206557,0.012399121330484356,0.14373247934886363,1.349854188929785E-23,2.1113149025773663E-23,1.588914496177339E-23,1.945027276969416E-23,
8.521525191604765E-22,0.6694565448003383,0.3293185388739372,0.001224916325723357,2.4870458301095377E-22,6.567932250430637E-22,1.2280717002792016E-21,1.5651028183993394E-21,
4.163854390018382E-23,0.957970899512901,0.040083560183585276,0.0019455403035146001,1.6096938664376055E-23,4.176617616181441E-24,2.234209620861769E-23,2.745674656396505E-23,
7.008376030602843E-25,0.8845274827696332,0.014448307480003381,0.10102420975036816,2.349149340020656E-25,1.031611475357269E-25,2.159210754414901E-25,2.5839839897943E-25,
5.197398222784525E-23,0.8386096541099016,0.004390322747106366,0.1570000231429885,2.0940550990718847E-23,8.402841382014306E-23,6.71368318240651E-23,6.086709520231385E-23,
5.127952997491067E-24,0.8541774988813104,0.07837823792795012,0.06744426319074152,9.380133144549125E-24,6.05921431756982E-24,5.23130995250422E-24,8.789945024412144E-24,
4.92915502464168E-26,0.996250142439472,0.0014616047598920772,0.002288252800639062,2.4925396187099853E-26,1.7257702991288174E-26,4.539756115604136E-26,2.98346587754409E-26,
4.546908179980241E-25,0.9333187394160601,0.02302677192352243,0.04365448866041756,2.465530864647296E-25,2.526601674289011E-25,4.005155595400411E-25,4.0270364349843233E-25,
9.506868225800044E-20,0.9567920358493388,4.0444855461046797E-4,0.042803515596051854,2.8665034757055167E-20,3.6838465472944217E-20,2.342724165433851E-20,4.462239585493804E-20,
5.6000597208343E-16,0.9360578063809937,3.5089043911499564E-4,0.06359130317988866,2.9118210171869924E-16,5.140505298978985E-16,6.671484879529505E-16,4.986892478222907E-16,
5.38559902255748E-19,0.9739427270382284,7.1437385054206214E-6,0.026050129223264152,2.3214362051192093E-18,1.8309305901659542E-18,2.2675084744495227E-18,3.617109407721401E-18,
5.981690822581521E-24,0.9949061246435118,0.001524576012730001,0.003569299343759829,2.1052046699631687E-24,6.8531869852333E-24,3.722293093043261E-24,5.341100377189662E-24,
6.5836872079230485E-22,0.9503321964140184,0.010623790567133745,0.03904401301884822,1.0049353631283601E-22,1.3173148191742674E-22,6.223164491149951E-22,3.64657418201175E-22,
3.3697708894753825E-20,0.8412239121346705,0.15522288056484546,0.003553207300487585,7.030591027843088E-21,1.4449335991329607E-20,1.4169776591094446E-20,9.701994034053027E-21,
1.8816444337485148E-18,0.8195770745200771,0.17814882190395231,0.0022741035759735154,9.847719048305198E-19,1.2558107782041646E-18,1.8048994456796842E-18,1.0412092410071217E-18,
1.7344871162336784E-20,0.9862887219510263,3.066701471804168E-5,0.013680611034254312,2.1696087853310535E-20,6.89074957102011E-21,6.638347769544268E-21,9.121598995889018E-21,
2.1757081483212766E-25,0.9985792105957405,0.001418420081055684,2.36932320644152E-6,1.062920397205516E-25,6.467241260690681E-26,1.5264045712728495E-25,8.98263901818819E-26,
1.4380671216270228E-22,0.9535629014987649,0.04063588665382507,0.005801211847412577,3.111753908420787E-23,3.037602213030017E-23,7.34614142995799E-23,9.858166852707864E-23,
5.058055965503155E-25,0.9326591473007383,0.004680239223757228,0.0626606134755067,4.319004094125804E-25,3.163069631965841E-25,2.108197802847915E-25,2.577792008902152E-25,
1.7816155618065384E-25,0.9981000139279559,7.950126756801404E-4,0.001104973396363414,1.1743427034169646E-25,9.898320663935383E-26,2.269204399810011E-25,1.900850310309858E-25,
2.6481799207677773E-22,0.9991386492129144,9.649159914580348E-5,7.648591879461119E-4,3.6574383940445797E-22,4.547560077517345E-22,5.253468600774128E-22,5.005452592241033E-22,
1.7020907755973335E-25,0.7363716959550347,0.2636265950002606,1.709044706852656E-6,1.2551573186307994E-25,9.104369170669863E-26,4.12901109458002E-26,1.9800223430215384E-25,
6.336256447024844E-21,0.9488657824662976,0.034176453606926,0.016957763926776143,6.293284007886442E-21,3.2751822161166196E-21,8.280509381300434E-21,7.558104629782842E-21,
1.7726525764367077E-23,0.9871731103021895,0.006022836927770515,0.006804052770041654,2.955268865717379E-23,6.186088113891371E-23,4.284100630716255E-23,5.978138671995779E-23,
1.9536248355100043E-26,0.9499300122958211,0.04974092845888589,3.2905924529433956E-4,2.2147388763436915E-26,1.2027597565048854E-26,1.6960622769123955E-26,2.0497324810393638E-26,
1.1334801529957309E-26,0.9963917707595876,0.0026760319363929603,9.32197304018188E-4,1.3641478551718516E-26,3.91984232504653E-27,1.630350380250964E-26,1.1397199693107696E-26,
7.722724241638954E-23,0.9605452526573183,0.036490024047057,0.0029647232956260938,4.4177271181526026E-23,8.930214379547078E-24,5.29149517487883E-24,2.595690439408701E-23,
1.5850771919878402E-19,0.9846454007818801,0.0018231576259674681,0.013531441592154908,1.1326055552221835E-19,1.1094774889072759E-19,1.6867413286222507E-19,1.2238281018873749E-19,
8.70806867370032E-28,0.9465572645244408,0.0534016161339408,4.111934161251742E-5,4.8231906987368475E-29,3.11578711381017E-28,1.1740221009955004E-28,4.612283950945968E-28,
3.461695483342037E-25,0.9741913266351062,0.02577924528439837,2.9428080495230243E-5,2.5880239523254343E-25,1.8118324807526426E-25,3.867657093989902E-25,1.4756957171272412E-25,
2.8351617935612277E-18,0.9997766736296929,1.4335080922692395E-5,2.089912893841953E-4,6.55429466126073E-19,7.560778452763722E-19,5.259980215134195E-18,8.640242168466296E-18,
1.6108441535881741E-24,0.9952886369511094,1.12694212196072E-4,0.004598668836699488,3.9703850798656137E-25,1.1875601595406952E-24,1.710342752093814E-24,5.246795767893766E-25,
1.7356094458603015E-23,0.9216640524449851,0.07818190193126359,1.5404562374951355E-4,1.5704356314019608E-23,6.554629205414588E-23,2.5357437867980147E-23,4.546617660369137E-23,
7.417126660061004E-22,0.9996839632728985,1.629091284754824E-5,2.9974581425090235E-4,1.1912504623849653E-21,7.327149991397481E-22,1.8005824793009545E-21,6.214276635383465E-22,
1.770354536773773E-24,0.7875110987398803,0.2120101217061535,4.7877955396709033E-4,1.4910079773909164E-24,1.190794135613464E-24,2.188791683048419E-24,9.268580845863911E-25,
2.7889212406075826E-26,0.9998965058489332,4.444069124757898E-6,9.905008194513967E-5,6.722235200030152E-26,6.426674969148707E-26,4.7276409759406217E-26,5.283791462845882E-26,
4.203577229904965E-23,0.9926774428418125,0.004817748563169954,0.002504808595016073,2.9511139951139284E-23,3.4227707544042184E-23,5.051403244364227E-23,5.384404192071724E-23,
2.4943027996876795E-25,0.9999786692711269,7.629351502982815E-6,1.3701377371805134E-5,3.63151893263881E-25,9.92049673984292E-27,3.9986009533422225E-25,4.623894293400119E-25,
1.3980127183765342E-25,0.9547170114771156,0.04414722318089444,0.0011357653419928307,4.974236061237965E-26,7.169519015541811E-26,2.7038404516695665E-26,7.645302638721766E-26,
3.632580074806113E-24,0.9969372211484214,6.802294798281305E-5,0.0029947559035916073,2.3129466355926532E-24,4.23346332959877E-24,3.420634570196527E-24,6.2980260173277106E-24,
6.3469540645578735E-25,0.933961799193805,0.003514782446250639,0.06252341835994897,5.201967937204644E-25,1.2996390254386217E-25,1.990497171240789E-25,6.923932187587808E-25,
7.177634052312213E-28,0.9961646221138265,0.0028815764638748867,9.538014223016546E-4,1.9646730316894336E-28,1.2302514959262892E-28,2.391096569432324E-28,1.4235693893610232E-28,
4.72295885658673E-26,0.9908248311402614,0.0038993728664286193,0.0052757959933116974,1.5363515454393772E-26,2.3414032243984305E-26,5.653468596229914E-26,2.571382717152912E-26,
1.6604680969545395E-25,0.9163090657991987,0.08342797255495625,2.6296164584738374E-4,1.503730540910946E-25,1.7042381853954104E-25,2.0378495376642224E-25,1.8050187821395234E-25,
1.3292929775538379E-25,0.9587692821252637,0.03847963837546502,0.0027510794992721952,8.354839852052893E-26,1.4790158058116993E-25,1.5116307988392863E-25,9.939903917522667E-26,
1.3367478294943047E-27,0.8752168134094808,0.12083258447565555,0.003950602114864454,2.126018408001003E-27,1.3436803697983644E-27,2.2124250333202716E-27,1.981384031976543E-27,
1.9137409759570206E-24,0.9615396862921066,0.0382778117501256,1.825019577702672E-4,2.4088127113855508E-24,2.2236185614777857E-24,9.52159908573334E-25,2.3315571426398286E-24,
1.782003893186725E-21,0.9552870644833557,0.04063374852754608,0.004079186989097582,2.0873512530223375E-21,2.0515832510542134E-21,1.4886395191778557E-21,2.2810144310945735E-21,
2.1463222014861562E-24,0.9941504505143179,8.723513776749181E-4,0.00497719810801314,2.691415671210565E-24,1.696192488265757E-24,2.1898800604038635E-24,1.785529091614642E-24,
1.171757167135159E-29,0.993851615771908,6.789593555297869E-5,0.00608048829252725,4.175228062755853E-30,8.840764060396543E-30,1.0279292761986158E-29,1.0659319007077587E-29,
3.585028077006474E-22,0.9986795876110179,2.2647650295956255E-6,0.0013181476239502586,4.336258732827988E-22,4.4154454184505415E-22,1.3649738954047923E-21,4.873038052590068E-22,
8.466295741622171E-23,0.9140842823884684,0.0730361273386093,0.012879590272927328,1.0390380517268128E-22,1.6120500023318724E-22,7.204887762788317E-23,1.284967406720949E-22,
8.134157851115039E-17,0.9623368701788215,0.03687019691964359,7.929329015331684E-4,6.960368664861917E-17,1.7100062769070289E-16,2.388911621987105E-16,3.7842671149268583E-16,
2.285695404320464E-24,0.9971724124240325,1.1245256563328926E-4,0.0027151350103365324,7.400235452651974E-25,1.510259884372969E-24,2.0255478636070927E-24,2.24254357481184E-24,
4.967590810172177E-27,0.9375964650763146,7.050236626334472E-6,0.06239648468706077,4.300469489235206E-27,5.679483822539741E-27,8.428148127172116E-27,6.671388843749469E-27,
4.030117957101593E-27,0.9099063896949398,0.01972828279493637,0.07036532751012116,2.9552422553799096E-27,2.820210864647568E-27,5.434205624489679E-27,2.9149318713410354E-27,
1.9565925642800766E-29,0.9809046263376145,0.01215407350783017,0.006941300154567924,7.279007891168333E-30,1.7006987706018317E-29,1.2583151300493882E-29,1.493635956667543E-29,
1.1264773333841634E-19,0.9624859030803914,0.015287862438865011,0.02222623448074466,1.132319151374631E-19,1.2786763207420906E-19,1.2963246532568893E-19,6.742342220765875E-20,
6.646584895578882E-30,0.9602217991537904,2.7688284747386553E-6,0.039775432017743535,4.3242737960150936E-30,3.232014053224291E-30,3.181121623720193E-30,5.17852969406564E-30,
3.702235408598945E-23,0.5356697991259577,9.738252131661634E-5,0.4642328183527237,2.814763266176496E-23,1.7519138025083462E-23,6.148868281635916E-23,6.486129925205403E-23,
9.870121735550172E-26,0.9184400078472144,8.865774890349495E-6,0.08155112637789334,9.382674939119136E-26,2.9676719177274713E-26,1.7098112445646585E-25,3.454212884223764E-26,
2.984889341849099E-17,0.8809248507992066,3.45525737347774E-4,0.11872962346344441,1.9088718512587142E-17,2.2320280916635914E-17,2.3679553443576784E-17,3.1550615031433453E-17,
2.5646378707392308E-23,0.9822285434901807,0.0022272559189350227,0.015544200590888122,2.749708338761665E-23,4.069977424999972E-24,2.2244768794438504E-23,4.039583753819458E-24,
5.988728681932504E-28,0.846126791397954,0.0013836462114519762,0.15248956239059747,2.1290239952642172E-27,3.0041615271328263E-27,2.4956819353560587E-27,4.747480964120845E-27,
3.910044584703402E-22,0.9867380595682691,0.0021057473542470417,0.011156193077486559,5.112126923776029E-22,3.1665503202754684E-22,7.479867077184159E-22,7.41133105517442E-22,
8.939390590517762E-24,0.837725010588883,0.016774180009391,0.14550080940172336,5.18598193615194E-24,5.880149810809503E-24,8.6967551899054E-24,6.88159457183147E-24,
5.8081133895212674E-24,0.527260797395155,5.6705317296589E-4,0.4721721494318817,2.8016824640610567E-24,3.139299818092461E-24,5.628642883137079E-24,4.780016471330352E-24,
1.2783611503595527E-23,0.9828111856669105,0.017186677765973414,2.1365671109671815E-6,2.7975606194076982E-24,3.373449872958298E-24,4.585201292731508E-24,5.233517399132088E-24,
2.9912992797503998E-24,0.9840158989538217,0.015566943135460268,4.171579107168652E-4,2.0831681797747265E-24,1.2841405093095646E-24,1.349709200627581E-24,3.489915853222482E-24,
1.4987112026962419E-27,0.6095597328176285,4.527894097436202E-4,0.38998747777263104,9.128364989951781E-29,1.1327433331120907E-28,6.843186617648114E-29,4.87661470475809E-28,
1.4754641756589353E-28,0.914569367299953,0.025958893315984548,0.05947173938406038,2.4120438577125772E-29,3.446142926416659E-29,9.639928136863295E-30,8.51835445876028E-29,
7.586772294244851E-30,0.8011415844771528,3.0750090457758297E-4,0.19855091461826543,6.613249992210465E-30,2.879364731510724E-29,1.3397999309820324E-30,3.5329644654622116E-29,
1.8176554532596322E-24,0.9211724454146587,3.9310393550870195E-8,0.07882751527494465,3.910938079508657E-24,2.0373145085605085E-24,5.141229770642616E-24,2.525241201618599E-24,
1.5002497820547425E-25,0.9506299067965203,0.0012821719580587674,0.048087921245415804,1.3494256307831547E-25,1.1096903080066907E-25,1.3728281894031328E-25,1.4965675276823448E-25,
3.6407919842561693E-16,0.9616848287487174,0.0015449570102246144,0.03677021424105363,3.601300784400007E-16,1.7010298215251836E-16,3.566395968703364E-16,3.515938448378468E-16,
1.0485884598057917E-28,0.5427775298495601,9.934293301547825E-7,0.45722147672111574,1.089354426182708E-28,2.6192633449645507E-29,1.5708439698305042E-28,5.156801247231463E-29,
1.7735377384207353E-14,0.757058385239086,7.479120204491016E-4,0.24219370274035984,1.7101394992145425E-14,2.1154238678986097E-14,1.9176009111477004E-14,2.88593070115119E-14,
3.797691581963633E-29,0.5998379397838759,8.374749456694547E-7,0.4001612227411767,4.2283268421900115E-29,1.7225943208181894E-29,1.4531492920789113E-29,5.144391338024573E-29,
1.6175709269333288E-22,0.8417075518023727,2.2472201713941988E-5,0.15826997599591583,1.1936906273344242E-22,1.1100338296051642E-22,1.3112492496486647E-22,2.2660122761153908E-22,
1.6518988574909627E-22,0.9836463769521584,1.6013498779887036E-5,0.01633760954905688,6.839815452144249E-23,1.056452546999052E-22,1.633883763135004E-22,4.7861543763129675E-23,
5.006375554252514E-29,0.996166994896482,1.5003108902408196E-4,0.0036829740144999376,8.685546582521522E-29,7.371328633340022E-29,1.5372755071388102E-28,1.7938197765985074E-28,
1.9637309974435545E-29,0.9762620862248406,1.2699024583039683E-5,0.023725214750579388,1.9793669262200557E-29,2.7992010822965013E-29,1.5177193136717426E-29,1.5379339812412386E-29,
3.256516841282203E-16,0.922848466357583,2.116180279760453E-5,0.07713037183961863,2.338881303807031E-16,2.832671658110156E-16,4.28368916817191E-16,2.3631741024194427E-16,
1.6255388523568737E-16,0.9780518313727093,0.001162643472147609,0.020785525155149184,1.1759216750192747E-16,7.869724572249462E-17,1.4873755830512534E-16,1.6899603015563369E-16,
1.034592657426611E-13,0.9628457576017592,1.186985672808805E-5,0.03714237254063491,1.6685600434366042E-13,2.999472202109465E-13,9.781353413229744E-14,2.1152467503629335E-13,
2.4516601292700654E-16,0.5817346240377014,7.534150183646426E-6,0.4182578418121077,5.067029943049937E-16,7.675424026360728E-16,1.135927880718568E-15,3.9028752876344227E-16,
1.9266980560397616E-25,0.9971437343729073,0.0010820121563065589,0.0017742534707845938,7.076659765412663E-26,5.236554323398296E-26,1.1755118145110537E-25,1.1144394255457756E-25,
1.5158041200649785E-28,0.8773350411779767,1.1026104186656723E-6,0.12266385621160399,1.5679598558278467E-28,5.422819450518304E-29,2.8207824296461646E-28,3.1508989102516928E-28,
1.973931573828274E-23,0.9766113432394791,1.89946333153306E-7,0.02338846681418487,1.0125806271091059E-23,2.5606515518744812E-23,3.895763884967512E-23,3.567102227457539E-23,
2.4796198392776403E-15,0.9918195289454044,2.898715917143861E-5,0.00815148389540911,2.2027749421248895E-15,2.350487868800589E-15,2.362733574872958E-15,5.0962687735631795E-15,
2.2012220165123106E-24,0.9961830757317574,4.2847615389623046E-4,0.0033884481143489783,7.74541139621814E-25,1.72307076073545E-24,2.3300689887296855E-24,2.489837445374179E-24,
2.43572050811763E-25,0.9620903545530975,1.4196849183984128E-5,0.037895448597720476,2.7996580516158166E-25,2.5886774028011414E-25,3.966925737891404E-25,5.103602213522406E-25,
7.900999018426953E-30,0.9913281610779856,0.0021930941895232973,0.006478744732487654,9.397515890138904E-30,1.259497043318536E-29,1.3741419303260198E-29,9.142790331160693E-30,
8.475652872204806E-17,0.9649895345449803,1.045908699679941E-4,0.03490587458505398,9.99131845804898E-17,1.3122452012043312E-16,2.4557623938569634E-16,1.572745025612443E-16,
