
0.10746895594351889,0.2144342046601408,0.024644423205041066,0.1509564731122804,0.1081373857747011,0.09907169940392434,0.15879871025905234,0.1364881476413412,
0.10746895594351889,0.2144342046601408,0.024644423205041066,0.1509564731122804,0.1081373857747011,0.09907169940392434,0.15879871025905234,0.1364881476413412,
0.10746895594351889,0.2144342046601408,0.024644423205041066,0.1509564731122804,0.1081373857747011,0.09907169940392434,0.15879871025905234,0.1364881476413412,
0.10746895594351889,0.2144342046601408,0.024644423205041066,0.1509564731122804,0.1081373857747011,0.09907169940392434,0.15879871025905234,0.1364881476413412,
0.12879617974146784,0.12114185730447356,0.12323757674358951,0.1233306179604481,0.12521067179927997,0.1292029764454751,0.1225210919413402,0.12655902806390262,
0.006915340009594959,0.47713475307164804,0.4579865557451058,0.03317814202541452,0.004655302034315662,0.005505501886544988,0.008051057241907104,0.006573347985471477,
0.0023025125870683926,0.986820575649029,0.004686497407638474,0.0011440944075051303,0.0012293668818771843,0.0014220334424378167,0.0011813613403279255,0.001213558284115941,
0.0029336830600697568,0.9747220943371689,0.00837719079929756,0.004395814426532294,0.0020848432537451445,0.0028649328347429334,0.0029541126904162316,0.0016673285980271188,
8.263437567553444E-4,0.8764941478406294,0.11811328200617793,9.186208960132176E-4,7.985027391576673E-4,8.6706063638259E-4,9.68894555750634E-4,0.0010131475691329452,
7.266099798260003E-5,0.9915185960490663,0.008196558092398654,4.637490432593968E-5,1.577271378623326E-5,3.175660513045616E-5,4.380666149600784E-5,7.447397581342769E-5,
1.4686535701769012E-5,0.9687173232598403,0.03117154772921196,3.206915090845044E-5,1.916647033556692E-5,1.5116801752889543E-5,1.672383919152133E-5,1.336621305688152E-5,
6.7654385835154606E-6,0.9998821680958622,5.985595660156233E-5,6.59235594942606E-6,6.868429736596928E-6,1.8048775202332723E-5,1.3098486275408789E-5,6.602461788930088E-6,
1.041937318649304E-5,0.9002028847142153,0.09976202676004735,5.851207009456569E-6,4.334129336288333E-6,4.409812359448361E-6,5.510183068352299E-6,4.5638207784047446E-6,
4.5082960910321504E-10,0.996293494311238,0.003706504262577436,2.70704671374338E-10,1.5604016980358477E-10,7.618689831945748E-11,1.713770146274469E-10,3.0104467459133883E-10,
3.6047960987844135E-8,0.8415403175545714,0.15845955725335856,3.7143438520629666E-8,1.2701363620573984E-8,1.1848098986700592E-8,1.3188570587932027E-8,1.4262637800628583E-8,
3.6949720760843065E-7,0.9371622614613527,0.06283619757312105,3.6486126208676E-7,1.547939051210084E-7,2.743324293253172E-7,2.2496282024161817E-7,1.5251790156756165E-7,
5.253059127208902E-8,0.9993008461153541,6.987843961635325E-4,4.990056387626507E-8,4.577077339160255E-8,5.240987098208144E-8,8.771772351652595E-8,8.115895883100569E-8,
5.905170072606125E-9,0.9999485403471635,5.143530131613913E-5,9.085330867211238E-9,3.920812938145348E-9,1.1595811190759512E-9,2.5872439594877532E-9,1.693381956619739E-9,
3.945557232883867E-11,0.9932045964270417,0.006795403409022571,3.779614115143431E-11,1.6382645527887197E-11,2.1451607677385714E-11,2.0902243684959976E-11,2.7946058561097515E-11,
2.7866540183788567E-8,0.9476186450654903,0.052381262840672356,1.8282608355385894E-8,1.3127777896707031E-8,7.146045007499576E-9,1.3850081834891115E-8,1.1820786375988959E-8,
3.3907515022343134E-13,0.9992125417485158,7.874582500280545E-4,4.609416363376588E-13,2.5913688684789205E-13,7.991340044893941E-14,2.300655001922569E-13,8.740557223303723E-14,
3.1432415335483786E-10,0.9998503056027901,1.496933787789789E-4,2.778200234765714E-10,9.237765960934723E-11,1.3262448882777735E-10,1.177511452478302E-10,8.353569801638383E-11,
1.5205061376674923E-12,0.8828531924969217,0.11714680749634333,1.3134804246434575E-12,1.1826396707250798E-12,5.739437611859069E-13,1.0361599273192428E-12,1.108268221116639E-12,
4.108484285819812E-10,0.9692669073003948,0.030733091317564756,2.989160124430354E-10,1.7326540103570284E-10,1.398118175413287E-10,2.0786725105648584E-10,1.5133284659093117E-10,
1.970088965403226E-10,0.9999966148487179,3.384069691339838E-6,3.6997882625216656E-10,1.7874779986993438E-10,8.441876813666445E-11,1.7801555424283994E-10,7.342034001566806E-11,
7.818111764026136E-12,0.9987912106650908,0.001208789252761554,3.062414303895577E-11,1.0297430381704315E-11,1.2624939302652001E-11,1.4236668277089835E-11,6.547037514861677E-12,
7.348571411710007E-11,0.9997957873551848,2.0421227158625544E-4,6.540594488279929E-11,6.200075297279643E-11,5.212363402575908E-11,5.5344980586207434E-11,6.486668090931629E-11,
8.387804435783003E-11,0.9995260563777937,4.739434248667356E-4,4.5511008121918273E-11,1.561675683783826E-11,1.154004981461206E-11,2.6029654814578907E-11,1.4762323038260408E-11,
2.4729787949749414E-9,0.9806604814244961,0.01933950943988918,2.226892011746196E-9,5.96010397712531E-10,1.4391307815795323E-9,5.63824455029159E-10,1.8367752508566335E-9,
2.1484708032880792E-10,0.9986525466842269,0.001347452002153934,5.782883674177798E-10,2.4440773361505494E-10,9.326734179492818E-11,8.976539577940426E-11,9.304330594186562E-11,
3.754380947897893E-8,0.9937749843378333,0.00622486113476504,1.6627621177425765E-8,2.334546611863215E-8,2.3750431554848074E-8,3.054556532103723E-8,2.271450556166154E-8,
2.400882596556451E-10,0.9999621746465378,3.782443307724136E-5,1.9944064002784245E-10,1.2234645866451392E-10,1.075945755958349E-10,1.2504145306969658E-10,1.2587423144447487E-10,
2.1054416140962257E-6,0.9996957226224413,2.960417741891528E-4,5.988288820012718E-7,1.3806845023248408E-6,1.1224340942634385E-6,1.0628113919560162E-6,1.9654028856627745E-6,
9.318426754047033E-11,0.9986401775340088,0.0013598221378869153,8.249548831770787E-11,4.102642032261137E-11,3.513063766634991E-11,3.117160241363134E-11,4.509332685790172E-11,
4.914194649022733E-14,0.9798787810003619,0.020121218999521566,5.490161632478653E-15,7.992781106647643E-15,2.2022616599716966E-14,5.128362621085218E-15,2.7249191072837406E-14,
7.773926876411403E-14,0.9892398981977698,0.010760101802033286,1.5854756581611282E-14,2.8228647548775034E-14,2.3797515008751575E-14,2.831511836562629E-14,2.449530372605286E-14,
2.849396589302875E-11,0.9999996631914464,3.365637950060007E-7,1.0097433899020931E-11,3.7630117924901513E-11,4.140224227342465E-11,5.82364151768468E-11,6.890104017367077E-11,
2.8426963935280106E-14,0.9071077140473941,0.09289228595254669,9.068405448080071E-15,4.601966790045306E-15,6.874595519853226E-15,2.351336875077721E-15,1.0905306355941388E-14,
5.733040852935514E-13,0.9898836360235792,0.010116363973068976,5.913753082610591E-13,6.229997678187535E-13,6.450038906666606E-13,5.850014778793693E-13,3.339251090259577E-13,
4.4243414440402914E-10,0.9910965468158034,0.00890345134611681,2.2353412517709156E-10,1.8352101940819495E-10,3.1925754038056217E-10,4.1809348560937456E-10,2.5123829788155476E-10,
1.8168357911537602E-8,0.9999905199408226,9.410789193801455E-6,8.536998061263615E-9,8.81916371961637E-9,8.361690859182506E-9,1.1998107691334061E-8,1.3385667622385231E-8,
2.6621671932928242E-8,0.9989164163618874,0.0010835185151963954,6.990646826213481E-9,8.604603641027996E-9,5.887700913536677E-9,8.623867239771723E-9,8.394422092121548E-9,
2.170278908861766E-9,0.9999999120430741,7.797071324833199E-8,3.2267115177006063E-9,1.6280561975932962E-9,1.174838424459035E-9,1.1587774198040977E-9,6.275520849836681E-10,
6.94912955749422E-10,0.997508994134973,0.0024910020903230914,1.3278266641701502E-9,3.4877983997050503E-10,4.6386472991643627E-10,6.533756264680023E-10,2.8594440893799413E-10,
9.716257037771972E-11,0.9936336148030398,0.006366384892603159,6.016474395271638E-11,4.2617553410150676E-11,2.535815858858481E-11,3.180632414202332E-11,4.724542536169353E-11,
2.1606993544677942E-7,0.9996977806927102,3.015302128103756E-4,1.0640190318734085E-7,8.220675281878153E-8,6.305778235758197E-8,9.761740837229847E-8,1.2374069784927863E-7,
1.8753866625593728E-7,0.9994557581172245,5.43544849205994E-4,6.155562557556518E-8,1.0765473594163554E-7,8.897648982191464E-8,1.5690006981028876E-7,9.440798103649246E-8,
3.847637395280734E-13,0.9745160683742389,0.02548393162446009,2.629313038576785E-13,1.1430427308014941E-13,2.1025100901052792E-13,1.2739432084483426E-13,2.0124253241538185E-13,
1.0750739893121286E-8,0.9999363464393275,6.360449023406331E-5,3.6029826228942404E-9,8.153245853760752E-9,7.991931436408508E-9,8.53778629993714E-9,1.003375376783557E-8,
1.6529287091229492E-8,0.9954316566147637,0.00456828694306725,5.095567822181436E-9,6.060885007328284E-9,4.5517961974886395E-9,1.2694048932794206E-8,1.151058614886815E-8,
6.81089917771515E-11,0.9994461933510014,5.538062113896365E-4,1.1718492079370802E-10,6.363212206055387E-11,6.973428030119552E-11,8.13648008414957E-11,3.7582747967271214E-11,
3.1285826137401114E-16,0.9999912352348562,8.764765140698241E-6,1.455975048234303E-16,9.715091395228094E-17,6.550116782663633E-17,1.0964186256272178E-16,9.189412196862324E-17,
1.0998428587142707E-14,0.8025796013057163,0.19742039869421518,1.1301675008175107E-14,9.821979635245475E-15,1.3802145051637581E-14,4.809448867782853E-15,2.051674745028406E-14,
2.8925104248330136E-17,0.9437514109206664,0.05624858907932969,3.2665296867411804E-17,2.4733027451692602E-17,2.5298560565122218E-17,2.2705904824293006E-17,1.5548563089045758E-17,
2.994979001361787E-11,0.8739407430826429,0.12605925675082058,2.0654916952550735E-11,2.3518687761735186E-11,1.883086153396306E-11,4.773420837460555E-11,2.584811443448405E-11,
1.3074427353623298E-14,0.6946280200349756,0.3053719799649146,1.4726274471102696E-14,1.9952669820471144E-14,1.3968989314375499E-14,2.6897858484880775E-14,1.9489771232653172E-14,
2.867794110215277E-8,0.9999474789003502,5.2334155954001534E-5,3.0199715544309775E-8,1.7320792431162657E-8,3.734950366202765E-8,6.125136311632637E-8,1.2144378954279686E-8,
8.138941277627651E-11,0.9860168140364359,0.013983185619033311,1.1830238307996312E-10,3.228512104089879E-11,5.028529336995791E-11,3.5239412548242614E-11,2.702904402072122E-11,
2.759764219261548E-10,0.9582883160120342,0.04171168280343805,3.377657450301843E-10,1.2402267985313093E-10,1.0063972175190143E-10,1.9424316783900652E-10,1.5188144143908582E-10,
1.0940888437431083E-8,0.9983372833393463,0.0016626852391677662,2.973873635338519E-9,2.9784375244462033E-9,4.1937035728881785E-9,5.8077765246652575E-9,4.526804829899735E-9,
5.36963212657827E-10,0.9996822548655727,3.1774288700492414E-4,2.455427264701513E-10,4.11319601137169E-10,2.6407288952127455E-10,5.259536518974897E-10,2.6357055699199535E-10,
1.0531671915409343E-5,0.9997721381976292,1.5506854405960974E-4,1.1693379579663636E-5,9.295984826882826E-6,1.108577901736799E-5,1.3529132810868572E-5,1.6657310161389766E-5,
3.367706560172063E-13,0.8909520034278026,0.1090479965709762,4.084724298562733E-13,8.226245388651767E-14,1.1039873213912259E-13,1.794462573499119E-13,1.0449999793865536E-13,
1.5254988885370868E-9,0.9952773481082332,0.0047226464019128065,9.376759745993282E-10,8.458433086541197E-10,4.0551727828020904E-10,9.433333555726723E-10,8.319859761857084E-10,
4.122323449023367E-7,0.9998170617348985,1.8053771447526686E-4,4.984626076097576E-7,3.913908888382187E-7,2.3810038726947598E-7,4.6736758579464725E-7,3.929968127933867E-7,
1.2878121813752362E-10,0.9985325225198349,0.0014674768417941655,4.869450027004772E-11,1.0973686556780459E-10,5.111420522905242E-11,1.6715138613348175E-10,1.3289335195219097E-10,
9.028243395503677E-15,0.9979691217942234,0.002030878205754724,5.18665656411606E-15,1.2963768384978128E-15,2.4678404510777037E-15,1.8305197660799763E-15,3.986998992367628E-15,
8.322486103214655E-12,0.9928310113737726,0.00716898859639713,6.801357427530385E-12,2.9368800569124854E-12,2.349767071727493E-12,5.129700975405363E-12,4.2884263947482926E-12,
8.557082443870985E-11,0.9829424065730156,0.01705759295164554,1.204160898681864E-10,4.2825237606954204E-11,6.052362867239452E-11,9.148945345267534E-11,7.451162319428289E-11,
2.0967194073944645E-16,0.9770274420297848,0.022972557970216575,1.7254956682242402E-16,4.566102759945523E-17,6.950425159468864E-17,7.950176023373858E-17,5.4716886712283594E-17,
1.4081059708915198E-14,0.9956775222801402,0.004322477719745933,3.244581418653712E-14,1.4947989380130567E-14,1.5006153114156496E-14,1.763687418779274E-14,2.0222946377693435E-14,
1.97272042982632E-8,0.99998476918024,1.5092831684941257E-5,8.622307009094382E-9,1.8321744854201615E-9,4.2284489656625166E-8,2.8497209417406326E-8,3.702469097191499E-8,
7.97255208368103E-16,0.8843447480985223,0.11565525190147127,9.258220579061024E-16,1.071787958006389E-16,1.683616469757194E-16,2.5225775664108784E-16,1.7339912133857646E-16,
5.74601809140739E-12,0.999999047186904,9.527612253620434E-7,4.760954500994905E-12,5.872796217515505E-12,1.3550521518563802E-11,1.04399020774763E-11,1.1501723994105736E-11,
4.840266756875295E-17,0.9756780720014547,0.02432192799854183,1.0953798780376967E-16,1.718086622748327E-17,2.499389198092016E-17,4.776134824848654E-17,2.3953831407516846E-17,
7.753769928669723E-13,0.8238150452821371,0.17618495471497878,8.31806541296551E-13,2.5046680750577535E-13,1.7076392665748654E-13,3.9871192548710793E-13,4.568173655332631E-13,
8.503876454846678E-10,0.9946612672761181,0.005338728838367477,1.4471168508469472E-9,2.745281641308731E-10,1.7222376807899045E-10,7.315836004833773E-10,4.096752184399235E-10,
1.3156160054745033E-16,0.9791703630634122,0.0208296369365828,5.629426241196583E-17,4.041385998763423E-17,1.426961009908778E-17,7.533466433364696E-17,3.765940761988712E-17,
1.6308233321405235E-15,0.9675624883616676,0.03243751163832635,1.1603654149381963E-15,2.346395128279082E-16,2.9545916102970367E-16,2.286036145766978E-16,3.186691738734779E-16,
5.329616881155392E-10,0.8187153442953015,0.1812846540203201,3.618805903885379E-10,1.0049577555403994E-10,2.1025251681642267E-10,2.978879128590134E-10,1.8089818882296414E-10,
5.210917257182558E-8,0.9999977621568163,1.9959544134987836E-6,2.4470072337867086E-8,3.702140582423583E-8,2.5455386850012587E-8,5.67815221506448E-8,4.6051211853841316E-8,
2.550191987479999E-7,0.9999397011210134,5.4389664067532216E-5,8.107701596892169E-7,1.180429593589933E-6,1.2207432831235044E-6,1.2408573534886957E-6,1.2013953303355219E-6,
4.410167976867521E-7,0.999934818409156,6.43306694912945E-5,7.095521052920424E-8,8.242474657365994E-8,1.7177546656738285E-8,1.3183250029809464E-7,1.0751454976766724E-7,
7.799913502664761E-14,0.9959004428118217,0.004099557187885312,9.816890356391839E-14,9.941289984501559E-15,3.271604767642555E-14,4.919807782313997E-14,2.4027479429509446E-14,
5.815571504721146E-13,0.7534641618061451,0.24653583819088845,9.281572497845174E-13,2.1938403104047054E-13,1.047583991018138E-13,8.089632693449864E-13,3.249285195453548E-13,
2.3066293330161483E-10,0.9998363734724418,1.6362594467422763E-4,6.889086402169513E-11,5.563564912368432E-11,4.548019694009919E-11,1.0509246990550782E-10,7.712347246248267E-11,
9.744826574556801E-15,0.9953358615756499,0.004664138424295513,7.645533013805492E-15,5.624266061412698E-15,4.6734177021738085E-15,1.7823321875977073E-14,6.304105377887993E-15,
8.542931885012987E-16,0.9615651954104008,0.03843480458959569,4.788251915883028E-16,2.4764114213510007E-16,7.384259372935462E-16,6.809384374145078E-16,3.298036104581781E-16,
4.940065345434266E-15,0.9874214098919307,0.01257859010805806,3.847580272596144E-15,6.365610061788036E-16,7.61641905569336E-16,1.7073856796866143E-15,1.948849941979995E-15,
3.0715574770130725E-12,0.9999610987193109,3.890126762397526E-5,2.2949882505031483E-12,2.0676464385970155E-12,1.3347444926048062E-12,2.2316300491168553E-12,2.065729524190325E-12,
1.6904323294609154E-9,0.9999913241617954,8.662834418055628E-6,2.327910776542063E-9,2.041613880633197E-9,3.5547547854971584E-9,1.5551251801709133E-9,1.833949106869475E-9,
2.4989988483328967E-9,0.9999995719969277,4.116517826045844E-7,2.624525080944004E-9,3.1775454295285473E-9,1.9100295344657075E-9,3.655009908474528E-9,2.485183859069885E-9,
2.521114827970971E-7,0.9996144242845808,3.851330162755585E-4,2.3847030151092666E-8,6.83501918998714E-9,2.8237541492081022E-8,9.007531927449336E-8,4.159275130693979E-8,
4.152624847720283E-15,0.9992679229581224,7.320770418537247E-4,5.657330405186673E-15,3.823520781386715E-15,3.57320046550386E-15,6.464715909110464E-15,3.488039427677182E-15,
1.782482870175885E-16,0.9984607575678719,0.0015392424321303566,2.300771081260697E-16,5.4308029094894067E-17,6.060953699663139E-17,1.247421024866126E-16,7.568441236766899E-17,
2.813067161162734E-13,0.9882256619022267,0.011774338096702995,2.605048140427919E-13,6.933934728424712E-14,1.5685779938865493E-13,1.7786108101948722E-13,1.2540813264053158E-13,
3.0927110987819336E-12,0.9998767383443575,1.2326164670251155E-4,3.09181548575262E-12,4.359731643608016E-13,4.022014399169581E-13,6.81615749967058E-13,1.2357793767145322E-12,
2.047884737045281E-17,0.9999123429993331,8.765700066817147E-5,1.1013296387345222E-17,9.2552167496511E-18,1.3366028124214177E-17,1.2592344214120035E-17,1.4460246292152755E-17,
4.8766538781278416E-8,0.9999807375420369,1.916881488799768E-5,2.977224378890514E-9,4.974415889091991E-9,1.758598040155006E-8,1.5082654784195843E-8,4.256260550507632E-9,
1.7714051984388127E-9,0.9791420630437978,0.02085792831213921,1.7664818563670975E-9,9.579094435945953E-10,8.721080575943412E-10,2.08086117807185E-9,1.1952957713409315E-9,
4.135076821970758E-12,0.9996258969613454,3.7410302525993914E-4,2.180571809400384E-12,8.696061663156236E-13,1.8415570999380806E-12,2.1839444681993223E-12,2.185137657891178E-12,
2.236962120087563E-12,0.9970140913131554,0.002985908681540593,8.208781017550743E-13,5.239916346648156E-13,1.068081676408345E-13,4.82423859120917E-13,1.1315581185958441E-12,
5.486478636877551E-11,0.9994708579837348,5.291417906924157E-4,2.37435391303682E-11,2.825043126176478E-11,3.071213783914895E-11,5.55949969081527E-11,3.240958954629443E-11,
3.105034418875038E-11,0.9742926574297979,0.02570734243706847,4.186220446313434E-11,1.4809978285872284E-11,1.3427688150619932E-11,1.252021156351474E-11,1.9464793427143493E-11,
9.5165007027106E-13,0.8491243326459307,0.15087566735051952,6.080668268222826E-13,3.61593121096466E-13,3.0591614543399076E-13,6.451996734417043E-13,6.785926252290675E-13,
2.321820113435765E-8,0.9925934203161717,0.007406454601541654,1.629883452654279E-8,1.841279575300602E-8,1.2714182332116706E-8,2.8427674051352464E-8,2.6010598368215183E-8,
9.082314970743494E-11,0.999999959409832,4.0344697343449845E-8,2.2821801591623295E-11,2.8468259981235666E-11,1.9566068707789862E-11,7.135825155722635E-11,1.2432736555004354E-11,
8.781945808547958E-16,0.9998592553641666,1.4074463583182281E-4,9.879824606441245E-16,4.4093950236312017E-16,1.492092386451659E-16,5.06558761753003E-16,9.04199240074496E-16,
3.737940039284246E-10,0.9717258047413242,0.028274191206135682,7.209797276067694E-10,5.950011322302917E-10,7.419405067390109E-10,7.891403345436925E-10,8.316860860114514E-10,
4.259835406741842E-12,0.9997922304697198,2.0776951203021996E-4,4.249641451698578E-12,1.2805600663090847E-12,1.3213536325503793E-12,2.69263711192387E-12,4.4429169368814665E-12,
1.3566972608312219E-9,0.9997051694299377,2.948276906658303E-4,3.172747120829933E-10,2.2942350829467981E-10,2.368788229817797E-10,4.0153242502814586E-10,3.3758791175635685E-10,
1.378998555997832E-14,0.985365737415062,0.01463426258488713,1.1766676703698041E-14,3.588226562627983E-15,4.1959269182528775E-15,8.565133479900585E-15,1.0019852594213777E-14,
1.6416880882161364E-12,0.9960004850445727,0.003999514951189577,8.085439051809647E-13,2.9945064005586436E-13,3.8977595469953816E-13,5.02543375341207E-13,5.9743482514659E-13,
2.936420296011241E-11,0.9939364044170986,0.006063595488400244,2.7494865927142534E-11,6.4374308228702596E-12,2.7732644486679258E-12,1.2725897882165231E-11,1.5705539285336582E-11,
7.351368465194774E-16,0.9998837472046184,1.1625279537398591E-4,8.322450657946673E-16,1.536109751454918E-16,1.4373374004671162E-16,3.562694107347471E-16,2.4900087619875623E-16,
1.1090962151683356E-13,0.9642478541171952,0.03575214588235839,7.09282339435649E-14,9.957011732470961E-14,4.344501441656439E-14,3.018911811934785E-14,9.070870588856505E-14,
4.185151650624416E-8,0.9999992458435051,5.858966284680776E-7,1.4700164951182062E-8,3.1803108937883946E-8,2.6725234447203675E-8,3.278330994253431E-8,2.0396533241143283E-8,
3.5461091038623838E-15,0.9408187733958828,0.05918122660407894,2.2234090365576665E-14,2.0106902587392925E-15,2.0796271549942077E-15,4.314158958258355E-15,2.026487088753162E-15,
2.703718510031978E-8,0.9998134783601289,1.8637953954054947E-4,2.6500551965167897E-8,1.6811567685452545E-8,1.4427735451244145E-8,2.8841340983180367E-8,2.8481949683906462E-8,
9.776380405752184E-10,0.9983314608181466,0.0016685367210800362,4.730205328936467E-10,2.4560548153782954E-10,1.3317643740667407E-10,3.947892593952723E-10,2.3654605685993084E-10,
2.38254085860071E-8,0.9996527459109976,3.47089777451034E-4,2.303510973339468E-8,1.978594177985265E-8,3.2291221118548576E-8,4.106763403032682E-8,2.430623561992879E-8,
8.378135359338354E-12,0.9999588763443124,4.112362367046727E-5,7.67000289790814E-12,2.9612411673677526E-12,3.6468383884703355E-12,3.517762764521326E-12,5.842005890081831E-12,
8.26826842314976E-12,0.9999803435213591,1.9656436358844528E-5,8.47490709880854E-12,4.851997555607023E-12,5.36643000500943E-12,9.412325162886864E-12,5.907517918110084E-12,
2.146851564814121E-7,0.9998749238889489,1.2472273567274884E-4,1.7613650922665838E-8,2.3872977362925997E-8,1.20569609763181E-8,2.7526728043431517E-8,5.761990560648635E-8,
1.030370766076604E-18,0.9390124288474783,0.06098757115251798,3.5922981656174684E-19,4.31756674337543E-19,7.023524517496883E-20,1.7581080161868598E-19,2.604028354341104E-19,
3.3658859693545615E-14,0.9913918078696381,0.008608192130113556,1.084721997948535E-13,2.210974985159801E-14,1.9346587182098263E-14,2.184179434127868E-14,4.40431575152508E-14,
1.849674573648015E-11,0.9822077339504786,0.017792265857995426,1.2280108645114896E-11,7.468307329470983E-12,1.3115404494829677E-11,2.268356938649659E-11,1.1748195068444222E-10,
4.603027141274269E-11,0.9999999443450605,5.552040174601797E-8,2.2508995833108056E-11,1.8487204730161982E-11,9.620720323906373E-12,2.0377999948887496E-11,1.751245798905382E-11,
4.270405416012084E-15,0.9879721009445396,0.012027899055446493,2.0264659153690137E-15,5.209169416265163E-16,1.6052585750142463E-15,2.3472224458925183E-15,3.4092048124447286E-15,
8.72401990856898E-10,0.9993694074032841,6.305842943697899E-4,1.1366854012664426E-9,8.945769495710005E-10,9.661266391836176E-10,1.5927481324496082E-9,2.8398082774417294E-9,
8.720087177722205E-13,0.998856648937818,0.0011433510585836398,3.5035969136944645E-13,3.817252286584527E-13,3.721996868121829E-13,5.916556247947644E-13,1.0331135226668079E-12,
1.7293855233452193E-8,0.9999975325953128,2.4038018108397237E-6,3.793894711371536E-9,3.036952786646241E-9,5.708143452249536E-9,1.5198513577833753E-8,1.857151686071543E-8,
1.770572844480585E-11,0.999351416215835,6.485837107648327E-4,8.478949422064731E-12,1.1733416412014901E-11,7.907037672226355E-12,1.5320328683473753E-11,1.2254518070349739E-11,
4.258615661596475E-20,0.8467001207464309,0.15329987925357208,3.864291361904946E-20,1.0599693280945926E-20,3.981313392028289E-21,2.9916196015860764E-20,1.4005440611911448E-20,
9.138749222405905E-10,0.9852172722321302,0.014782724036881094,6.055455037924197E-10,3.583686431693562E-10,4.664445055546144E-10,5.740559627843613E-10,8.12700162804573E-10,
1.077911138195309E-18,0.7535788608243776,0.2464211391756219,2.9314303934161474E-18,6.61917367922053E-19,4.512804548584072E-19,9.87842507050703E-19,2.29179424457111E-18,
3.668362502269237E-14,0.9982443187716846,0.001755681228065037,5.229317241204286E-14,2.0508511667648346E-14,2.104000474187306E-14,3.3962785640234574E-14,8.401252897297439E-14,
2.633825800866796E-11,0.9981428235502992,0.001857176373080209,7.596737281891288E-12,5.0164306266109256E-12,5.715310069987139E-12,6.6133752400803155E-12,2.5342191135622237E-11,
3.193665715448214E-18,0.8965936936950286,0.10340630630497068,3.658666632999098E-18,7.943842002142999E-19,9.191465690642648E-19,1.6844737515994716E-18,3.1588302223686804E-18,
2.434751443739002E-10,0.9998936537915379,1.0634439595760057E-4,1.56952340422902E-10,1.6545158093198436E-10,1.6353394952286997E-10,1.9289504712896652E-10,8.901956756860176E-10,
3.427512573240973E-9,0.9998471248343277,1.528432127544379E-4,5.7196247157605696E-9,3.2916523384348167E-9,3.426713821596442E-9,6.028612006704972E-9,1.0058802389351513E-8,
1.9491435641386119E-7,0.9981998419522812,0.0017966404057057623,4.418168151655083E-7,1.8484713198231227E-7,6.029569133395422E-7,5.746426090764528E-7,1.5184641861223902E-6,
1.0590960641671927E-14,0.9995334825738168,4.6651742614222427E-4,5.534778245198481E-15,9.435216339730099E-16,1.6127785935528307E-15,7.762064781214567E-15,1.0889047789196936E-14,
2.8843927602173358E-8,0.9999972699169065,2.533883880222173E-6,1.810305257103997E-8,1.3322703340062529E-8,7.509587487761441E-9,6.465588905091915E-9,1.219543509344844E-7,
8.342397536977053E-9,0.9999940379039853,5.740494661492962E-6,1.5087839805268546E-8,1.4928622406756894E-8,1.963831442091796E-8,2.8230153191081432E-8,1.3537402757180722E-7,
7.151996737321043E-13,0.9959458978562721,0.004054102140880608,3.632507050897332E-13,1.365733409996135E-13,1.49916059639514E-13,8.583370556077911E-14,1.3936212735400529E-12,
1.0888309344723368E-13,0.9993124623703931,6.875376290548981E-4,3.3438272991330535E-14,1.0203123740569765E-14,2.820364572320633E-14,3.973966834713636E-14,3.3046567591615875E-13,
1.1135144128886328E-13,0.9966225323434418,0.003377467655407208,3.2709075173363693E-13,1.9060184339748298E-14,5.335008166059347E-14,4.6579746830374253E-14,5.964995171859858E-13,
7.032836593139783E-15,0.9999018934949457,9.810650502426573E-5,6.159259959244546E-15,9.769775398268162E-16,2.0441358451609273E-15,5.142429468476735E-15,1.1383673663907371E-14,
3.901145160758449E-14,0.9996034048819404,3.9659511773642745E-4,4.467040808965199E-14,1.8694933178042005E-14,1.410357933628326E-14,2.375296595977565E-14,1.8153130301670074E-13,
1.9640978832791385E-14,0.9994497659651722,5.502340347129981E-4,1.670511541841717E-14,2.955584968746922E-15,4.681918902509692E-15,1.0036741395923754E-14,5.985004336693831E-14,
3.4023909059573076E-13,0.9997659285396074,2.3407145845980414E-4,3.430240409232961E-13,2.5961328745452134E-14,1.2084792097005666E-13,1.3363848057271448E-13,9.68737745846269E-13,
6.0830562778530215E-19,0.9904589035392141,0.009541096460790925,2.940303327538534E-18,2.1041937524465722E-19,1.4564454944098008E-19,3.3508653446017723E-19,1.4299211680622437E-18,
5.352760218332576E-14,0.9989224622092572,0.0010775377903732189,6.296542147204719E-14,1.620447616779196E-14,2.3034790425343E-14,3.9451598947524267E-14,1.7189737843288636E-13,
2.1184515603012606E-9,0.9997865506852329,2.1343760139107658E-4,1.6403835682572045E-10,4.896285813325577E-10,5.839509837306064E-10,1.3584873698279621E-9,6.998816831174005E-9,
4.183485416760283E-15,0.9789673969139983,0.02103260308598051,5.022443274748004E-15,4.468438549769734E-16,8.529329748703039E-16,1.9097983190082696E-15,9.124141514509025E-15,
4.903558427312904E-18,0.9997540363062893,2.459636937123372E-4,2.639760164247468E-17,8.852553185539641E-18,5.274239200480136E-18,1.3625566440895046E-17,4.587997980036207E-17,
2.9857934131126592E-12,0.9999916023501523,8.397634569772665E-6,7.322943491223926E-13,7.322479666816255E-13,5.378716765384187E-13,1.3199114829412073E-12,8.970322205054625E-12,
1.9623863215456248E-19,0.9973149728338021,0.002685027166196877,5.740966004591601E-19,1.330238258716196E-19,5.697398154505411E-20,9.261968454198136E-20,1.1922318998890761E-18,
8.597082000823255E-15,0.9798298932386258,0.020170106761329333,8.641974547969741E-15,2.740140322558468E-15,1.6056066293214754E-15,1.3897163993717345E-15,2.2178341729448116E-14,
5.2532000316366606E-21,0.9245708155149589,0.07542918448504152,1.4992880692102006E-20,2.5929310782209814E-21,2.609223026853164E-21,3.746555223781574E-21,3.3764042977562135E-20,
3.381914903710106E-16,0.9431162974349241,0.056883702565073066,3.552305420538118E-16,1.368373258572134E-16,6.55780498261776E-17,3.0006710613938227E-16,1.8290549125110333E-15,
1.8278269415357297E-19,0.9999792556049529,2.074439505352532E-5,1.1805814557951211E-18,2.466677474809364E-19,2.0429337092403797E-19,3.8274372503562307E-19,1.7123630107087327E-18,
1.5717489205037994E-10,0.9999692463091342,3.074623911723936E-5,1.2498648136141825E-10,6.030628324878893E-10,6.18073165828754E-10,4.4160506739994293E-10,5.506847607223804E-9,
3.413843322772069E-10,0.9888964025981672,0.011103594542807944,4.739051187186186E-10,1.3360262662506964E-10,1.0013585754615619E-10,1.8507568363009678E-10,1.624920365976861E-9,
3.109293505465105E-11,0.9997149139747311,2.850846945855702E-4,4.317073792797108E-11,1.2296490994636802E-10,7.378908495455978E-11,3.432163352205872E-10,7.164476945750646E-10,
6.492674144265125E-12,0.9816526116900954,0.018347388268096794,9.106124118401353E-12,3.720344947028747E-12,3.219525019570858E-12,9.733061462952113E-12,9.535477075349168E-12,
2.852291422375618E-8,0.9999984240570822,1.4112862033570593E-6,6.647155127021191E-9,1.495829494382559E-8,2.1882933625049828E-8,1.656858956822625E-8,7.607682825937545E-8,
7.339722434491897E-9,0.999890276290789,1.096533342426965E-4,5.5749855063094994E-9,6.225972571955062E-9,2.450885709960643E-9,9.78911588779457E-9,3.899428734499899E-8,
4.132484272530594E-9,0.9971327289323085,0.0028672552564048878,9.371916468800262E-10,4.859179603470916E-10,6.547543948745984E-10,3.730643890738685E-9,5.87029489302506E-9,
9.89743194063318E-17,0.9984047597559562,0.0015952402440471128,1.4658573230551935E-16,2.8501564910582034E-17,6.817661996625697E-17,2.1588950541490683E-16,8.121550544050581E-16,
2.820841743177059E-18,0.9076398981021545,0.09236010189784587,1.6515324807942638E-17,4.065575793075436E-18,3.3236762307099777E-18,1.1192864132675094E-17,4.679569645665885E-17,
2.628034912707876E-10,0.9959774157142595,0.0040225834128658185,4.0389392050783293E-11,3.495536769593112E-11,4.770959747596336E-11,1.08487476432439E-10,3.7852864906216223E-10,
3.468592374198795E-10,0.9999998367244607,1.6160999585285972E-7,2.265783680311782E-11,1.6120723862328987E-10,7.246170204135867E-11,3.59304772084994E-10,7.030516713142728E-10,
2.5683070138511396E-13,0.9999919698724037,8.030124179239505E-6,6.605275267538488E-13,2.77512734958544E-13,2.2204100654705854E-13,6.027825895017503E-13,1.3955013807975155E-12,
1.7877888316494931E-9,0.9951387701749302,0.0048612227541891696,1.160058791891058E-9,3.0938263984005035E-10,5.038884565118917E-10,4.209323576438766E-10,2.8888300680219166E-9,
1.2307698742632638E-16,0.999999158866842,8.411331574573707E-7,1.0123212146233616E-16,3.816227614480793E-17,2.740447174403125E-17,9.002951978828139E-17,5.138832138637066E-16,
3.226974849700978E-12,0.9998206506707836,1.793492963447725E-4,1.2555055070676553E-12,1.5099190728187875E-12,1.4847555900452668E-12,3.4222748864894645E-12,2.1971334649893865E-11,
7.172777310999784E-10,0.9999100935450052,8.990423168800067E-5,2.258758244416162E-10,1.5316298192557623E-10,1.1323789757461627E-10,3.7751661740488595E-10,6.362351234916382E-10,
1.2286936340392388E-18,0.9998074344005669,1.9256559943082996E-4,2.0094060844208985E-18,4.572528278353457E-19,3.9608406366967227E-19,1.4139514991218787E-18,4.0389469479675986E-18,
2.6427587847890735E-14,0.9999166595386881,8.334046096898274E-5,7.688720187762155E-14,1.3438441958652254E-14,1.2273254241896824E-14,6.365827095765303E-14,1.4924830399959822E-13,
1.199296583408457E-7,0.9999656779327616,3.2441947189069084E-5,5.3508837486369254E-8,4.342787253527201E-8,7.273545061663048E-8,1.544472910857675E-7,1.4360709383243623E-6,
1.887028381568022E-9,0.9962330237767839,0.003766936820184238,8.968271855818222E-10,1.1667133646143246E-9,1.5173419550878933E-9,4.514234791086401E-9,2.9420888233779042E-8,
1.6876496946778424E-6,0.9999907984190328,4.802383947806759E-6,3.2520189151269444E-7,1.478972785933075E-7,4.1713908861120194E-7,2.482029921167198E-7,1.5731060725745226E-6,
3.5498977162100575E-8,0.999997268317941,2.406687618534165E-6,4.70839688645665E-9,6.763610120135732E-9,5.223640047310051E-9,1.6272011056177884E-8,2.5652780440577845E-7,
2.5975979303786807E-9,0.9999934979758849,6.450870339157307E-6,8.802849949504475E-10,9.50500656344756E-10,1.5620631137078636E-9,6.1409544313271915E-9,3.902237495576757E-8,
2.637392824212979E-13,0.9994682758194401,5.317241786397813E-4,1.4276410852227985E-13,4.473629858363984E-14,6.15538154035921E-14,1.45172273983183E-13,1.2652814191762677E-12,
2.059528614877696E-13,0.997917123702047,0.00208287629166181,1.4450988968427524E-13,4.698584604396013E-15,2.7468854527049457E-14,5.845216516142123E-14,5.850530611563085E-12,
1.4822666109157724E-15,0.9948380844989531,0.005161915500747751,1.1267349269276337E-15,6.438482669861701E-16,3.435334509972423E-16,1.2396566387591836E-15,2.975508589485469E-13,
7.414942653115952E-14,0.999049690381078,9.503095870529327E-4,7.392857627078395E-14,3.286526259948566E-14,4.220787484755481E-14,1.2572102944412768E-13,3.1523262101005183E-11,
2.284864729329278E-12,0.9999968255850795,3.1725345633960593E-6,9.6195315536725E-13,1.192736845319582E-12,1.249353627720812E-12,3.400183942550005E-12,1.871268173409284E-9,
4.768887602819054E-16,0.9840513284989022,0.015948671500345978,6.763095692280742E-16,2.8461390645106377E-16,2.001541778509925E-16,9.675144454319292E-16,7.511776977038495E-13,
7.33224675639363E-24,0.9972938052438527,0.0027061947561470554,1.1095344463738544E-23,1.8640748200174298E-24,1.860972885143459E-24,6.40328439655291E-24,2.5107744251935465E-21,
6.341332480561033E-15,0.9998910154655553,1.0898453157903247E-4,2.6188291138013875E-15,1.5728161723479043E-15,1.658232721024251E-15,5.467407585224123E-15,2.8494094320555907E-12,
1.9440518772848335E-22,0.9977339916969582,0.0022660083030464403,1.7480435289475164E-22,3.2380396767481155E-23,8.967596728690644E-23,1.8760573060566676E-22,2.6366096132566523E-19,
2.4146891259446745E-14,0.9999927337620153,7.266162849969897E-6,1.596310883375585E-14,9.809785354193795E-15,1.314160636427608E-14,4.908912662565908E-14,7.502270951013284E-11,
5.6473425031005034E-12,0.9999999401637671,5.664526307056461E-9,5.87459173201047E-12,3.7290458491961006E-12,3.2064315871592337E-12,1.1893554755154321E-11,5.414135632300948E-8,
4.765645541496837E-17,0.9999997693144023,2.3068521110879162E-7,1.3269627305332513E-16,1.11688114121027E-17,2.1606395535370863E-17,1.3235196347347022E-16,3.8320292029873867E-13,
2.8920028302108628E-11,0.9999997269765792,7.1067575294314535E-9,1.9635852191921886E-11,2.5722781937836514E-11,3.996492095748356E-11,8.898189491717199E-11,2.6571343417017075E-7,
1.2120777011129063E-13,0.9999981505909532,1.8489182944015631E-6,5.114934630899875E-14,3.1567672674202624E-14,1.3960367610888734E-14,4.094875448252457E-14,4.904939348768261E-10,
3.185109066859716E-19,0.9999919026368034,8.09736320227817E-6,1.0445081232615755E-18,3.634135526162891E-20,1.375162255831953E-19,3.073358353076803E-19,8.198738474226165E-16,
7.060398626671659E-18,0.9999999699810691,3.0018779671770135E-8,8.016473913878795E-18,5.978368999488001E-18,3.7526288835690485E-18,5.7075919496297594E-18,1.5325339575123144E-13,
3.9045710347501934E-17,0.9999996324534006,3.675461964460609E-7,3.2421530410125124E-17,2.3959994202082518E-17,2.2073208945761546E-17,6.063115993631877E-17,4.059073244770156E-13,
1.2231358987978E-22,0.9999969551262524,3.044873744421262E-6,2.703911366237119E-22,4.614548456883498E-23,4.43506851804937E-23,3.1202558616400156E-23,7.1184009703064675E-19,
4.545898073920856E-14,0.9999368743600026,6.3125415565443E-5,2.1001212959287628E-14,1.0395477552630365E-14,1.2654398772778834E-14,3.744215404165913E-14,2.2430600539499096E-10,
3.3601902146859144E-14,0.9999999992579589,5.925240652375068E-12,1.3336716173399458E-14,1.6020473133574236E-14,8.923742288755666E-15,6.082754353890833E-14,7.359833630715683E-10,
9.352345540346575E-10,0.9999850998251076,7.17037844948976E-8,7.076102929245412E-10,1.0525254910542686E-9,1.1679799811861032E-9,6.573985613050814E-9,1.4818033773680837E-5,
1.8370552728008804E-18,0.9999999229678606,7.703208571749972E-8,9.114605963289559E-18,1.081979099670635E-18,2.743157458162932E-18,6.741136489537393E-18,5.2730084486942674E-14,
4.85438806182202E-16,0.9999983697576998,1.6302250297427091E-6,1.0680513325219497E-15,5.650084942942504E-16,3.023896254887286E-16,1.297589257007361E-15,1.727080915613994E-11,
2.168201314239265E-9,0.9999795093548541,6.165972063295442E-8,1.8310857327137105E-10,1.3353495249314858E-10,3.408182760029993E-10,9.86384275017834E-10,2.042517337714689E-5,
4.944224366135488E-11,0.9999984474843541,5.457691753053394E-10,1.0533323424345417E-10,1.3893401742491758E-11,2.804277893195267E-11,9.889278474798157E-11,1.5516742739426721E-6,
1.1782550925090646E-12,0.9999999306650273,5.5566075300684894E-8,1.9215311906206577E-12,4.4003019594921456E-13,3.5138468626326193E-13,1.7188690020498763E-12,1.37632842313041E-8,
9.284012027519272E-12,0.9999994163094337,1.518163791609231E-8,2.0782954402963492E-11,7.167716314408238E-12,8.524562087014143E-12,1.943673999372968E-11,5.684437314283113E-7,
2.8754514891033265E-10,0.9999924418908949,2.069581581176032E-6,2.0730810902241855E-10,1.0160076822893077E-10,1.1347204155929721E-10,2.860761509568369E-10,5.4875315200276586E-6,
1.1359807500903909E-13,0.9999935988120231,6.3930645014061325E-6,3.2294990312492846E-13,1.7856885333308955E-13,7.72829650289164E-14,1.0349712697231052E-12,8.12174796605135E-9,
3.7231734601284846E-19,0.9999932120409011,6.787959091277813E-6,6.494266370939443E-19,1.3847284181191897E-19,7.413338989739853E-20,1.2080624561153662E-19,9.730411674110764E-15,
6.87503581967805E-11,0.9999980363871993,1.1956851637742327E-8,1.9295496517690872E-11,1.5957760109569916E-11,1.333146258291994E-11,2.483004167829262E-11,1.951513785628566E-6,
3.549316425502069E-11,0.9999995678014627,2.4665731354832465E-8,5.684434090752306E-11,1.7639261968764232E-11,9.045359641250706E-12,4.7502126365301205E-11,4.073662828284739E-7,
2.364975530881229E-15,0.9999999993122053,5.222204254062944E-10,1.6827746257212335E-15,3.161033759674603E-15,2.441049061477479E-15,7.91511151015378E-15,1.6555748197935983E-10,
2.6484536474383437E-10,0.9999862254050143,1.1477597045051864E-8,3.1682766786562203E-10,3.736466432531357E-10,3.2402483770146343E-10,9.03760378334576E-10,1.3760934283103057E-5,
6.631183086342499E-14,0.9999809354788473,1.9062179731785334E-5,1.7631566563299887E-13,7.467134356020148E-14,3.632885761879449E-14,1.2836127811475844E-13,2.340939831604563E-9,
9.281096934858252E-10,0.9999504983280837,1.41679244876342E-7,9.717194178412475E-10,8.313719086733779E-10,6.432597940070717E-10,2.36345062807538E-9,4.9354254757542524E-5,
1.925822230978163E-13,0.9999647604036729,3.52342915653957E-5,2.0853668082355574E-13,1.0497769065244127E-13,7.071091734935887E-14,2.2434547032717312E-13,5.303963472729773E-9,
3.133647418261314E-15,0.9999998374360936,1.6247390191170186E-7,1.895556642628793E-15,7.216016871551077E-16,1.0892215623656368E-15,1.441886584838646E-15,8.999677918267675E-11,
1.6221577109973775E-12,0.9999763160074581,2.365302675937699E-5,3.4897270607323544E-12,7.768949506106105E-13,3.4774984605071434E-13,1.6404501586492988E-12,3.0957906056259725E-8,
1.2420131492397973E-15,0.9999987974541275,1.2025223636127619E-6,8.039859650845393E-16,5.156786133190888E-16,3.4180108848632413E-16,4.560540108893814E-16,2.350245076526566E-11,
4.8820274890163757E-20,0.9999060930994833,9.390690051636686E-5,5.146619530067395E-20,1.7775241599153724E-20,2.70593691981652E-20,4.601064722353871E-20,1.8869938801576874E-15,
1.9700956643773654E-13,0.9999990320425289,9.58801285867207E-7,4.762854081369626E-13,1.95201429427031E-13,2.2810193860727457E-13,1.871734319166878E-13,9.15490362692067E-9,
2.0124412876458703E-13,0.9999999590266677,1.9737331217106416E-8,2.542605458881386E-13,2.526352286072995E-13,2.358650267830228E-13,8.888070763206416E-13,2.123416839084166E-8,
8.922419893107857E-10,0.9999425227219606,6.481543218435226E-7,1.159524008061081E-9,2.8201220249258694E-10,8.917482198005835E-10,1.207022039041482E-9,5.6824691170368555E-5,
