
0.07203587971201472,0.18469736474527537,0.18025333351616862,0.23353942478289774,0.21056979077725835,0.11890420646638516,
0.24509714855836007,0.24408843962367446,0.26023136984483136,0.2505586318407387,1.138253622133617E-5,1.3027596168593505E-5,
4.308493023965633E-7,0.09303390256746347,4.941338353484154E-7,0.9069651718376938,7.470370819573709E-11,5.370004366308788E-10,
8.483067002471441E-7,0.21556435760378764,2.036461237499412E-6,0.7844327543537201,1.600802100627348E-9,1.673752265383994E-9,
8.089101451931964E-9,0.023928295551771825,1.8176059107691427E-8,0.9760716781403268,2.0024910226079276E-11,2.2715860016289857E-11,
7.204796824794889E-10,0.27760142569020313,1.9382390540738832E-10,0.7223985733934077,1.1346197682576288E-12,9.517704053337088E-13,
6.308876648220882E-10,0.3071304829236055,5.186794820297485E-10,0.6928695159260639,3.952106353116039E-13,3.6861469344781323E-13,
2.1035278097373946E-9,0.1767185948159425,1.4755627301448389E-9,0.8232814016010344,8.640299644789376E-13,3.067814127711209E-12,
2.438188713432368E-12,0.08548362227900194,2.3665727447876474E-12,0.9145163777161835,4.097966242144721E-15,4.865831554381074E-15,
5.70022507163299E-9,0.12957276732385292,6.6528385417737954E-9,0.8704272203018184,1.0638030503227935E-11,1.0627378274531781E-11,
1.9413874319187899E-10,0.2564019609163922,6.883835295659621E-10,0.7435980381989525,1.6317170973106092E-12,5.01189197357952E-13,
1.5822552512365648E-5,0.015726124583061867,2.1067846588242907E-4,0.9840471306902543,7.339495287070053E-8,1.7031333571094553E-7,
2.883650609273083E-7,0.006935576181600517,2.523891981873209E-7,0.9930638827850617,1.4912652245619153E-10,1.2995190674441933E-10,
6.766572864124263E-9,0.25783825916352326,5.160131774894101E-9,0.7421617288973078,3.5454566789165098E-12,8.919671262524321E-12,
5.060292684362525E-9,0.0010124203378838587,1.3193676910057095E-8,0.9989875611680172,1.0414977751599764E-10,1.3597907418751973E-10,
2.7852785818209637E-12,0.2682579058985477,7.711256102349309E-13,0.7317420940978857,9.692002319421088E-15,2.6755575638391786E-15,
5.34439943737068E-13,0.047452281502369034,6.558077379781204E-13,0.9525477184964339,2.761715925518221E-15,2.1722719582720153E-15,
3.4176867606193722E-9,0.10557722229277314,6.725664483917149E-9,0.8944227675555189,1.448876372467595E-12,6.9082405322052E-12,
1.1509551221677876E-13,0.007310242738537022,1.0927991024650773E-13,0.9926897572612386,2.5324580351809776E-17,4.173412852450833E-16,
4.228493346565549E-16,0.20721783200644736,1.8429264443065826E-15,0.792782167993551,6.514603257059514E-18,4.185976895746023E-18,
4.670810719818522E-10,0.3589959957340809,6.265199159639543E-10,0.6410040031624706,5.130927730296457E-12,4.716532545568488E-12,
2.2326065598604567E-12,0.0032522055429019367,3.879677007519601E-12,0.9967477944509677,1.3785119015330952E-14,3.043282799208287E-15,
1.8323326090241627E-10,0.05764953198875855,7.145612711751402E-11,0.9423504677558593,3.575776214919939E-13,3.3656644857587137E-13,
4.744529529372568E-13,0.044982165865979494,2.6249229342542662E-12,0.9550178341309215,7.73827975727219E-16,1.1796588708565867E-15,
2.724395078203095E-12,0.366068692014319,1.1839490985631989E-12,0.6339313079817598,2.235176014249051E-15,9.682966090329577E-15,
3.643450571616428E-14,0.06789544873767,1.024318743879285E-14,0.9321045512622845,7.530593402576068E-17,3.1417055569126487E-17,
1.3268282005074336E-13,0.06970555505819598,2.496623976853041E-13,0.9302944449414186,6.493671961666115E-16,7.478293130381577E-16,
1.1492690321769393E-11,0.04463018731204715,3.0355229947549E-12,0.9553698126730618,2.1892592849864325E-13,1.4366028398744617E-13,
1.1553196334733694E-11,0.0029744729166804014,2.4158403414667266E-12,0.9970255270693463,2.8773776340499305E-15,3.0718863013412144E-15,
5.982062426078644E-13,0.24131148457771218,7.581453139388444E-13,0.7586885154209269,1.2396781745093644E-15,3.67356183059532E-15,
1.660703519124725E-13,0.41826714362576994,1.541192059253532E-13,0.5817328563739069,4.1096999905425443E-16,8.771250267188613E-16,
1.2024553346198618E-8,0.08230129202238404,1.354642369252262E-8,0.9176986823666831,1.7863309316150528E-11,2.2095109335584416E-11,
4.5043218251688075E-9,0.024509290714376575,2.6785443841366374E-9,0.9754907020887594,8.662477601386871E-12,5.3354033503969065E-12,
2.6154145523618786E-10,2.739572349912754E-4,2.2009800696783344E-10,0.9997260422833685,6.183400697389651E-16,8.374666779249708E-16,
5.2997470455585986E-11,0.0032997620079442905,5.958126959218675E-11,0.9967002378794535,5.502755781161315E-15,1.92222346049631E-14,
1.6308126144303553E-14,0.47046240380909005,3.1688922890147345E-14,0.52953759619086,1.57710982587535E-17,6.329293697377324E-18,
3.575670618716413E-13,0.1810609045436642,9.727576069040838E-13,0.8189390954550034,1.5827484097058247E-15,3.6678031556246784E-16,
1.0312213117084726E-14,0.12653571453703275,1.6939495177182183E-14,0.8734642854629421,4.577051929846412E-17,4.2315163262265457E-17,
7.861259100636976E-13,0.23562714885774064,9.079382817697713E-13,0.7643728511405651,2.3470581244668206E-15,8.976514758821479E-16,
3.678101346949015E-13,0.1969755395829382,3.5526135430848146E-13,0.8030244604163352,2.3972359488996773E-15,1.3700388891448025E-15,
2.237675825046203E-12,0.21372910941271955,2.5284617342305865E-12,0.7862708905825067,3.1991506297005987E-15,2.408438711453429E-15,
3.1978617432686054E-11,0.05647411114119365,3.4191833349316885E-11,0.9435258887924979,9.313706962807785E-14,4.457830776035585E-14,
1.9961171280143625E-13,0.27570559089670316,2.1520419464626913E-13,0.7242944091028811,5.048639088020157E-16,2.270324246652003E-16,
7.847206197501695E-11,0.2749811781863761,3.108375069786878E-10,0.7250188214236657,2.029461271668261E-13,4.4599893821087254E-13,
2.933631029640447E-11,0.06099753161382453,6.568595810650551E-11,0.939002468290961,9.190174363779143E-14,9.78794767002932E-14,
4.985654740756545E-10,0.08732201583975864,8.741269376917637E-10,0.9126779827875388,4.954804269907954E-15,5.760067990315331E-15,
2.8479989643203206E-12,1.337559427708132E-4,3.3864567997564247E-12,0.9998662440509974,2.0059177839376354E-19,1.7860091577038603E-19,
3.344489428613124E-12,0.1416600037381397,2.3464965511280584E-12,0.8583399962561709,1.8500648351798234E-16,2.3891817617326667E-17,
2.1529593978220922E-12,0.4437369179654456,2.820891728190113E-12,0.5562630820295802,1.0576221591296138E-17,1.1251168683648136E-17,
4.8770431977049564E-14,0.17813402917404678,6.075349212288028E-14,0.8218659708258437,5.86452605983433E-17,2.768266862400046E-17,
1.0276160141256524E-11,0.1436325584635125,1.2594518661941189E-11,0.8563674415136128,1.77160323824885E-15,2.7019488252935185E-16,
2.384837916216918E-14,0.005802061778687596,5.6212131785913244E-14,0.9941979382212329,7.636268795497176E-18,9.604190827909218E-18,
1.8878094763595502E-10,0.18163716044811215,1.702998123690852E-10,0.818362839188625,2.658331618919666E-12,1.5225843516328408E-12,
1.373888212102172E-11,0.2948878227771784,6.241027743364966E-12,0.7051121772027845,3.760979883005752E-14,2.0778622520829575E-14,
3.1816795449314564E-10,0.09934563911895632,3.359388626078243E-10,0.9006543602243519,1.038349089420509E-12,1.5473393893423594E-12,
2.5825074658373004E-12,0.24173174319057983,3.1786973329956145E-12,0.7582682568036597,5.65828156017928E-16,2.536386009576052E-16,
9.234134729570343E-11,0.30169654069795265,1.8556084517768552E-10,0.6983034590228173,8.067234583371531E-13,5.23415734100591E-13,
9.946258276637008E-12,0.22721602257735857,8.268672533067984E-11,0.7727839773299819,2.0385849656748575E-14,6.863103050070697E-15,
2.4136739754346295E-11,0.0154197489152724,2.9954223475412543E-11,0.9845802510306262,4.632830950099644E-15,4.095731435551121E-15,
5.939564858436758E-13,0.2971551839795723,3.570430482395361E-13,0.7028448160194655,8.842806499077028E-15,3.0131877099108445E-15,
4.991837489292271E-14,0.00796892549965679,6.661358581925242E-14,0.9920310745002265,4.657529410532417E-18,2.7440683422002142E-17,
9.330027474309285E-12,0.16521345088957273,6.157580845497006E-12,0.8347865490949327,1.7653988571836335E-15,4.983059295687627E-15,
6.045195085030902E-13,0.0751078735274632,2.9046673241994333E-13,0.9248921264716397,3.072984969529795E-16,4.4270183699434666E-16,
2.0650004527698176E-11,0.17873562073421165,2.8577252159324324E-11,0.8212643792165636,6.382939335136463E-17,6.979283916180238E-17,
4.882864244710159E-13,0.21267271549394448,1.727499082743619E-12,0.7873272845038396,6.727907519014859E-18,1.4831962727697212E-17,
1.5635941552208656E-13,0.05747189925722773,1.2513704536296932E-13,0.9425281007424895,1.9668848768687567E-16,9.913085674650249E-17,
2.6560438373113742E-14,0.0016614462057694718,3.449128388639763E-13,0.9983385537938606,5.5209831571790755E-17,2.6737245232342525E-17,
1.8404078869916614E-12,0.007524576423656146,3.406168657026838E-12,0.9924754235710967,2.3277981359586604E-16,1.042547100396859E-15,
8.853927023113803E-17,0.2887258914035058,1.0693192687580893E-16,0.7112741085964934,1.9463166876657917E-20,4.0462126836184134E-20,
1.0467259007651488E-22,0.3787395655292248,9.755147378040336E-23,0.6212604344707761,2.523101649061859E-25,2.1802742142025167E-25,
4.997383902197561E-13,0.36306022775036745,2.249930395342003E-13,0.6369397722489037,1.5974278195146729E-15,2.353411561264686E-15,
6.04009696274899E-17,0.02357882067741247,1.261746199330068E-16,0.9764211793225873,7.896323582993345E-19,4.54498107566742E-19,
3.2830672383472874E-14,0.12857664265033816,4.1590026408997505E-14,0.8714233573495858,3.640691232933771E-16,7.079160831103599E-16,
3.513525949851214E-15,0.1543586841489651,7.30609145577303E-14,0.8456413158509618,6.915810121893196E-16,5.444831680493754E-16,
2.964868693061557E-15,0.07539252562599946,3.8162227323628915E-15,0.9246074743739937,4.632139660246158E-17,2.785196509321882E-17,
1.7205279260139926E-16,4.115781574546941E-4,8.221702877013579E-17,0.9995884218425468,4.915942270884629E-18,3.35318914203318E-17,
1.4050756788982872E-15,0.14984405655454278,2.0881376809868027E-15,0.8501559434454523,5.489707020337462E-17,2.036996001784955E-17,
2.433732713998541E-14,0.348041684033432,5.16593881176153E-14,0.6519583159664889,1.0942435780003926E-15,8.217730678585222E-16,
1.9085599748127212E-12,0.006645848494851637,1.937611128302837E-12,0.9933541515012765,1.5865103871803446E-14,8.998490845641618E-15,
1.24231491558857E-15,0.4153058076213581,7.253828124006357E-15,0.5846941923786361,3.524772580220246E-17,4.52821776872091E-17,
5.131725767490536E-13,1.5279127812942872E-4,4.706451068066918E-13,0.9998472087208745,6.819107931230789E-15,3.6077285761817375E-15,
1.6446404368655924E-14,0.006139829692302687,4.502691072683431E-15,0.9938601703076763,2.2251903885649012E-17,1.0216743761955602E-17,
1.4725444339429176E-13,0.15156239978434674,4.565840215414798E-13,0.8484376002150505,7.434778913733976E-17,3.2183871916700684E-17,
4.7604924972696156E-17,0.19777602723326432,1.3810661877788343E-16,0.8022239727667341,2.1899485645182794E-19,1.9746481154011738E-19,
2.3168540151260837E-17,0.045771797690112345,2.2280942968672656E-17,0.9542282023098881,1.6108428611996515E-19,1.6079297520128116E-18,
4.683793867493465E-15,0.21161419801028536,1.2575619489945871E-14,0.7883858019896964,1.0072982614413234E-17,1.5749461448508072E-17,
4.817380460483927E-19,0.16409259822215985,5.105178091382196E-19,0.8359074017778407,4.2148714311350095E-22,3.618240398010882E-22,
1.0142150227098445E-15,0.3865933657135461,7.664595545788512E-16,0.613406634286454,9.006382643882279E-19,7.489118311748778E-19,
2.4675109260373466E-17,0.043197013047383825,4.512468452424465E-17,0.9568029869526113,2.1339901736893015E-19,2.1792022043212205E-19,
7.737818468529231E-18,0.038340531273921334,1.822304860384682E-17,0.9616594687260762,9.757221162116312E-20,5.001185590453397E-20,
5.76489197272076E-18,0.5080389763725615,3.2188024596610735E-17,0.49196102362743566,1.742590049033809E-19,7.185165312221094E-20,
8.289188313305934E-19,0.22716023869332405,1.9606430664751676E-19,0.7728397613066809,1.2400885939264383E-20,9.779087926664818E-21,
2.1106189708331857E-16,0.16866995805668616,1.7459098868370708E-16,0.8313300419433155,1.530661508460195E-19,9.56253664761708E-20,
9.70933983197333E-13,0.0029890330133643377,6.944013452980801E-13,0.9970109669849656,8.729510071302898E-16,1.1233633304608103E-15,
1.4591726484328167E-13,0.0024545241790276734,2.2123788617993558E-14,0.9975454758208058,2.8185186526739224E-18,2.431348170932959E-18,
1.7084677624074194E-13,0.01856547010809513,7.916429296030513E-14,0.9814345298916552,4.039453709292703E-18,6.157948947591081E-19,
1.5894075276963844E-13,0.012490488883599892,5.03874142331073E-13,0.9875095111157369,1.730361606117728E-18,5.094506917047597E-18,
3.923074240956192E-17,0.07536708939171698,5.159756751192924E-17,0.9246329106082837,1.408159958974468E-19,1.0758864417230542E-19,
5.683320706027045E-11,0.2513391619659421,5.351443296314421E-11,0.7486608379236069,5.3286929173392697E-14,5.098298426079072E-14,
1.7284279710918456E-12,0.007133672316250351,4.127801848893798E-12,0.9928663276778922,3.8114358214289923E-17,2.2726738793108663E-17,
1.8727040817199793E-13,0.054879294858117544,2.986837628904112E-13,0.9451207051413947,1.6665512346783507E-16,1.4010086219268907E-16,
1.680709640752473E-13,0.30735270680363513,2.8510391840739385E-13,0.6926472931959131,8.646291637069564E-17,1.7815723262256687E-16,
3.6209416851320004E-14,0.25990948802356345,1.249704886477562E-13,0.7400905119762773,1.412023723262642E-16,2.0743538703770228E-16,
2.7120800320185E-14,0.022141459675154258,1.7897539918060806E-14,0.977858540324798,6.718240515561846E-17,5.742013625545447E-17,
2.8248812235689398E-18,0.12153013944011422,1.4261488295269377E-17,0.8784698605598831,4.0845848176745935E-21,2.9530100675865806E-21,
1.9959696009841033E-13,0.001126150347867254,3.379586686119852E-13,0.9988738496515952,4.0915638660741497E-16,5.653076822333519E-16,
8.544706734736295E-15,0.37563486558482184,1.4382920779742366E-14,0.6243651344151571,3.265114851480869E-17,3.366265686840126E-17,
1.782516940020054E-18,0.0032753817849586813,5.790893222334532E-19,0.9967246182150444,2.0958502333727947E-22,2.0725525818141134E-22,
1.6898604522642917E-17,0.1020498590975971,2.2560941494052582E-17,0.8979501409024049,8.79312564549189E-21,4.0309338574477135E-21,
4.1746765448180693E-19,0.20169961220844396,5.27945683893327E-19,0.7983003877915535,2.0340212411449233E-21,2.564344769326446E-21,
2.127983292709824E-17,9.483301818953631E-5,2.775555036443348E-17,0.999905166981817,1.662985551077195E-25,1.8420029532221876E-25,
4.438812445019043E-16,0.03305209082032307,6.423675890548919E-16,0.9669479091796709,7.585216815592826E-20,3.2236100661017515E-19,
1.49719198185719E-18,0.016304751969750543,6.968486053722187E-19,0.9836952480302484,7.168830563396866E-21,3.9869034352485596E-21,
7.42711705127413E-20,0.10016481149438758,4.5947864880620134E-20,0.8998351885056101,2.0570057770694387E-22,3.117384292922719E-23,
3.7461605091688764E-16,0.1243642877709097,3.2324051159296E-16,0.8756357122290858,3.4206528154383203E-18,9.432087852117607E-19,
3.564909346396715E-18,0.13553352185760945,1.911926309357268E-18,0.8644664781423916,1.019673425484992E-20,2.6302078747903843E-21,
3.860304240469569E-17,0.04048492829066854,6.343626119931812E-17,0.9595150717093329,3.2356064941935463E-20,2.3529952719913392E-20,
6.127625335019555E-17,0.06721447123731315,6.497387632070945E-17,0.9327855287626889,1.0007919931864013E-19,8.33598649934423E-20,
1.3226407682533085E-17,0.07322540423742069,2.939235524647226E-18,0.9267745957625809,2.5727381909671472E-20,3.0326264820703233E-20,
1.1648983300702113E-18,0.09233743082277829,1.6233689830084882E-18,0.9076625691772198,3.314503703948984E-22,6.117156499973708E-22,
3.1747393168904494E-22,0.015089333125462342,2.13366360408657E-22,0.984910666874535,1.269596147810503E-26,6.233251061663162E-27,
2.9484983262958384E-25,0.08721087719058515,4.404532568486843E-25,0.9127891228094136,1.3531582532633903E-26,2.9376237917884493E-27,
2.083102943155714E-20,0.010749432729481435,7.093083607997817E-20,0.9892505672705213,7.729601826767357E-25,2.635672746995563E-24,
2.41769404571655E-19,0.003980652270295189,3.418190657885106E-19,0.9960193477297087,4.2509029766068095E-22,1.0210363388747376E-22,
9.372038719387365E-17,0.2591654032400938,1.611720941428062E-16,0.7408345967599091,1.0604210094805621E-19,3.8047585698884976E-20,
8.261019026349005E-15,0.18707555447175428,1.0716669685177875E-14,0.8129244455282301,1.9735013650506184E-18,1.0986227127545078E-18,
5.744866698651803E-16,3.0919452874400344E-4,3.191283033493223E-16,0.9996908054712558,5.089803992784796E-21,9.291372708952356E-22,
3.916660601730979E-17,0.3546815469854909,7.777046261314015E-17,0.645318453014506,3.325164680129112E-18,2.043281208566583E-18,
2.7745735750641607E-19,0.07814207865750715,3.0764698816235607E-19,0.9218579213424959,3.592723202058588E-21,2.8704578298409883E-21,
3.3991681276740577E-17,0.031476392634065826,2.2598211469363915E-17,0.9685236073659372,2.777917478221895E-19,4.9416653236915515E-19,
8.861195057505292E-17,0.0078047214756084985,1.6779005918234119E-16,0.9921952785243869,6.914109760179943E-19,9.723965750494787E-19,
2.869350737117712E-19,0.006344602830503271,5.228249954769042E-19,0.9936553971694948,7.79028363826815E-21,4.116769204710234E-21,
1.2375449593793721E-17,0.23324292071016883,1.5209221565700914E-17,0.7667570792898294,8.338543986300358E-20,9.141200220062256E-20,
7.62832116827615E-20,0.17834205856011806,1.4059169381353765E-19,0.821657941439877,3.69796319941253E-21,1.3987496341588222E-21,
1.692249034293763E-25,0.009712079749226022,3.5232242568773185E-25,0.9902879202507759,9.548532396430691E-28,8.949090122931208E-28,
8.662940698793082E-19,0.08018102520194216,1.3681671993421674E-18,0.919818974798055,2.188273628801321E-20,1.7152545089296687E-20,
1.2640107200075607E-23,0.011009984280291827,1.495265219441708E-23,0.9889900157197035,2.4914771173535134E-25,3.142517464107898E-25,
5.294433318385987E-19,0.010503188299516235,1.8566442796429211E-19,0.9894968117004812,2.1893147282794706E-20,1.2899772651839506E-20,
2.5068080487869767E-23,0.0365404341194209,1.2682560569017773E-23,0.9634595658805798,1.0409640440786316E-24,1.4170761002081123E-24,
1.0772093746906478E-20,0.026576009252663412,1.1944004440611628E-20,0.9734239907473332,1.1310886317578775E-21,2.1223369455315026E-22,
1.3834687892298562E-22,0.1811019079595905,1.572531756542063E-22,0.8188980920404113,1.1507304462957557E-23,3.388077521881151E-24,
4.39403705283097E-21,0.1709266122971863,1.407446240935737E-20,0.82907338770282,1.0154149659078896E-22,1.0737275918493163E-22,
3.2403333730793395E-18,0.16774157488766323,1.675228925324525E-17,0.8322584251123374,2.8139907824106737E-19,5.190640733684353E-19,
7.64246754633182E-15,0.1656691312915986,7.690158129822664E-15,0.8343308687083844,3.217168045316558E-16,9.977925105000356E-17,
4.5693571106200125E-18,0.22916526193960945,1.573402476387467E-17,0.7708347380603925,5.00881053529722E-19,3.481210727582602E-19,
2.0774126874469894E-14,0.08315078139488999,1.024651072612341E-13,0.916849218604986,1.9022225560831466E-15,6.611479981376778E-16,
8.395680697143194E-16,0.0483617821554813,3.3060293273241016E-16,0.9516382178445147,4.1117916535199794E-17,1.6683393586302022E-17,
6.867229158789128E-14,0.008437690997658408,2.2336029139616996E-13,0.9915623090020441,2.0332848090659553E-15,1.1525907636880566E-15,
1.1251445135634256E-14,0.05105031782518971,1.278010430873696E-14,0.9489496821747871,2.892678773513372E-16,5.018561787450836E-17,
7.480051309256706E-16,0.08485414667512506,9.267111294677329E-16,0.9151458533248745,1.861191291048828E-17,1.2040911614236472E-17,
4.1703197796025555E-16,0.12791793979846902,9.089291551132255E-16,0.8720820602015301,1.4158501157586748E-17,6.930487968844879E-18,
1.8601091427738275E-16,0.19138578385798272,7.144443051474686E-16,0.8086142161420208,1.8369042640351575E-17,7.631196229847965E-18,
3.252688295661594E-17,0.06707444220203043,5.99812972276665E-17,0.9329255577979728,1.958936406907436E-18,6.065597742651303E-19,
8.126352812189505E-17,0.012753264975717342,1.2837576091594576E-16,0.9872467350242843,1.7520275886624614E-19,8.755668429139857E-20,
1.749214902940519E-19,0.021881141453363395,3.7432120501427303E-19,0.9781188585466374,8.12145673713539E-21,2.997583169107535E-21,
3.356210765933025E-17,0.6270889188718786,8.204912124859597E-17,0.37291108112811744,1.1472057592885144E-17,6.065596696231128E-19,
4.828847092586657E-16,0.01634435665790374,5.294202640377439E-16,0.983655643342096,9.711217394699181E-17,7.391442746899392E-18,
2.05388670910147E-17,0.17023677803669005,5.3130030102839685E-18,0.8297632219633068,7.098665821805264E-18,6.556225554019621E-20,
1.1700406639222707E-17,4.242920160186625E-4,1.8475933307377507E-17,0.9995757079839783,1.471296842959274E-20,5.0418577977937723E-20,
3.6363352362662566E-20,0.10717416743634359,5.1678160181526366E-20,0.8928258325636576,3.843309839234637E-20,6.279205342413691E-22,
1.3298058353359039E-18,0.19256682682669507,4.9192322190227804E-18,0.8074331731733047,4.620607084031927E-18,3.5166606592840215E-20,
1.063885864982321E-22,0.15385201677933594,1.3547219258916816E-22,0.8461479832206614,3.039658575754982E-22,1.2034447111631371E-24,
1.2695370846256563E-20,0.1093813890431227,2.024213220156815E-20,0.8906186109568732,4.692781286806249E-20,2.6451240755968205E-22,
5.1616339301384964E-20,0.009586046755757823,8.00270775616867E-20,0.9904139532442428,5.581820587454675E-20,3.142102021461452E-22,
2.833281039449506E-22,0.20523523589051437,3.1063915291965048E-22,0.7947647641094826,5.824785100712087E-23,1.6522849113589441E-24,
7.487694806344613E-19,0.1425031181132847,1.167951044940023E-18,0.8574968818867199,1.9198126076313904E-18,8.48628652509581E-21,
1.7268984467107022E-19,0.015232089529168222,1.2181244306327573E-19,0.9847679104708297,2.9060292614340995E-19,6.481329986283582E-22,
2.9070596533502255E-24,0.17658488872965092,2.3610843194337523E-24,0.8234151112703482,5.490853688150962E-23,6.931155633773394E-26,
2.6015674843803474E-18,0.14618006338056422,3.0404323950487468E-18,0.853819936619437,3.952205450563007E-17,2.5364035116060136E-20,
3.1173485577821527E-20,0.002194565509632788,9.96666469084832E-20,0.9978054344903682,5.657003413215289E-19,7.259181578144363E-23,
3.586210941344464E-21,0.02469703054681507,2.1112341538708032E-20,0.97530296945318,2.263014422614031E-19,1.9583012851647048E-22,
2.9014878723806787E-22,0.08498345814050864,2.2226262489649893E-22,0.91501654185949,4.372679768319651E-21,2.754436032824442E-24,
6.5321778611134035E-25,0.21619935134581214,4.439705510948531E-25,0.7838006486541872,9.968762858686669E-24,2.6322287267131956E-26,
2.321730192127273E-19,0.06734685685792957,6.698847518678757E-19,0.9326531431420679,1.703392003095565E-17,3.359420704627924E-21,
3.347861095997978E-22,0.17168851675189437,7.047168222351573E-22,0.8283114832481008,1.8458623640143325E-20,2.3885439380808805E-24,
3.1280243142167586E-21,0.01124655005512249,5.276544046501401E-21,0.988753449944875,7.070753599327777E-19,6.768420293668867E-23,
1.4008743288323105E-23,1.4880486531230176E-4,1.923663699062545E-23,0.9998511951346869,2.4557860326941487E-22,4.401290411318758E-26,
1.042455487944768E-22,0.06863763857237686,1.140672151050679E-22,0.9313623614276211,2.95491291966635E-20,1.728414517426759E-25,
1.2292311640685095E-16,0.002177763399759321,5.326887380969374E-16,0.9978222366002298,1.0854900189511427E-14,2.283370898261146E-19,
7.29261018908947E-15,0.013650660307764509,1.0875547815583185E-14,0.9863493396891745,3.0394772824571975E-12,1.7473288030077544E-16,
1.0674707716479203E-16,0.32544869039637003,2.685734634874602E-16,0.6745513096035263,1.0418745184601951E-13,3.676941398989398E-18,
1.7893991006514916E-17,0.15005367925832755,2.114928628491535E-17,0.8499463207416648,5.326328437398792E-15,7.076023853451328E-20,
4.2352801026643497E-16,0.03922194405544966,1.6370423466569304E-15,0.96077805594297,1.5783115942813703E-12,5.936337650785081E-18,
2.3718316510729323E-18,7.090090165878148E-4,4.370822296814632E-17,0.9992909909834018,9.273750624480308E-15,1.3078520167235755E-19,
6.748255513037006E-13,0.042634094066420575,1.1038184060101008E-12,0.9573659057751976,1.5660059822625404E-10,3.1992869704541272E-15,
2.1523300722814173E-13,0.0031127383319064176,5.383989101345214E-13,0.9968872615094881,1.5784961644726166E-10,1.0513923325347963E-15,
6.742701101171713E-13,0.17886682403880372,6.812992715622989E-13,0.8211331748461788,1.113659909947263E-9,1.847920118908877E-15,
4.023445425952748E-13,0.12839276040390474,5.37673609325169E-13,0.8716072394564391,1.3871620717850387E-10,1.223473919318192E-15,
2.414867882701815E-12,4.6307142378748336E-4,3.6340313347125136E-12,0.9995369261776841,2.3924680818071963E-9,1.1645473836835071E-14,
2.2545717318590237E-24,0.10465640480192859,3.1086800389247326E-24,0.8953435951980709,1.1744717179373527E-20,2.3927966093737317E-26,
8.557569069131284E-15,0.15552441032070632,4.5139562678261766E-15,0.8444755896396365,3.9645216755854384E-11,2.786204200068766E-17,
2.6792341096697903E-12,0.2377916777570049,1.7066704828023265E-12,0.7622082761821255,4.605645021574201E-8,3.262266400229896E-14,
2.6913679778713805E-13,0.022489905233727188,7.298273065589178E-13,0.9775100714220442,2.3343221599535486E-8,7.86226846505549E-15,
2.4282474714062554E-14,0.16122769265311038,1.6004259037975838E-14,0.8387723064356342,9.112165795851342E-10,2.6017573534826E-16,
2.3989677537986744E-12,0.10065230723658626,1.8707366215535946E-12,0.8993476589130485,3.3846091041242626E-8,3.3971306941351315E-15,
6.598216873838338E-15,0.1092992862152987,7.405577893003253E-15,0.8907007137598106,2.4876609019960317E-11,1.765817768865884E-18,
1.4949160186824327E-15,0.15063196521460517,1.9392481964858247E-15,0.8493680346552044,1.3018383102902239E-10,4.204545030574746E-18,
8.377490832020332E-19,0.0026048074954033956,2.3495024032686647E-17,0.9973951925040702,5.219709685542565E-13,3.334675391078752E-20,
2.5491908145549436E-18,0.013041125994367311,1.7320613858679818E-17,0.9869588740015864,4.0520589184652475E-12,1.2743419723315653E-19,
4.219432297225676E-19,0.017923450775923198,2.8013515429688303E-19,0.982076549224017,5.914918843386427E-14,1.7716472995524033E-21,
1.1382995076944148E-22,0.031256739312267065,1.6381305294033998E-22,0.9687432606877356,1.513944337862456E-17,4.0647987271636906E-25,
2.39457563039975E-17,4.8728238850625843E-4,2.4453926298285004E-16,0.9995127175985495,1.2950064412873373E-11,1.29761979611876E-18,
2.3082697753268744E-15,0.0839319192108312,3.531881104384694E-15,0.9160680766000169,4.189149954821944E-9,4.39751594403458E-17,
1.3428308062964484E-19,0.09226665324157286,1.788130289207757E-19,0.907733346758122,3.0460692043004087E-13,3.3849254194727627E-21,
6.823129485885091E-20,0.04613422854600138,6.114545958985855E-20,0.9538657714539173,8.033629726142303E-14,3.952683967683577E-22,
3.1338033015327205E-21,0.0698379560761919,2.7168026245934976E-21,0.9301620439238055,1.735128774009485E-15,2.3697165735891902E-23,
2.3349905753600087E-22,0.07060213186366412,5.67097718955215E-22,0.9293978681363331,9.941798345604358E-16,1.2651920106487874E-23,
2.9388132703783534E-23,0.007604419716235416,4.125177543449741E-21,0.9923955802837652,1.685625963753207E-15,5.423338911182051E-24,
3.700645622020368E-17,0.005853610741520973,6.085156434995001E-17,0.9941463892322501,2.623023692411328E-11,2.1938575095248434E-19,
7.609681318288701E-17,0.1725107374483764,8.210178745522507E-17,0.8274892624144221,1.3720704304408918E-10,2.0708840343090566E-19,
2.1149912983803687E-21,0.1262126604434975,1.9571334783912404E-21,0.8737873395564982,4.630438510206246E-15,1.3361448606861565E-23,
8.639830821203881E-17,0.011375672810292196,2.3211354103876755E-16,0.9886243270714765,1.1822880553859763E-10,3.5877431049496623E-19,
1.486363087136872E-16,0.005057017337830165,2.221557640677198E-16,0.9949429814210871,1.2410864694983874E-9,4.964916072376551E-19,
1.3234382055681423E-15,0.13727180768544273,2.229159243178896E-15,0.8627281619031714,3.041137941190784E-8,1.4453391654451795E-17,
5.744209475941086E-18,0.08029135528698851,1.0912909731483627E-17,0.9197086445289855,1.840244937887229E-10,7.811177341619215E-20,
8.52669801970192E-19,0.0014904556948752117,1.0016242865190927E-18,0.998509544302042,3.0847780352995358E-12,1.3739898319359206E-22,
1.1694531998272568E-19,0.12564286577264766,1.152714194302341E-19,0.8743571342230751,4.278840251765943E-12,3.2030565705900454E-21,
4.0658792474306053E-20,0.03162125421697034,8.300251149811566E-20,0.9683787457825317,5.003858982900947E-13,1.2576742776683633E-22,
1.0151956313589447E-16,0.015460690923313328,6.993902658499232E-17,0.9845300105112825,9.298565408724795E-6,2.679889576411433E-20,
6.358893856780862E-16,0.0457757025784941,6.861572650447831E-16,0.9542241866219723,1.1079952971458791E-7,9.30723708311888E-18,
4.545643110585183E-16,0.006822654171349536,8.308509298448614E-16,0.993177321484357,2.434429169423732E-8,1.3273402214966384E-18,
1.5157375944742993E-20,0.06751446156253489,4.0044508283498484E-20,0.9324855384356237,1.8422478954775513E-12,2.384307034460112E-23,
7.647001645757033E-20,0.04907469568714384,4.7000637558625356E-20,0.9509253043112192,1.6372183310879895E-12,2.0810792059413723E-23,
9.147831803642053E-19,0.04104836347868207,8.200814248336015E-18,0.9589477448629505,3.891658371634557E-6,7.48594581172774E-21,
1.4122586748511154E-18,0.10603713650495457,6.78716964858634E-18,0.893962862886553,6.084967022754953E-10,9.417070961995363E-21,
2.6256769206125437E-15,0.019214509912628148,2.8597770657046565E-15,0.9807832423587404,2.2477286242664886E-6,1.3387328705500155E-17,
2.6748186915804296E-21,0.0026100848024721026,1.0065494048434753E-20,0.9973899151961002,1.4275899440066614E-12,9.777495184249175E-24,
9.186878188575158E-17,4.3274112771031807E-4,3.54391453626648E-15,0.9995669685151659,2.903571226194443E-7,4.191450851069585E-18,
1.8642100976354387E-16,0.004856810693800155,3.964740739266316E-16,0.9951430969012517,9.240494971928777E-8,6.028070623941488E-19,
4.491619683537893E-16,0.002484194844631707,9.281805472432823E-16,0.9975157577418375,4.7413530103893375E-8,2.188047540765867E-19,
1.0247551924873432E-16,8.156549910879724E-6,1.1121757071732838E-16,0.9999918426812663,7.688263772458256E-10,4.797596428044855E-23,
5.058317648344207E-16,0.07102265112536334,7.859735556642505E-16,0.9289771372142134,2.1166042343043012E-7,1.07948594114443E-18,
3.6458777281414184E-20,0.004550425230850456,3.423821709451271E-20,0.9954495747145123,5.463643713360544E-11,1.0097869694201604E-22,
6.377488918433522E-16,0.20789334522973246,3.709877060839127E-15,0.7921030121728381,3.642597425951744E-6,7.301318331678033E-18,
1.2699623316042922E-17,0.08765532223769773,1.6622361264790913E-17,0.9123446764346497,1.3276552653540216E-9,5.195847325533345E-21,
1.1645177108866488E-17,0.30685114675093783,9.414776841963474E-18,0.693148829355573,2.3893489344846358E-8,3.848983553608655E-20,
1.3480012561558384E-19,0.02647831501090956,9.483019153034741E-20,0.9735216849161232,7.296291810707532E-11,2.3129979380034386E-22,
3.5819351798629595E-22,0.021675477522947243,7.383453708590026E-21,0.978324522458528,1.852548844246951E-11,1.4219778421783787E-23,
6.009763216690363E-19,0.24861525147277477,1.3773759012693444E-19,0.7513847463945362,2.1326934386358477E-9,2.7141817543371953E-21,
4.395753098772034E-18,0.2975966132250125,3.70520972250742E-18,0.7024033535789678,3.319602240365242E-8,1.7728923369827397E-20,
9.782298956856062E-19,0.003607543012189772,1.2401062988037074E-18,0.9963924547304781,2.2573330641738587E-9,4.05284030164182E-21,
1.4415594843520107E-20,0.04648948199607166,1.9596297116856498E-20,0.9535105178951945,1.0873015082949184E-10,1.9777373098546183E-23,
4.695944983785037E-22,0.053887695877406286,4.604636901581481E-22,0.946112304120406,2.185514128397876E-12,5.8964566684214875E-24,
1.6930998283171945E-23,0.06068201411585171,3.5727887381064496E-23,0.9393179858839127,2.328911448337804E-13,4.199686707957547E-25,
9.130008394531041E-17,0.13139917769342904,1.8197420213321435E-16,0.8686001340161512,6.882904187050808E-7,3.147338121438058E-19,
6.0421487585514444E-21,0.1291126975621351,1.3059664030001484E-20,0.8684797723534899,0.0024075300843735548,5.608380449017425E-25,
3.1672838651892708E-15,0.4245825251331946,3.1658536903927144E-15,0.5754018015459791,1.5673320821252835E-5,2.483783666658591E-17,
3.790085223909423E-21,0.05171708502704328,9.900541285062685E-21,0.9482774990096672,5.415963292356813E-6,6.223168523608731E-24,
1.2089795937618298E-20,0.3079086947420004,1.4868779016030504E-20,0.6920787258050468,1.2579452950261253E-5,3.040352929679486E-23,
4.1230713669770456E-16,0.25147068969860636,4.3481955025088465E-16,0.7485258276054673,3.4826959263227754E-6,1.5019351893336012E-18,
2.952973928905843E-17,0.009771639047322582,9.218649877937728E-17,0.9902277337250683,6.272276053527282E-7,2.3865056898591373E-19,
3.5220418147575443E-17,0.12320374854785968,5.5488725577567425E-17,0.8767944860635187,1.7653886233725276E-6,4.257195281383852E-19,
8.92519914072576E-22,0.07571185928902707,7.522920198006609E-22,0.924288140693252,1.77248784255202E-11,3.849781620399824E-24,
7.682772684494433E-20,0.19391282412376787,5.369891772256953E-20,0.8060871754285307,4.4770128549970224E-10,3.757939939543501E-23,
2.442822256474863E-22,0.18845692576060213,4.311312824765622E-22,0.8115425940423285,4.801970725202778E-7,2.768983379821353E-25,
1.1910872302117517E-17,0.13772565210733315,6.018020728061736E-17,0.8622714439032307,2.9039894407054746E-6,5.883063594265325E-19,
2.0518531583405446E-18,0.05406443086207214,1.1313796245997484E-18,0.9459354514266557,1.1771127238384592E-7,1.8069342032573458E-20,
2.166573348213178E-20,0.1181944526168304,6.562449894472237E-20,0.8818055448998615,2.4833076449269557E-9,2.3815228529552806E-22,
3.487971059797244E-20,0.08341587515992903,1.9357036647426053E-20,0.91658412414235,6.977208345554378E-10,9.690045701379652E-23,
3.497774790357608E-21,0.3043975470412631,2.75962441107882E-21,0.695602452621255,3.374840869471402E-10,2.165292435424629E-22,
2.7629837473366956E-25,0.020565634270584613,2.9674047888712645E-25,0.9794343657293824,3.14427383513255E-14,4.742062732927663E-27,
4.5923258530147555E-24,0.03425604552789594,1.3873811743741896E-23,0.9657439544715705,5.336237528687171E-13,1.140778323268016E-25,
1.3367889724670038E-20,0.0014170450419032055,3.55863944174921E-20,0.9985829531102822,1.8478174643289933E-9,3.4701279140882173E-23,
5.926279104246548E-24,0.028849854680988045,2.3946959120732263E-23,0.9711501453116148,7.397939405682564E-12,5.316169830019287E-26,
5.929856880898267E-21,0.013636821650935962,1.1162075834792926E-21,0.9863631776743532,6.747153901256603E-10,2.5759542552065567E-23,
1.9189904995054127E-18,0.012511883964668713,2.186158977805103E-18,0.9874877947472769,3.2128804820276963E-7,2.2202135769498596E-21,
2.062459947614519E-23,0.006908465159668988,1.7290530022722984E-23,0.9930915348368455,3.487797405421105E-12,8.472329098703915E-27,
1.484341461036059E-24,0.054514535535038475,2.847079087382664E-24,0.9454854644642616,6.98768646888838E-13,5.828532785954461E-27,
6.313123899762294E-19,0.11170690249616522,7.446623800707516E-19,0.8882928981295745,1.993742573027747E-7,2.8614544948172928E-21,
4.349401243236694E-18,0.0014073976833668348,1.0118175215474289E-16,0.9985867751861537,5.827130480959304E-6,1.1025378564102139E-19,
3.99680476689235E-20,0.18882406626342935,1.087864975766306E-19,0.8111759231070734,1.0629496989451803E-8,4.336262617723319E-23,
1.9119683594125225E-19,0.01222238329643189,1.5048307321425436E-19,0.9877776140067368,2.696831559211847E-9,6.840011053403774E-24,
1.812362587496816E-22,0.2818151888025267,4.400571138627312E-22,0.7181848109801187,2.1735222513863942E-10,1.2709649733942284E-24,
8.435290250533298E-24,0.004538865704205631,4.2535294136597866E-24,0.9873558515717318,0.008105282724057493,2.6482788222219187E-29,
6.435641470654924E-19,0.21167012979810534,9.413528231125807E-19,0.7883292663197786,6.038821122705705E-7,5.317544753720855E-22,
4.284859111962946E-23,0.07378144833471348,9.18781678350514E-23,0.9262009950381404,1.7556627146871482E-5,5.97669479790055E-27,
6.97146692057287E-23,0.3159390052137822,1.331767561891317E-22,0.6839772039959143,8.37907903049855E-5,1.3926987642931545E-25,
1.0427605526364918E-15,0.13115574937855495,3.871439940298322E-16,0.7937974087117675,0.0750468419096816,3.3205055102756262E-21,
4.668989633439469E-24,0.0014548276657618986,4.80388314435472E-24,0.9985450752551811,9.707905773649171E-8,1.3071869202519667E-28,
3.2286897916326016E-26,0.1820350833403343,4.654130742655246E-26,0.8176944424966115,2.7047416305813767E-4,5.648620613937555E-32,
1.4501030706084573E-23,0.0020122060522330953,3.314644459461716E-23,0.9913618160824831,0.006625977865280337,3.642899079642459E-29,
2.182112945543512E-21,0.28200125113299535,9.014690899932662E-21,0.717998733076026,1.5790977347338726E-8,9.09229901629148E-23,
3.463085562848391E-18,0.0027671019786217337,4.848843562669404E-18,0.9972295938919779,3.3041293988666947E-6,3.441269825756123E-21,
1.5057904397460292E-21,0.07783214119020462,3.001780229796742E-21,0.9221678570600268,1.7497646969764497E-9,1.9622003778683846E-24,
1.48338819966843E-19,0.008020645300623946,2.1770005401458616E-19,0.9919792628773948,9.18219789165638E-8,2.139101174809021E-22,
1.2980895717992791E-24,0.041202761843638976,6.46803309731716E-25,0.9587963029305578,9.352258055380392E-7,4.869176699989254E-29,
9.446917863057377E-25,0.11775681886019737,5.555667348633304E-25,0.8822418338288731,1.3473109345875519E-6,9.964262284499633E-29,
2.363409968837609E-21,0.13830985759240835,1.4456475605056665E-21,0.861690134744736,7.662851785134983E-9,6.4657417062335674E-24,
5.025179153554077E-25,0.09974277672752871,5.255860348490697E-25,0.9002554652479322,1.7580245435873385E-6,1.272684396897585E-28,
5.601699076764002E-21,0.16228974352800812,1.4134132944467236E-20,0.8377102243336556,3.213833650073212E-8,1.886165766080232E-23,
2.605516752333828E-24,0.06605454879729082,7.657612988732041E-25,0.9339454511881413,1.4562520818696686E-11,4.783893740758897E-27,
1.524517943104116E-25,0.17082388943255022,1.4164119155940858E-25,0.8291750320836284,1.0784838188596814E-6,5.537736807530731E-29,
2.819204448740368E-23,0.021126309460533,2.81225036367157E-23,0.9788736904755316,6.393295466758082E-11,1.622164433826972E-26,
1.9868110119578436E-24,0.07027500531575918,6.0811169230127856E-24,0.9297249946332373,5.100653132996977E-11,2.6570967654144127E-26,
6.881194056970064E-22,0.012952118482772262,8.416165794901074E-22,0.9870478717775254,9.739703869373595E-9,1.7499764086587943E-24,
1.9879053788841822E-23,0.0016407466804342899,2.529622998635557E-23,0.9983592531275812,1.9198174526114993E-10,3.403872710788812E-26,
7.617148285270585E-25,0.2160726049707718,7.843200152652225E-25,0.7839273950167687,1.2458713957537374E-11,6.573010302333937E-28,
6.566952633620652E-23,0.17974241435270194,2.0419885936688735E-22,0.8202575845661719,1.081130482036221E-9,1.6853446148129134E-26,
6.6431532098701055E-25,0.0104525899264249,1.3168854439735936E-24,0.9895474100291825,4.4391831494499496E-11,2.6761847363770533E-27,
1.9808591433681E-26,0.057302653384072325,7.38832066832182E-26,0.9426973466097396,6.188634791751831E-12,1.8191442110125566E-28,
6.687674336469153E-24,0.18058777088236286,3.839120751943971E-24,0.8194122284746145,6.430260741961029E-10,1.398692556221901E-26,
2.3379319639218036E-27,0.30842711456079436,3.307375338076278E-27,0.6915728854390174,1.8426957222146444E-13,2.809463141711048E-30,
4.0449167191972834E-25,0.20088429688771509,6.368331295215067E-25,0.7991157030529358,5.934645820633288E-11,5.0883026721939505E-28,
1.6309326117922785E-23,0.2759608849963472,1.6766077564164222E-23,0.7240391119327765,3.070874843944338E-9,4.4939034428135075E-26,
2.4549392427704382E-25,0.009525499376959562,4.843142109060596E-25,0.9904745005878739,3.517228975946377E-11,4.495190856073212E-28,
1.305696500077E-25,0.08401046821000993,1.654651452446086E-25,0.9159895317791404,1.0844214556733009E-11,1.23887210453216E-28,
4.780674871313316E-29,0.06994505702664602,1.6918853992705996E-28,0.9300549429733398,1.7534216419970314E-14,2.650704278855559E-31,
1.8757220496783926E-27,0.0743962268646569,2.954537718427709E-27,0.9256037731348177,5.254895757445651E-13,2.806677653852545E-30,
3.220765061025191E-31,0.055109280588358615,6.25363379086729E-31,0.9448907194116286,1.8240801416496973E-16,5.882381548354981E-34,
