
0.14285714285714288,0.14285714285714288,0.14285714285714288,0.14285714285714288,0.14285714285714288,0.14285714285714288,0.14285714285714288,
0.14285714285714288,0.14285714285714288,0.14285714285714288,0.14285714285714288,0.14285714285714288,0.14285714285714288,0.14285714285714288,
0.14285714285714288,0.14285714285714288,0.14285714285714288,0.14285714285714288,0.14285714285714288,0.14285714285714288,0.14285714285714288,
0.14285714285714288,0.14285714285714288,0.14285714285714288,0.14285714285714288,0.14285714285714288,0.14285714285714288,0.14285714285714288,
0.12321487987832525,0.11303193346948355,0.1498089080014886,0.17762214334059598,0.14544071177003556,0.14544071177003556,0.14544071177003556,
0.12103116670879968,0.10994903440824058,0.15044803330489062,0.18185461006065373,0.14557238517247184,0.14557238517247184,0.14557238517247184,
0.11919399868829626,0.10738917570746231,0.1509638262761049,0.18547888382711072,0.14565803850034192,0.14565803850034192,0.14565803850034192,
0.11760976036699895,0.10520620318462527,0.15139227396679594,0.18865205467791388,0.1457132359345553,0.1457132359345553,0.1457132359345553,
0.11621817710272053,0.10330717143096267,0.1517559582166547,0.19147678783495034,0.1457473018049039,0.1457473018049039,0.1457473018049039,
0.11497816874876773,0.10162940431477006,0.15206991976524065,0.19402397325813306,0.14576617797102953,0.14576617797102953,0.14576617797102953,
0.11386048730801893,0.10012869321489455,0.15234464589296817,0.19634467109550674,0.14577383416287046,0.14577383416287046,0.14577383416287046,
0.11284357530173074,0.09877272414985892,0.15258771936426452,0.19847691053487437,0.1457730235497572,0.1457730235497572,0.1457730235497572,
0.11191108997632257,0.09753718324721747,0.15280478720073912,0.2004497967779539,0.1457657142659224,0.1457657142659224,0.1457657142659224,
0.11105034917972349,0.09640333135676399,0.1530001591891046,0.20228611365433025,0.14575334887335925,0.14575334887335925,0.14575334887335925,
0.11025131574676267,0.09535643042566022,0.15317719325894377,0.20400403923653784,0.1457370071106985,0.1457370071106985,0.1457370071106985,
0.10950591103403884,0.09438468684098818,0.1533385523844996,0.20561831475686135,0.14571751166120406,0.14571751166120406,0.14571751166120406,
0.10880753742244127,0.09347852087160823,0.15348638097199038,0.20714106375426347,0.14569549899323228,0.14569549899323228,0.14569549899323228,
0.10815073785937601,0.09263004869571911,0.15362242908659354,0.20858238019374523,0.14567146805485529,0.14567146805485529,0.14567146805485529,
0.10753094782581035,0.09183270701475647,0.1537481419041965,0.2099507597238034,0.14564581451047778,0.14564581451047778,0.14564581451047778,
0.10694431118355831,0.0910809757105177,0.1538647253899089,0.21125342183253065,0.14561885529449478,0.14561885529449478,0.14561885529449478,
0.10638754113735804,0.09037016941061765,0.15397319536140644,0.21249655449303487,0.14559084653252755,0.14559084653252755,0.14559084653252755,
0.10585781367564703,0.08969627843684884,0.15407441470964997,0.2136855026934746,0.14556199682812665,0.14556199682812665,0.14556199682812665,
0.10535268479759438,0.08905584576487369,0.1541691220291072,0.2148249156503187,0.14553247725270202,0.14553247725270202,0.14553247725270202,
0.10487002543126415,0.08844587065876752,0.1542579539172644,0.21591886313562172,0.14550242895236074,0.14550242895236074,0.14550242895236074,
0.10440796969462841,0.08786373234644285,0.15434146254155864,0.21697092839656681,0.14547196900693457,0.14547196900693457,0.14547196900693457,
0.10396487334846863,0.08730712894700317,0.15442012962212578,0.2179842831120312,0.14544119499012373,0.14544119499012373,0.14544119499012373,
0.10353928012508741,0.08677402814274808,0.15449437766765917,0.21896174840641358,0.1454101885526972,0.1454101885526972,0.1454101885526972,
0.10312989420810892,0.08626262699311356,0.15456457908302057,0.21990584492749451,0.14537901826275418,0.14537901826275418,0.14537901826275418,
0.1027355575635675,0.08577131893557809,0.1546310636113072,0.22081883426378746,0.14534774187525318,0.14534774187525318,0.14534774187525318,
0.10235523113186419,0.0852986664886298,0.15469412446035896,0.22170275344219292,0.14531640815898478,0.14531640815898478,0.14531640815898478,
0.10198797911818469,0.0848433785172396,0.15475402338119557,0.2225594438511815,0.14528505837739958,0.14528505837739958,0.14528505837739958,
0.10163295578892946,0.08440429117791869,0.1548109949048101,0.22339057563876852,0.1452537274965244,0.1452537274965244,0.1452537274965244,
0.10128939430970833,0.08398035185316148,0.15486524989804942,0.22419766841079947,0.14522244517609373,0.14522244517609373,0.14522244517609373,
0.1009565972578127,0.08357060553124697,0.15491697856478887,0.22498210888430445,0.14519123658728236,0.14519123658728236,0.14519123658728236,
0.10063392851679565,0.0831741831992484,0.15496635299227315,0.2257451660191661,0.14516012309083884,0.14516012309083884,0.14516012309083884,
0.10032080631862807,0.08279029190347342,0.15501352932224033,0.22648800404921726,0.14512912280214688,0.14512912280214688,0.14512912280214688,
0.10001669724402316,0.08241820619877574,0.1550586496107312,0.22721169375393663,0.1450982510641777,0.1450982510641777,0.1450982510641777,
0.09972111102699474,0.08205726076088936,0.1551018434282111,0.2279172222488802,0.1450675208450081,0.1450675208450081,0.1450675208450081,
0.09943359603779556,0.08170684397756443,0.1551432292419656,0.22860550152292602,0.14503694307324952,0.14503694307324952,0.14503694307324952,
0.0991537353407588,0.08136639236738065,0.15518291561507191,0.22927737591040653,0.14500652692212743,0.14500652692212743,0.14500652692212743,
0.09888114324151336,0.08103538570159606,0.15522100225014254,0.2299336286540296,0.14497628005090615,0.14497628005090615,0.14497628005090615,
0.09861546225251654,0.08071334272570463,0.15525758090113403,0.23057498768846002,0.14494620881072817,0.14494620881072817,0.14494620881072817,
0.09835636041759445,0.08039981739463156,0.15529273617256067,0.231202130753264,0.14491631842064967,0.14491631842064967,0.14491631842064967,
0.09810352894575494,0.08009439554954001,0.15532654622224354,0.23181568992660628,0.14488661311861836,0.14488661311861836,0.14488661311861836,
0.0978566801123912,0.07979669197571054,0.155359083381109,0.23241625565686144,0.14485709629130925,0.14485709629130925,0.14485709629130925,
0.09761554539245872,0.07950634779039965,0.15539041470140494,0.2330043803575528,0.1448277705860613,0.1448277705860613,0.1448277705860613,
0.09737987379555961,0.07922302811738455,0.15542060244293807,0.23358058162128437,0.14479863800761106,0.14479863800761106,0.14479863800761106,
0.09714943037731516,0.07894642001136971,0.15544970450547435,0.23414534510021698,0.14476970000187458,0.14476970000187458,0.14476970000187458,
0.09692399490511809,0.07867623060082277,0.15547777481423083,0.23469912709384155,0.14474095752866217,0.14474095752866217,0.14474095752866217,
0.3219825302513879,0.11644114294275876,0.09597499213282784,0.27542453875729045,0.06339226530524492,0.06339226530524492,0.06339226530524492,
0.32293841472738516,0.11618708269925337,0.09567192818142467,0.2760238935624561,0.06305956027649362,0.06305956027649362,0.06305956027649362,
0.32387506721699616,0.11593726803144022,0.09537466990689496,0.2766099505375085,0.06273434810238675,0.06273434810238675,0.06273434810238675,
0.32479321830578417,0.11569155887789109,0.09508300571156868,0.27718323757131486,0.06241632651114711,0.06241632651114711,0.06241632651114711,
0.3256935580317223,0.11544982207316073,0.09479673533650602,0.27774425244219486,0.062105210705472064,0.062105210705472064,0.062105210705472064,
0.326576738825375,0.11521193089877563,0.09451566906415003,0.2782934650442471,0.06180073205581733,0.06180073205581733,0.06180073205581733,
0.32744337818843194,0.1149777646703755,0.09423962699001275,0.2788313194125682,0.06150263691287045,0.06150263691287045,0.06150263691287045,
0.3282940611380482,0.11474720835755739,0.09396843835633024,0.279358235568723,0.06121068552644712,0.06121068552644712,0.06121068552644712,
0.3291293424411453,0.11452015223335212,0.09370194094145172,0.2798746112052296,0.06092465105960702,0.06092465105960702,0.06092465105960702,
0.32994974865996707,0.11429649155059568,0.09343998049945051,0.28038082322557967,0.06064431868813568,0.06064431868813568,0.06064431868813568,
0.330755780027703,0.11407612624274567,0.09318241024506882,0.28087722915436913,0.06036948477670427,0.06036948477670427,0.06036948477670427,
0.3315479121708503,0.11385896064695428,0.09292909037965914,0.2813641684304381,0.060099956124032766,0.060099956124032766,0.060099956124032766,
0.5315650432588804,0.05221682052857858,0.056353591125959016,0.2026577713930695,0.0524022578978375,0.0524022578978375,0.0524022578978375,
0.5332275218362025,0.0519110332289924,0.056040140192453416,0.2025330028368932,0.05209610063515288,0.05209610063515288,0.05209610063515288,
0.534861491305185,0.051611095890673316,0.055732556721601254,0.20240747218068417,0.05179579463395208,0.05179579463395208,0.05179579463395208,
0.5364678386491492,0.051316815148851294,0.05543064957586051,0.202281256785227,0.05150114661363737,0.05150114661363737,0.05150114661363737,
0.5380474108938835,0.051028006720725536,0.05513423649482981,0.20215442878941134,0.05121197236704991,0.05121197236704991,0.05121197236704991,
0.539601017456605,0.050744494854321566,0.05484314356149881,0.20202705549735744,0.05092809621007244,0.05092809621007244,0.05092809621007244,
0.5411294323251932,0.050466111818206275,0.054557204707754,0.20189919973278633,0.050649350472020044,0.050649350472020044,0.050649350472020044,
0.5426333960822017,0.050192697428494824,0.05427626125573828,0.20177092016378317,0.05037557502326063,0.05037557502326063,0.05037557502326063,
0.5441136177867175,0.049924098609940154,0.05400016149199899,0.20164227160075918,0.05010661683686149,0.05010661683686149,0.05010661683686149,
0.5455707767258725,0.049660168988213085,0.05372876027166273,0.2015133052701228,0.049842329581376264,0.049842329581376264,0.049842329581376264,
0.5470055240466936,0.04940076851076245,0.05346191865014009,0.20138406906590542,0.04958257324216624,0.04958257324216624,0.04958257324216624,
0.5484184842779484,0.04914576309389478,0.05319950354010274,0.2012546077813525,0.0493272137689004,0.0493272137689004,0.0493272137689004,
0.5498102567507758,0.048895024293938244,0.052941387391688396,0.20112496332229027,0.04907612274710255,0.04907612274710255,0.04907612274710255,
0.5511814169260469,0.048648429000553196,0.05268744789407796,0.20099517490388674,0.04882917709181171,0.04882917709181171,0.04882917709181171,
0.5525325176357234,0.04840585915043287,0.052437567696760966,0.20086527923227587,0.0485862587616024,0.0485862587616024,0.0485862587616024,
0.5538640902447867,0.048167201459795445,0.05219163414895639,0.20073531067235487,0.048347254491368924,0.048347254491368924,0.048347254491368924,
0.5551766457397702,0.047932347174214934,0.05194953905579424,0.20060530140295046,0.048112055542423426,0.048112055542423426,0.048112055542423426,
0.5564706757493723,0.047701191834464904,0.051711178449985615,0.20047528156042393,0.047880557468584516,0.047880557468584516,0.047880557468584516,
0.5577466535021699,0.04747363505716779,0.05147645237782047,0.20034527937168958,0.04765265989705078,0.04765265989705078,0.04765265989705078,
0.5590050347260243,0.04724958032914545,0.05124526469843217,0.20021532127752723,0.047428266322957054,0.047428266322957054,0.047428266322957054,
0.5602462584933764,0.047028934814462124,0.051017522895357825,0.20008543204698562,0.04720728391660591,0.04720728391660591,0.04720728391660591,
0.5614707480162956,0.04681160917323585,0.050793137899506006,0.1999556348836052,0.046989623342452484,0.046989623342452484,0.046989623342452484,
0.5626789113948065,0.04659751739137195,0.050572023922716036,0.1998259515241148,0.046775198588996904,0.046775198588996904,0.046775198588996904,
0.5638711423217599,0.046386576620442155,0.050354098301161505,0.19969640233020686,0.04656392680880976,0.04656392680880976,0.04656392680880976,
0.5650478207472245,0.046178707026996224,0.050139281347910174,0.199567006373934,0.04635572816797822,0.04635572816797822,0.04635572816797822,
0.5662093135051608,0.04597383165065036,0.04992749621400804,0.19943778151722644,0.04615052570431817,0.04615052570431817,0.04615052570431817,
0.567355974904908,0.04577187627034963,0.04971866875750612,0.19930874448598443,0.045948245193750625,0.045948245193750625,0.045948245193750625,
0.5684881472898328,0.04557276927824901,0.04951272741989337,0.19917991093916187,0.04574881502428759,0.04574881502428759,0.04574881502428759,
0.5696061615652903,0.04537644156070042,0.049309603109441075,0.19905129553322046,0.045552166077115874,0.045552166077115874,0.045552166077115874,
0.5707103376979008,0.04518282638587392,0.04910922909100241,0.19892291198230094,0.04535823161430731,0.04535823161430731,0.04535823161430731,
0.571800985187988,0.04499185929757619,0.04891154088184505,0.19879477311443255,0.045166947172719504,0.045166947172719504,0.045166947172719504,
0.5728784035168867,0.044803478014863334,0.04871647615312682,0.19866689092407033,0.044978250463684345,0.044978250463684345,0.044978250463684345,
0.5739428825707072,0.044617622337074586,0.0485239746366533,0.19853927662122992,0.04479208127811168,0.04479208127811168,0.04479208127811168,
0.5749947030420216,0.04443423405394137,0.04833397803658263,0.19841194067746526,0.04460838139666292,0.04460838139666292,0.04460838139666292,
0.5760341368108383,0.04425325686045178,0.048146429945767844,0.19828489286891635,0.04442709450467515,0.04442709450467515,0.04442709450467515,
0.577061447306128,0.0440746362761732,0.047961275766448264,0.19815814231663437,0.04424816611153874,0.04424816611153874,0.04424816611153874,
0.5780768898490808,0.0438983195687577,0.04777846263502361,0.19803169752437716,0.04407154347425365,0.04407154347425365,0.04407154347425365,
0.5790807119791883,0.043724255681374065,0.04759793935066193,0.19790556641405085,0.04389717552490837,0.04389717552490837,0.04389717552490837,
0.580073153764167,0.04355239516382854,0.047419656307510535,0.19777975635896156,0.043725012801844085,0.043725012801844085,0.043725012801844085,
0.5810544480946763,0.043382690107152955,0.047243565430295405,0.1976542742150271,0.043555007384282876,0.043555007384282876,0.043555007384282876,
0.5820248209647109,0.043215094081453555,0.04706962011310805,0.19752912635008657,0.043387112830213695,0.043387112830213695,0.043387112830213695,
0.5829844917385001,0.04304956207682977,0.04689777516119472,0.19740431867143957,0.043221284117345334,0.043221284117345334,0.043221284117345334,
0.5839336734046758,0.04288605044718262,0.046727986735572484,0.19727985665172976,0.04305747758694648,0.04305747758694648,0.04305747758694648,
0.5848725728184366,0.04272451685674647,0.04656021230031086,0.19715574535328564,0.042895650890406825,0.042895650890406825,0.042895650890406825,
0.5858013909323754,0.04256492022918826,0.04639441057232698,0.19703198945101938,0.04273576293836325,0.04273576293836325,0.04273576293836325,
0.5867203230166035,0.042407220699128424,0.04623054147355272,0.19690859325397797,0.04257777385224585,0.04257777385224585,0.04257777385224585,
0.5876295588687556,0.042251379565947246,0.04606856608534109,0.19678556072563397,0.04242164491810728,0.04242164491810728,0.04242164491810728,
0.5885292830144342,0.042097359249750034,0.04590844660498857,0.19666289550299892,0.04226733854260939,0.04226733854260939,0.04226733854260939,
0.5894196748986011,0.04194512324937091,0.04575014630425631,0.1965406009146314,0.042114818211046685,0.042114818211046685,0.042114818211046685,
0.5903009090684089,0.041794636102304925,0.04559362948978261,0.19641867999761378,0.04196404844729665,0.04196404844729665,0.04196404844729665,
0.5911731553479208,0.04164586334646262,0.04543886146528372,0.1962971355135594,0.041814994775591155,0.041814994775591155,0.041814994775591155,
0.5920365790051508,0.041498771483650436,0.04528580849544842,0.19617596996371348,0.041667623684012355,0.041667623684012355,0.041667623684012355,
0.5928913409118189,0.04135332794468362,0.04513443777143572,0.19605518560320181,0.04152190258961995,0.04152190258961995,0.04152190258961995,
0.5937375976962052,0.04120950105604658,0.04498471737789208,0.19593478445448212,0.041377799805124744,0.041377799805124744,0.041377799805124744,
0.5945755018894483,0.04106726000801868,0.04483661626140888,0.19581476832004452,0.04123528450702659,0.04123528450702659,0.04123528450702659,
0.5954052020656313,0.040926574824189974,0.04469010420034565,0.1956951387944089,0.04109432670514134,0.04109432670514134,0.04109432670514134,
0.19559568370053007,0.1363628855542389,0.25382963911358614,0.17738189269071644,0.07894329964697626,0.07894329964697626,0.07894329964697626,
0.19567011791554828,0.13632776071361954,0.25404332125206786,0.1774187171514234,0.07884669432244706,0.07884669432244706,0.07884669432244706,
0.19574384518890778,0.13629286074130256,0.25425524735532057,0.17745513944448063,0.07875096908999614,0.07875096908999614,0.07875096908999614,
0.19581687788636942,0.13625818256833516,0.2544654461589242,0.17749116700869513,0.07865610879255881,0.07865610879255881,0.07865610879255881,
0.19588922805874107,0.13622372319001805,0.25467394569691454,0.17752680708701818,0.07856209865576948,0.07856209865576948,0.07856209865576948,
0.19596090745238337,0.13618947966409786,0.25488077332447673,0.17756206673323086,0.07846892427527025,0.07846892427527025,0.07846892427527025,
0.19603192751928306,0.13615544910902314,0.25508595573972687,0.17759695281834925,0.07837657160453923,0.07837657160453923,0.07837657160453923,
0.19610229942671362,0.1361216287022604,0.2552895190046243,0.17763147203676258,0.07828502694321304,0.07828502694321304,0.07828502694321304,
0.19617203406650793,0.13608801567866985,0.2554914885650601,0.17766563091212037,0.07819427692588063,0.07819427692588063,0.07819427692588063,
0.1962411420639556,0.13605460732893618,0.25569188927015607,0.17769943580297776,0.07810430851132481,0.07810430851132481,0.07810430851132481,
0.1963096337863479,0.13602140099805354,0.2558907453908134,0.17773289290821231,0.07801510897219086,0.07801510897219086,0.07801510897219086,
0.19637751935118358,0.13598839408386182,0.25608808063754585,0.1777660082722231,0.07792666588506185,0.07792666588506185,0.07792666588506185,
0.19644480863405306,0.1359555840356321,0.2562839181776289,0.17779878778992134,0.07783896712092163,0.07783896712092163,0.07783896712092163,
0.19651151127621574,0.1359229683526997,0.25647828065159783,0.177831237211524,0.07775200083598761,0.07775200083598761,0.07775200083598761,
0.19657763669188486,0.1358905445831431,0.25667119018912354,0.17786336214715898,0.07766575546289639,0.07766575546289639,0.07766575546289639,
0.19664319407523254,0.13585831032250584,0.2568626684242937,0.17789516807129008,0.07758021970222587,0.07758021970222587,0.07758021970222587,
0.19670819240712764,0.1358262632125606,0.2570527365103257,0.17792666032697046,0.07749538251433849,0.07749538251433849,0.07749538251433849,
0.1967726404616206,0.13579440094011394,0.25724141513373755,0.17795784412993296,0.07741123311153168,0.07741123311153168,0.07741123311153168,
0.1968365468121833,0.1357627212358492,0.2574287245280001,0.1779887245725237,0.07732776095048126,0.07732776095048126,0.07732776095048126,
0.19689991983771798,0.1357312218732072,0.25761468448669245,0.17801930662748736,0.07724495572496494,0.07724495572496494,0.07724495572496494,
0.19696276772834348,0.13569990066730234,0.2577993143761836,0.1780495951516093,0.07716280735885381,0.07716280735885381,0.07716280735885381,
0.1970250984909684,0.135668755473873,0.25798263314785846,0.1780795948892216,0.07708130599935951,0.07708130599935951,0.07708130599935951,
0.1970869199546631,0.13563778418826566,0.25816465934991095,0.1781093104755797,0.0770004420105269,0.0770004420105269,0.0770004420105269,
0.19714823977583518,0.13560698474445018,0.25834541113871884,0.17813874644011393,0.07692020596696059,0.07692020596696059,0.07692020596696059,
0.19720906544322078,0.1355763551140663,0.2585249062898211,0.17816790720956285,0.07684058864777638,0.07684058864777638,0.07684058864777638,
0.19726940428269638,0.135545893305499,0.2587031622085122,0.1781967971109918,0.0767615810307669,0.0767615810307669,0.0767615810307669,
0.19732926346192164,0.1355155973629831,0.2588801959400709,0.17822542037470346,0.07668317428677361,0.07668317428677361,0.07668317428677361,
0.1973886499948176,0.1354854653657348,0.25905602417963697,0.1782537811370439,0.07660535977425564,0.07660535977425564,0.07660535977425564,
0.19744757074588884,0.13545549542710913,0.25923066328175165,0.1782818834431082,0.07652812903404733,0.07652812903404733,0.07652812903404733,
0.19750603243439624,0.135425685693784,0.25940412926957535,0.17830973124935157,0.07645147378429758,0.07645147378429758,0.07645147378429758,
0.19756404163838495,0.13539603434496741,0.2595764378437942,0.17833732842610758,0.076375385915582,0.076375385915582,0.076375385915582,
0.19762160479857477,0.13536653959162914,0.2597476043912297,0.17836467876001946,0.07629985748618232,0.07629985748618232,0.07629985748618232,
0.19767872822211874,0.13533719967575505,0.2599176439931631,0.17839178595638694,0.07622488071752535,0.07622488071752535,0.07622488071752535,
0.1977354180862343,0.13530801286962324,0.26008657143338415,0.1784186536414321,0.07615044798977542,0.07615044798977542,0.07615044798977542,
0.19779168044171208,0.13527897747510106,0.2602544012059772,0.17844528536448798,0.07607655183757393,0.07607655183757393,0.07607655183757393,
0.19784752121630855,0.13525009182296321,0.26042114752285345,0.17847168460011273,0.07600318494592058,0.07600318494592058,0.07600318494592058,
0.19790294621802637,0.13522135427222948,0.2605868243210402,0.17849785475013297,0.07593034014619032,0.07593034014619032,0.07593034014619032,
0.1979579611382852,0.1351927632095206,0.26075144526973487,0.17852379914561722,0.07585801041228062,0.07585801041228062,0.07585801041228062,
0.19801257155499122,0.1351643170484339,0.26091502377713577,0.17854952104878558,0.07578618885688454,0.07578618885688454,0.07578618885688454,
0.19806678293550437,0.13513601422893548,0.26107757299705403,0.17857502365485411,0.07571486872788395,0.07571486872788395,0.07571486872788395,
0.19812060063951203,0.13510785321677046,0.26123910583531956,0.17860031009382052,0.07564404340485915,0.07564404340485915,0.07564404340485915,
0.1981740299218088,0.13507983250288894,0.2613996349559842,0.17862538343218975,0.07557370639570947,0.07557370639570947,0.07557370639570947,
0.19822707593498842,0.13505195060288896,0.2615591727873334,0.17865024667464457,0.0755038513333815,0.0755038513333815,0.0755038513333815,
0.19827974373205057,0.13502420605647408,0.2617177315277119,0.17867490276566206,0.07543447197270046,0.07543447197270046,0.07543447197270046,
0.19833203826892473,0.1349965974269261,0.26187532315116907,0.17869935459107752,0.07536556218730084,0.07536556218730084,0.07536556218730084,
0.19838396440691586,0.13496912330059274,0.2620319594129338,0.17872360497959985,0.0752971159666526,0.0752971159666526,0.0752971159666526,
0.19843552691507352,0.1349417822863886,0.2621876518547213,0.17874765670427722,0.0752291274131797,0.0752291274131797,0.0752291274131797,
0.1984867304724882,0.13491457301531037,0.2623424118098816,0.17877151248391815,0.0751615907394672,0.0751615907394672,0.0751615907394672,
0.1985375796705161,0.13488749413996434,0.26249625040839186,0.1787951749844668,0.07509450026555355,0.07509450026555355,0.07509450026555355,
0.19858807901493714,0.13486054433410732,0.26264917858170156,0.17881864682033632,0.07502785041630586,0.07502785041630586,0.07502785041630586,
0.19863823292804647,0.13483372229219942,0.26280120706743254,0.17884193055570047,0.07496163571887379,0.07496163571887379,0.07496163571887379,
0.19868804575068325,0.13480702672896833,0.2629523464139418,0.1788650287057453,0.07489585080022038,0.07489585080022038,0.07489585080022038,
0.19873752174419884,0.13478045637898636,0.26310260698475046,0.17888794373788372,0.07483049038472679,0.07483049038472679,0.07483049038472679,
0.1987866650923655,0.13475400999625703,0.2632519989628433,0.1789106780729311,0.07476554929186766,0.07476554929186766,0.07476554929186766,
0.1988354799032288,0.1347276863538134,0.26340053235484395,0.1789332340862474,0.07470102243395554,0.07470102243395554,0.07470102243395554,
0.19888397021090548,0.1347014842433266,0.2635482169950704,0.17895561410884342,0.07463690481395134,0.07463690481395134,0.07463690481395134,
0.03384595533204883,0.3251010142693238,0.08445819812371798,0.4160012621483839,0.04686452337550836,0.04686452337550836,0.04686452337550836,
0.03377450146651884,0.32523095009053815,0.08436554557109582,0.4162815203026811,0.04678249418972196,0.04678249418972196,0.04678249418972196,
0.03370357343568901,0.32535989896278444,0.0842734445290103,0.4165599871264941,0.046701031982007486,0.046701031982007486,0.046701031982007486,
0.03363316452645098,0.32548787346193286,0.0841818888413358,0.41683668380544975,0.046620129788276815,0.046620129788276815,0.046620129788276815,
0.03356326814776695,0.3256148859368071,0.08409087245312526,0.41711163115966354,0.04653978076754565,0.04653978076754565,0.04653978076754565,
0.03349387782779164,0.3257409485144921,0.08400038940841319,0.4173848496520168,0.04645997819909544,0.04645997819909544,0.04645997819909544,
0.03342498721107753,0.32586607310549154,0.08391043384807848,0.4176563593962039,0.04638071547971623,0.04638071547971623,0.04638071547971623,
0.033356590055860724,0.3259902714087379,0.08382100000776457,0.4179261801645547,0.04630198612102737,0.04630198612102737,0.04630198612102737,
0.03328868023142438,0.3261135549164596,0.083732082215855,0.4181943313956411,0.046223783746873325,0.046223783746873325,0.046223783746873325,
0.03322125171553697,0.326235934918911,0.08364367489150241,0.41846083220167274,0.04614610209079225,0.04614610209079225,0.04614610209079225,
0.033154298591963484,0.32635742250897015,0.08355577254271013,0.4187257013756913,0.046068934993555105,0.046068934993555105,0.046068934993555105,
0.03308781504804624,0.32647802858660685,0.08346836976446338,0.41898895739856684,0.04599227640077237,0.04599227640077237,0.04599227640077237,
0.03302179537235375,0.3265977638632279,0.08338146123690994,0.41925061844580747,0.04591612036056698,0.04591612036056698,0.04591612036056698,
0.03295623395239511,0.3267166388659022,0.0832950417235879,0.4195107023941826,0.045840461021310695,0.045840461021310695,0.045840461021310695,
0.032891125272397445,0.326834663941468,0.08320910606969897,0.4197692268281696,0.045765292629421916,0.045765292629421916,0.045765292629421916,
0.03282646391114487,0.32695184926053006,0.08312364920042639,0.4200262090462285,0.04569060952722334,0.04569060952722334,0.04569060952722334,
0.03276224453987664,0.32706820482134646,0.08303866611929585,0.4202816660669097,0.045616406150857075,0.045616406150857075,0.045616406150857075,
0.032698461920242575,0.32718374045361087,0.0829541519065783,0.42053561463480094,0.04554267702825569,0.04554267702825569,0.04554267702825569,
0.032635110902314114,0.3272984658221331,0.08287010171773268,0.4207880712263176,0.045469416777167336,0.045469416777167336,0.045469416777167336,
0.03257218642264896,0.32741239043042064,0.08278651078188856,0.4210390520553423,0.04539662010323313,0.04539662010323313,0.04539662010323313,
0.03250968350240767,0.3275255236241643,0.08270337440036624,0.42128857307871564,0.04532428179811519,0.04532428179811519,0.04532428179811519,
0.032447597245520834,0.3276378745946336,0.08262068794523436,0.42153665000158885,0.04525239673767413,0.04525239673767413,0.04525239673767413,
0.03238592283690455,0.3277494523819785,0.08253844685790239,0.4217832982826342,0.045180959880193466,0.045180959880193466,0.045180959880193466,
0.03232465554072363,0.3278602658784491,0.08245664664774909,0.42202853313912536,0.04510996626465089,0.04510996626465089,0.04510996626465089,
0.0322637906987002,0.3279703238315281,0.08237528289078368,0.42227236955188685,0.045039411009033754,0.045039411009033754,0.045039411009033754,
0.03220332372846659,0.32807963484698227,0.08229435122834022,0.4225148222701174,0.04496928930869791,0.04496928930869791,0.04496928930869791,
0.03214325012196132,0.3281882073918361,0.08221384736580362,0.422755905816093,0.04489959643476867,0.04489959643476867,0.04489959643476867,
0.04773100369288748,0.2244345798828768,0.19857307740188512,0.31638013203335963,0.07096040232966361,0.07096040232966361,0.07096040232966361,
0.0476723709774763,0.22448383848285855,0.1985939064895021,0.31655126662223826,0.0708995391426416,0.0708995391426416,0.0708995391426416,
0.04761408350453299,0.2245327900772552,0.19861456899995233,0.3167215429181453,0.07083900483337123,0.07083900483337123,0.07083900483337123,
0.047556137586731405,0.22458143798736277,0.19863506689568217,0.31689096935497024,0.07077879605841772,0.07077879605841772,0.07077879605841772,
0.047498529593759706,0.22462978548293006,0.1986554021072001,0.3170595542432992,0.0707189095242704,0.0707189095242704,0.0707189095242704,
0.047441255951167896,0.22467783578320144,0.1986755765337438,0.3172273057728047,0.07065934198636066,0.07065934198636066,0.07065934198636066,
0.047384313139244245,0.22472559205793433,0.19869559204393045,0.31739423201457906,0.07060009024810393,0.07060009024810393,0.07060009024810393,
0.04732769769191929,0.2247730574283892,0.19871545047638922,0.3175603409234088,0.07054115115996444,0.07054115115996444,0.07054115115996444,
0.04727140619569719,0.22482023496829748,0.19873515364037883,0.3177256403399972,0.07048252161854311,0.07048252161854311,0.07048252161854311,
0.04721543528861308,0.2248671277048039,0.19875470331638914,0.3178901379931332,0.07042419856568695,0.07042419856568695,0.07042419856568695,
0.04715978165921612,0.22491373861938718,0.19877410125672781,0.31805384150180877,0.07036617898761999,0.07036617898761999,0.07036617898761999,
0.047104442045577295,0.22496007064875778,0.19879334918609276,0.3182167583772874,0.0703084599140949,0.0703084599140949,0.0703084599140949,
0.04704941323432098,0.22500612668573317,0.1988124488021292,0.31837889602512287,0.07025103841756447,0.07025103841756447,0.07025103841756447,
0.046994692059680314,0.22505190958009363,0.19883140177597478,0.3185402617471321,0.07019391161237307,0.07019391161237307,0.07019391161237307,
0.04694027540257471,0.22509742213941591,0.19885020975278941,0.3187008627433209,0.07013707665396644,0.07013707665396644,0.07013707665396644,
0.04688616018970997,0.225142667129888,0.19886887435227352,0.31886070611376693,0.07008053073812069,0.07008053073812069,0.07008053073812069,
0.046832343392699316,0.22518764727710394,0.19888739716917297,0.3190197988604576,0.07002427110018866,0.07002427110018866,0.07002427110018866,
0.04677882202720555,0.2252323652668408,0.1989057797737727,0.31917814788908805,0.06996829501436416,0.06996829501436416,0.06996829501436416,
0.04672559315210326,0.2252768237458161,0.19892402371237689,0.31933576001081593,0.06991259979296277,0.06991259979296277,0.06991259979296277,
0.046672653868660645,0.2253210253224273,0.1989421305077782,0.31949264194397625,0.06985718278571916,0.06985718278571916,0.06985718278571916,
0.04662000131974076,0.22536497256747673,0.19896010165971773,0.31964880031576154,0.06980204137910115,0.06980204137910115,0.06980204137910115,
0.04656763268902085,0.22540866801487577,0.19897793864533037,0.3198042416638585,0.0697471729956383,0.0697471729956383,0.0697471729956383,
0.04651554520023011,0.2254521141623356,0.19899564291958272,0.31995897243805216,0.0696925750932665,0.0696925750932665,0.0696925750932665,
0.04646373611640501,0.2254953134720413,0.1990132159156995,0.320112999001793,0.0696382451646872,0.0696382451646872,0.0696382451646872,
0.04641220273916134,0.22553826837130955,0.1990306590455795,0.3202663276337287,0.0695841807367405,0.0695841807367405,0.0695841807367405,
0.04636094240798335,0.22558098125323264,0.19904797370020247,0.32041896452920277,0.06953037936979295,0.06953037936979295,0.06953037936979295,
0.04630995249952876,0.2256234544773072,0.19906516125002677,0.32057091580172103,0.06947683865713865,0.06947683865713865,0.06947683865713865,
0.046259230426949544,0.22566569037004902,0.19908222304537695,0.320722187484384,0.06942355622441344,0.06942355622441344,0.06942355622441344,
0.04620877363922812,0.22570769122559292,0.19909916041682274,0.32087278553128934,0.06937052972902226,0.06937052972902226,0.06937052972902226,
0.04615857962052828,0.225749459306281,0.19911597467554976,0.3210227158189041,0.06931775685957897,0.06931775685957897,0.06931775685957897,
0.04610864588956081,0.22579099684323609,0.19913266711372102,0.32117198414740666,0.06926523533535853,0.06926523533535853,0.06926523533535853,
0.04605896999896304,0.2258323060369234,0.1991492390048309,0.32132059624199993,0.06921296290576082,0.06921296290576082,0.06921296290576082,
0.046009549534692384,0.22587338905769985,0.1991656916040507,0.32146855775419714,0.0691609373497866,0.0691609373497866,0.0691609373497866,
0.0459603821154329,0.22591424804635002,0.19918202614856623,0.32161587426307886,0.06910915647552411,0.06910915647552411,0.06910915647552411,
0.04591146539201524,0.22595488511461165,0.19919824385790783,0.3217625512765241,0.06905761811964717,0.06905761811964717,0.06905761811964717,
0.04586279704684901,0.2259953023456894,0.19921434593427373,0.321908594232416,0.06900632014692393,0.06900632014692393,0.06900632014692393,
0.04581437479336783,0.2260355017947572,0.19923033356284553,0.32205400849982146,0.06895526044973616,0.06895526044973616,0.06895526044973616,
0.0457661963754859,0.22607548548944886,0.1992462079120958,0.32219879938014484,0.06890443694760819,0.06890443694760819,0.06890443694760819,
0.04571825956706697,0.22611525543034033,0.1992619701340915,0.3223429721082605,0.06885384758674683,0.06885384758674683,0.06885384758674683,
0.045670562171404104,0.22615481359141926,0.19927762136478763,0.3224865318536191,0.06880349033958999,0.06880349033958999,0.06880349033958999,
0.045623102020711015,0.22619416192054537,0.19929316272431646,0.3226294837213317,0.06875336320436519,0.06875336320436519,0.06875336320436519,
0.04557587697562407,0.2262333023399017,0.19930859531726966,0.32277183275323246,0.0687034642046573,0.0687034642046573,0.0687034642046573,
0.045528884924714984,0.22627223674643546,0.19932392023297477,0.3229135839289189,0.06865379138898539,0.06865379138898539,0.06865379138898539,
0.0454821237840135,0.2263109670122891,0.19933913854576482,0.3230547421667698,0.06860434283038772,0.06860434283038772,0.06860434283038772,
0.045435591496540736,0.22634949498522383,0.19935425131524298,0.32319531232494425,0.06855511662601613,0.06855511662601613,0.06855511662601613,
0.04538928603185167,0.2263878224890329,0.19936925958654134,0.3233352992023596,0.06850611089673819,0.06850611089673819,0.06850611089673819,
0.04534320538558763,0.22642595132394674,0.19938416439057366,0.323474707539649,0.06845732378674758,0.06845732378674758,0.06845732378674758,
0.04529734757903799,0.22646388326702982,0.19939896674428348,0.32361354202010095,0.06840875346318266,0.06840875346318266,0.06840875346318266,
0.0452517106587107,0.22650162007256844,0.19941366765088578,0.3237518072705783,0.06836039811575227,0.06836039811575227,0.06836039811575227,
0.04520629269591217,0.22653916347245204,0.1994282681001051,0.323889507862421,0.06831225595636976,0.06831225595636976,0.06831225595636976,
0.04516109178633541,0.22657651517654553,0.1994427690684078,0.3240266483123299,0.06826432521879387,0.06826432521879387,0.06826432521879387,
0.045116106049656636,0.2266136768730535,0.19945717151922845,0.32416323308323136,0.06821660415827682,0.06821660415827682,0.06821660415827682,
0.04507133362914039,0.2266506502288786,0.19947147640319352,0.32429926658512814,0.06816909105121984,0.06816909105121984,0.06816909105121984,
0.04502677269125233,0.22668743688997148,0.1994856846583391,0.3244347531759313,0.06812178419483515,0.06812178419483515,0.06812178419483515,
0.04498242142528019,0.22672403848167422,0.19949979721032438,0.3245696971622766,0.06807468190681486,0.06807468190681486,0.06807468190681486,
0.044938278042962014,0.2267604566090558,0.1995138149726404,0.32470410280032375,0.06802778252500612,0.06802778252500612,0.06802778252500612,
0.04489434077812222,0.22679669285724194,0.19952773884681488,0.3248379742965419,0.06798108440709298,0.06798108440709298,0.06798108440709298,
0.044850607886314835,0.22683274879173856,0.19954156972261342,0.32497131580847954,0.06793458593028452,0.06793458593028452,0.06793458593028452,
0.04480707764447359,0.22686862595874724,0.19955530847823483,0.3251041314455183,0.06788828549100855,0.06788828549100855,0.06788828549100855,
0.044763748350569434,0.22690432588547596,0.19956895598050453,0.3252364252696138,0.06784218150461187,0.06784218150461187,0.06784218150461187,
0.04472061832327438,0.22693985008044304,0.1995825130850627,0.32536820129602156,0.06779627240506596,0.06779627240506596,0.06779627240506596,
0.04467768590163225,0.2269752000337749,0.19959598063654868,0.3254994634940086,0.0677505566446785,0.0677505566446785,0.0677505566446785,
0.04463494944473571,0.22701037721749825,0.19960935946878242,0.32563021578755286,0.06770503269381023,0.06770503269381023,0.06770503269381023,
0.044592407331409865,0.2270453830858268,0.1996226504049416,0.32576046205602854,0.06765969904059765,0.06765969904059765,0.06765969904059765,
0.044550057959901725,0.2270802190754421,0.19963585425773578,0.32589020613487873,0.06761455419068059,0.06761455419068059,0.06761455419068059,
0.04450789974757587,0.2271148866057683,0.199648971829576,0.3260194518162745,0.06756959666693498,0.06756959666693498,0.06756959666693498,
0.04446593113061605,0.2271493870792432,0.19966200391274272,0.32614820284976404,0.06752482500921111,0.06752482500921111,0.06752482500921111,
0.04442415056373237,0.2271837218815826,0.1996749512895488,0.3262764629429072,0.06748023777407633,0.06748023777407633,0.06748023777407633,
0.044382556519874126,0.22721789238203946,0.19968781473249983,0.3264042357618986,0.0674358335345626,0.0674358335345626,0.0674358335345626,
0.04434114748994838,0.22725189993366,0.1997005950044521,0.3265315249321814,0.06739161087991932,0.06739161087991932,0.06739161087991932,
0.04429992198254353,0.22728574587353276,0.19971329285876618,0.32665833403904726,0.06734756841537015,0.06734756841537015,0.06734756841537015,
0.04425887852365837,0.2273194315230337,0.19972590903945822,0.3267846666282262,0.06730370476187447,0.06730370476187447,0.06730370476187447,
0.044218015656436266,0.22735295818806756,0.1997384442813487,0.32691052620646643,0.06726001855589375,0.06726001855589375,0.06726001855589375,
0.04417733194090414,0.22738632715930293,0.19975089931020695,0.32703591624210177,0.06721650844916138,0.06721650844916138,0.06721650844916138,
0.044136825953716693,0.2274195397124046,0.1997632748428947,0.32716084016561114,0.0671731731084576,0.0671731731084576,0.0671731731084576,
0.044096496287905115,0.22745259710826027,0.19977557158750522,0.327285301370166,0.0671300112153879,0.0671300112153879,0.0671300112153879,
0.044056341552630496,0.22748550059320366,0.19978779024350038,0.32740930321216805,0.06708702146616569,0.06708702146616569,0.06708702146616569,
0.044016360372942195,0.22751825139923398,0.19979993150184647,0.32753284901177987,0.06704420257139929,0.06704420257139929,0.06704420257139929,
0.04397655138954007,0.22755085074422945,0.1998119960451441,0.327655942053441,0.06700155325588185,0.06700155325588185,0.06700155325588185,
0.04393691325854166,0.22758329983215939,0.19982398454775957,0.32777858558638073,0.06695907225838615,0.06695907225838615,0.06695907225838615,
0.043897444651253344,0.22761559985329083,0.19983589767595125,0.3279007828251174,0.06691675833146245,0.06691675833146245,0.06691675833146245,
0.04385814425394567,0.2276477519843911,0.19984773608799372,0.3280225369499504,0.06687461024123985,0.06687461024123985,0.06687461024123985,
0.04381901076763302,0.22767975738892784,0.19985950043430054,0.3281438511074435,0.06683262676723171,0.06683262676723171,0.06683262676723171,
0.04378004290785704,0.22771161721726507,0.1998711913575448,0.32826472841090054,0.06679080670214432,0.06679080670214432,0.06679080670214432,
0.043741239404474046,0.2277433326068544,0.19988280949277562,0.32838517194083017,0.06674914885168849,0.06674914885168849,0.06674914885168849,
