
0.15205134718895244, 0.1470453342430062, 0.13866229979088837, 0.14659822957252427, 0.1272605587778732, 0.16112167164888247, 0.1272605587778732, 
0.14599411655763553, 0.15082850915208323, 0.13603692114509439, 0.1609498652432559, 0.12174358359918944, 0.1627034207035521, 0.12174358359918944, 
0.14450725071270962, 0.15254153271757728, 0.1328099795220449, 0.16653051455169895, 0.12000311674255568, 0.16360448901085783, 0.12000311674255568, 
0.14276660955466763, 0.15133790907454506, 0.16241863150034336, 0.15449797557647013, 0.12180683768644221, 0.1453651989210894, 0.12180683768644221, 
0.13612901895311905, 0.14053036698494797, 0.15844536055118807, 0.1433099610606791, 0.12411773077343895, 0.17334983090318792, 0.12411773077343895, 
0.1494129130017877, 0.12145373064491194, 0.16023920208876014, 0.1928110460913511, 0.09954566450434954, 0.17699177916449013, 0.09954566450434954, 
0.1438119162571601, 0.1517114680611296, 0.18294446572606743, 0.18059132762499008, 0.10490278212176071, 0.13113525808713145, 0.10490278212176071, 
0.13059308059910163, 0.1650920790452324, 0.1618055204797989, 0.18011712671118643, 0.10159647753849023, 0.15919923808770015, 0.10159647753849023, 
0.14074715343947858, 0.15448633372838091, 0.17810146781056468, 0.18437188154610193, 0.09460685292127613, 0.15307945763292186, 0.09460685292127613, 
0.10248403460436399, 0.21633812847732545, 0.17712049413861694, 0.15365202959871796, 0.10612550007464953, 0.13815431303167655, 0.10612550007464953, 
0.12600851621834386, 0.13352826805158055, 0.129865874289387, 0.11851627733664535, 0.13678634708681897, 0.21850836993040532, 0.13678634708681897, 
0.13618896921408896, 0.10425391354184552, 0.15312948786435784, 0.1263145878763875, 0.1304507628376708, 0.2192115158279787, 0.1304507628376708, 
0.14256633708689306, 0.16297483190078993, 0.19485380642323144, 0.13897870683510327, 0.11391070599228804, 0.1328049057694063, 0.11391070599228804, 
0.11631218039068292, 0.17211136359638274, 0.16290039193849856, 0.13431289397668905, 0.15769912741093353, 0.09896491527587965, 0.15769912741093353, 
0.13800023395031463, 0.18787461344716125, 0.18170596561517885, 0.16759757742842804, 0.1111663549730739, 0.10248889961276933, 0.1111663549730739, 
0.11563746066020619, 0.10765124228780482, 0.1615544405351387, 0.14042155300390768, 0.1323932181241514, 0.2099488672646398, 0.1323932181241514, 
0.13879406215822995, 0.1809986969237683, 0.17776811346097032, 0.18154153822936392, 0.10890892006076121, 0.10307974910614492, 0.10890892006076121, 
0.11676417281502459, 0.1660274443231479, 0.1665737526343388, 0.1478000656392417, 0.14390540181413813, 0.11502376095997077, 0.14390540181413813, 
0.13291540414468989, 0.15377962357530828, 0.1798594216665213, 0.15450571956767548, 0.12174725790670914, 0.13544531523238676, 0.12174725790670914, 
0.13408566522828896, 0.16405944359023017, 0.16233345315851117, 0.18099731797146631, 0.10622351893759187, 0.14607708217631984, 0.10622351893759187, 
0.10667768836893587, 0.1355809668966444, 0.16222736352464612, 0.10792830694038937, 0.12958300207294554, 0.22841967012349323, 0.12958300207294554, 
0.12755476582537809, 0.11104385078452693, 0.15211980907061726, 0.12451630782392516, 0.13219742581075133, 0.2203704148740499, 0.13219742581075133, 
0.10923709085425343, 0.085162654011162, 0.1669662266023784, 0.08621579246286243, 0.17148815277243012, 0.2094419305244834, 0.17148815277243012, 
0.15191859252946943, 0.17030028809440795, 0.20013760318396923, 0.1800685076080793, 0.1008448923934929, 0.09588522379708826, 0.1008448923934929, 
0.12354357548351179, 0.15151750067202877, 0.21514379839928538, 0.13560917215030718, 0.13641754636407788, 0.1013508605667112, 0.13641754636407788, 
0.11763383628804544, 0.11233851172374251, 0.13683167798990792, 0.08168546223760806, 0.1505975059986482, 0.2503154997633997, 0.1505975059986482, 
0.09832802623049502, 0.10119283872097545, 0.15415140097297475, 0.10218248720909062, 0.16707002528091988, 0.2100051963046245, 0.16707002528091988, 
0.11051257391535259, 0.07989367363100688, 0.1451766360631253, 0.07554296289964937, 0.2003804320339061, 0.18811328942305366, 0.2003804320339061, 
0.11327253989353374, 0.08288897934786248, 0.1535750391167997, 0.0943096830106504, 0.1461384492745757, 0.2636768600820023, 0.1461384492745757, 
0.11796973940208022, 0.1013972888560744, 0.1338992877222668, 0.10335051278893471, 0.148441832307351, 0.24649950661594175, 0.148441832307351, 
0.1405120083593656, 0.12502912265423244, 0.17185324291020604, 0.16863412170636186, 0.10449395974772899, 0.18498358487437624, 0.10449395974772899, 
0.10280504011852447, 0.09143334747904373, 0.12496201490386372, 0.05701757279533545, 0.1957523737538688, 0.23227727719549493, 0.1957523737538688, 
0.11362297654221222, 0.1213734933672554, 0.14020352481623294, 0.12037299974226326, 0.1523993009363943, 0.19962840365924758, 0.1523993009363943, 
0.09901510946834514, 0.07768451815639246, 0.1593882567367046, 0.07464820659108197, 0.17107911056450853, 0.24710568791845874, 0.17107911056450853, 
0.09862868552157486, 0.061077348749497475, 0.13335907901982516, 0.03741815638605635, 0.18428796905910347, 0.30094079220483916, 0.18428796905910347, 
0.08654908066481402, 0.1033120130243266, 0.1093466831791619, 0.06604075135834048, 0.1874954280943215, 0.25976061558471397, 0.1874954280943215, 
0.09050426615217042, 0.0723859006497493, 0.10818546787711852, 0.05520773184063027, 0.20518510600100892, 0.2633464214783137, 0.20518510600100892, 
0.112679152064076, 0.08360245431464987, 0.1447523955940621, 0.08938803325403506, 0.17213704079740966, 0.22530388317835753, 0.17213704079740966, 
0.10813335362461099, 0.09472173942181264, 0.1527771404001602, 0.08849019113260674, 0.2265095115556054, 0.10285855230959867, 0.2265095115556054, 
0.11229391867615028, 0.0725442591938527, 0.15258260431861773, 0.06214003759388767, 0.18311585550780587, 0.2342074692018799, 0.18311585550780587, 
0.09429926154941787, 0.08287213243445926, 0.11915183409537726, 0.06917584839806468, 0.18985770720969658, 0.25478550910328784, 0.18985770720969658, 
0.11765735297142363, 0.0930899280770552, 0.1438064083253553, 0.1090776449576744, 0.18013482739804174, 0.17609901087240787, 0.18013482739804174, 
0.1220377396599979, 0.09064898264640663, 0.1543774993557144, 0.11170587683029375, 0.18047408925570307, 0.16028172299618115, 0.18047408925570307, 
0.13986100292544368, 0.10261470573949909, 0.1890370439884345, 0.13180400101075748, 0.14805764425178458, 0.1405679578322961, 0.14805764425178458, 
0.126931888104659, 0.13148854554980619, 0.14740628526423613, 0.1277704783045432, 0.15031217235103433, 0.16577845807468666, 0.15031217235103433, 
0.11110397056314589, 0.08888065853659156, 0.13617728569158027, 0.07304014926911921, 0.17784621639565326, 0.23510550314825657, 0.17784621639565326, 
0.10650200517089266, 0.08717794083977633, 0.13076979605348804, 0.08517342080060301, 0.1453316178668215, 0.29971360140159686, 0.1453316178668215, 
0.12262733249002222, 0.08566576545203572, 0.14300259735911178, 0.0715125364097249, 0.1990187895057815, 0.17915418927754242, 0.1990187895057815, 
0.11580349671841429, 0.13532313807204485, 0.1572027303922298, 0.10723771925972025, 0.1865108421732185, 0.11141123121115379, 0.1865108421732185, 
0.1407023189219222, 0.12751814138155063, 0.1536917386992228, 0.12357829115078167, 0.1736632763548512, 0.10718295713682023, 0.1736632763548512, 
0.13676050524684524, 0.16152669470315917, 0.1934431018802621, 0.16168627320235152, 0.1190964824294967, 0.10839046010838851, 0.1190964824294967, 
0.12777679062729974, 0.12941482598862153, 0.16709683977070194, 0.12803304255567877, 0.1680510430811508, 0.11157641489539637, 0.1680510430811508, 
0.134190740212529, 0.1216499856239759, 0.21248218730397195, 0.1377371203106804, 0.1462664743466997, 0.10140701785544326, 0.1462664743466997, 
0.14542347607135528, 0.14955946379653348, 0.17252007985199547, 0.1587133429722808, 0.12149782520742228, 0.13078798689299034, 0.12149782520742228, 
0.10808427396285983, 0.09798016682830539, 0.1495775235885981, 0.06337413909425417, 0.21270648900921468, 0.15557091850755303, 0.21270648900921468, 
0.09460174700055221, 0.11947217464787832, 0.11407831207787128, 0.061184692596299675, 0.19661573894219264, 0.21743159579301327, 0.19661573894219264, 
0.1331586316247638, 0.16456582002579548, 0.21211010554439905, 0.13865902482189088, 0.13211755880645884, 0.08727130037023305, 0.13211755880645884, 
0.1135966681376079, 0.1067590157397575, 0.12388828786217616, 0.08477069294903625, 0.17493880759152686, 0.22110772012836852, 0.17493880759152686, 
0.10364848665828832, 0.1292981187776325, 0.1384333653965766, 0.10614957155910745, 0.15440483222309712, 0.21366079316220096, 0.15440483222309712, 
0.11067030715260058, 0.09836974458351248, 0.13176572616423618, 0.10717926356373887, 0.1567327727557431, 0.23854941302442567, 0.1567327727557431, 
0.09619038235450043, 0.10373448652308655, 0.11854583330623467, 0.08872091645352113, 0.15929012220992045, 0.2742281369428163, 0.15929012220992045, 
0.1316587700130028, 0.07884507826070178, 0.14936943144901027, 0.10574133986573657, 0.14121431501256104, 0.25195675038642645, 0.14121431501256104, 
0.1255036789719005, 0.13831435462760042, 0.21185153237832904, 0.11529030234578097, 0.16284319447291565, 0.08335374273055768, 0.16284319447291565, 
0.11930144679137145, 0.12621319778225945, 0.17656526948355214, 0.12158549819252729, 0.15851506021418862, 0.13930446732191262, 0.15851506021418862, 
0.1065493816050901, 0.0912108729987058, 0.1326369000988502, 0.09030700469178492, 0.17170352471745903, 0.23588879117065079, 0.17170352471745903, 
0.10338198249155146, 0.10059061345793305, 0.14028876659250306, 0.08451292064504577, 0.17047592739140324, 0.23027386203016023, 0.17047592739140324, 
0.1312892623141128, 0.12335916957510758, 0.1568351627466224, 0.12227274694976716, 0.16428710318981785, 0.13766945203475442, 0.16428710318981785, 
0.09059323818391758, 0.09741747016569205, 0.11408719500220565, 0.0573569213747824, 0.1969665859514537, 0.24661200337049494, 0.1969665859514537, 
0.12929995535278335, 0.07317179001519425, 0.1601425739245912, 0.057227895375688655, 0.2305050549933644, 0.11914767534501378, 0.2305050549933644, 
0.10542408483862195, 0.11103312156995168, 0.1510184387345333, 0.09041806309771126, 0.15965380220196593, 0.22279868735524988, 0.15965380220196593, 
0.11681123904269371, 0.10124955639707892, 0.17068912365771488, 0.10534826745615236, 0.14986175253801085, 0.2061783083703384, 0.14986175253801085, 
0.10162465543450155, 0.09417017469402149, 0.1232059706235485, 0.05926287600912901, 0.202745008881993, 0.21624630547481352, 0.202745008881993, 
0.13038329747846272, 0.06030546566375829, 0.1787367294385661, 0.048583065768888795, 0.17371677202178726, 0.23455789760674944, 0.17371677202178726, 
0.1351065977759732, 0.08969850695945882, 0.18575348656342194, 0.10682364096827139, 0.16520005998895737, 0.1522176477549599, 0.16520005998895737, 
0.121321379295388, 0.11987975042849382, 0.14205560862377511, 0.09360130219715554, 0.17669141048927758, 0.16975913847663232, 0.17669141048927758, 
0.12897867631218612, 0.10681881386685643, 0.15206916270431792, 0.08876620103239896, 0.15884085163740858, 0.2056854428094233, 0.15884085163740858, 
0.13082341993784144, 0.11138945116733803, 0.15719785320894752, 0.09875960892447498, 0.13982147035334241, 0.22218672605471318, 0.13982147035334241, 
0.1149551742477035, 0.0864408020064966, 0.12675268650311255, 0.08071457845343762, 0.15600557663115733, 0.279125605526935, 0.15600557663115733, 
0.12592809145684988, 0.11606809132415795, 0.14457592819500295, 0.12103341662626667, 0.15959750362374284, 0.17319946515023693, 0.15959750362374284, 
0.10942836565937292, 0.0989392019954984, 0.16727823173251066, 0.07966552937884229, 0.18497275613136674, 0.1747431589710423, 0.18497275613136674, 
0.11139604089824283, 0.10129069402483977, 0.15478099979732748, 0.11968659466089568, 0.1319770051876831, 0.2488916602433279, 0.1319770051876831, 
0.11307629581607369, 0.09478361259105854, 0.1688142355246658, 0.08774806509786971, 0.1426926335220107, 0.25019252392631075, 0.1426926335220107, 
0.12265953525256207, 0.09853842470475944, 0.16090203535467254, 0.12317787557876296, 0.13606201783188077, 0.22259809344548154, 0.13606201783188077, 
0.1130743708435548, 0.11591858464443165, 0.1638227117067955, 0.134197273881314, 0.12822568282858832, 0.21653569326672747, 0.12822568282858832, 
0.12372365745084561, 0.1310514847350675, 0.1742082823549657, 0.1354393021621808, 0.14114583100378053, 0.15328561128937937, 0.14114583100378053, 
0.10594224803475982, 0.07623789958704512, 0.12862618750139582, 0.05729175612201149, 0.2157723633304252, 0.20035718209393735, 0.2157723633304252, 
0.1005097255898963, 0.11606900896756873, 0.13631466301671996, 0.08068580205469526, 0.1711721509987174, 0.22407649837368504, 0.1711721509987174, 
0.11224007868101049, 0.09414145150911465, 0.1765346529538069, 0.11996582717297591, 0.16343230289522614, 0.17025338389263966, 0.16343230289522614, 
0.12883440920369513, 0.09841160045317722, 0.1530617058302846, 0.10929421737441768, 0.17460641837911034, 0.16118523038020466, 0.17460641837911034, 
0.13485002623111966, 0.11473762602161221, 0.16205141636615228, 0.1290223334744294, 0.16449110578146653, 0.1303563863437534, 0.16449110578146653, 
0.12330902019386039, 0.1372956805059061, 0.1654382284354004, 0.1125894308885153, 0.1819419256905038, 0.09748378859531011, 0.1819419256905038, 
0.12787727166269042, 0.18815687579075152, 0.1578266611932482, 0.1344200880744164, 0.1415654756013979, 0.10858815207609765, 0.1415654756013979, 
0.09480485175700575, 0.15232581607216142, 0.10573407228781742, 0.045329218753523255, 0.19436329336555364, 0.21307945439838488, 0.19436329336555364, 
0.12629824664997075, 0.08952850451151478, 0.11755441637127279, 0.09347764645077533, 0.16915955484831613, 0.2348220763198342, 0.16915955484831613, 
0.1263619048060969, 0.10270905714535034, 0.1313152141701385, 0.09482548953692095, 0.14504666192532656, 0.2546950104908401, 0.14504666192532656, 
0.10321274709625991, 0.06736457356204227, 0.14784367377816712, 0.10473190887469983, 0.15428868453941755, 0.2682697276099957, 0.15428868453941755, 
0.10544525428623185, 0.06480497600545126, 0.10476679768192233, 0.06192137819624022, 0.17757035890739659, 0.30792087601536117, 0.17757035890739659, 
0.1446654372055015, 0.11029996936937585, 0.22479260575063845, 0.1076158994863898, 0.15360202483835697, 0.10542203851138057, 0.15360202483835697, 
0.11200930835413277, 0.08990177914354851, 0.151938966825984, 0.08268131464497316, 0.1662032092773882, 0.23106221247658523, 0.1662032092773882, 
0.13399776237893424, 0.12067566867563549, 0.14680701549812106, 0.12926755917645052, 0.14732131115783353, 0.1746093719551916, 0.14732131115783353, 
0.0940041590811809, 0.11531714023417285, 0.16042097970604285, 0.053609040412187364, 0.19577537647419616, 0.18509792761802368, 0.19577537647419616, 
0.12051455055513674, 0.08746821943696012, 0.16839128584602173, 0.08171755172064038, 0.20159498347227672, 0.13871842549668761, 0.20159498347227672, 
0.15442528087481822, 0.13232267519534582, 0.18632383692252916, 0.19174851710612137, 0.09845866196189126, 0.13826236597740282, 0.09845866196189126, 
0.11879605891131785, 0.1359246766835177, 0.15932793711080678, 0.10990556622307174, 0.17957987095278125, 0.11688601916572333, 0.17957987095278125, 
0.12392688854863965, 0.12526751267547467, 0.14398954051781523, 0.12100868984112226, 0.13293534967211787, 0.2199366690727124, 0.13293534967211787, 
0.11890234384537378, 0.12025835746838676, 0.1714423004964452, 0.08421285418702866, 0.18570791409440765, 0.13376831581395032, 0.18570791409440765, 
0.11384642567719049, 0.09853421554146932, 0.1605338163909591, 0.08322219857151555, 0.193718746669526, 0.15642585047981372, 0.193718746669526, 
0.15009096784170844, 0.16501029430814407, 0.17428817009605416, 0.19056927505863575, 0.10977489097237579, 0.10049151075070606, 0.10977489097237579, 
0.13307634671835997, 0.1430730750175134, 0.17891590502758556, 0.11800264140289544, 0.15569024755351005, 0.11555153672662549, 0.15569024755351005, 
0.15344530492125621, 0.13713475407972853, 0.17700584501613872, 0.16519636036551896, 0.10663596476103072, 0.1539458060952962, 0.10663596476103072, 
0.11798036569433035, 0.08171388381103568, 0.16051841753579935, 0.06976963122121796, 0.2075793298461303, 0.1548590420453561, 0.2075793298461303, 
0.13659454716823033, 0.13247984522619996, 0.19482057968280891, 0.14724775408987686, 0.10515523435933849, 0.17854680511420698, 0.10515523435933849, 
0.11622248672228482, 0.09669238274104815, 0.15555706998369975, 0.10112453398120923, 0.1791833645072361, 0.17203679755728582, 0.1791833645072361, 
0.12314003175122983, 0.12113709041288954, 0.19493251955842011, 0.12142471960739983, 0.1502878968553517, 0.13878984495935723, 0.1502878968553517, 
0.13895222148936268, 0.10535496727270148, 0.1834922432532361, 0.13163931184053737, 0.12260852949325168, 0.19534419715765902, 0.12260852949325168, 
0.1433939269646333, 0.16541569710816673, 0.17425061335366396, 0.1658484101545797, 0.13224012181224665, 0.0866111087944631, 0.13224012181224665, 
0.09643773400638514, 0.07964824499465142, 0.13085690092012067, 0.07758529999330091, 0.16643002120884218, 0.2826117776678576, 0.16643002120884218, 
0.10608505898295281, 0.0746235395247744, 0.13172233508048306, 0.09599377800186205, 0.14380051958753726, 0.3039742492348532, 0.14380051958753726, 
0.09613745096678775, 0.10101688500692649, 0.12275687908772183, 0.07410980569991188, 0.15640279657913955, 0.29317338608037297, 0.15640279657913955, 
0.10666525051940617, 0.08389594592135662, 0.129993567024686, 0.08097176971458386, 0.16531662636452213, 0.2678402140909232, 0.16531662636452213, 
0.1304442946591985, 0.09673217275138135, 0.1425957873612628, 0.0986437540725014, 0.15676875150394967, 0.21804648814775646, 0.15676875150394967, 
0.12129432429020369, 0.08872712117574832, 0.117418755128387, 0.08315589800660596, 0.15390339651345247, 0.2815971083721503, 0.15390339651345247, 
0.10595179024523077, 0.08753254306480783, 0.13413477842661417, 0.06862967043065007, 0.1796009189195023, 0.24454937999369258, 0.1796009189195023, 
0.12100479283602841, 0.09935549140505674, 0.16996721208620183, 0.10830176850870238, 0.13451505764349198, 0.23234061987702676, 0.13451505764349198, 
0.12339952779794952, 0.09949192700112491, 0.15155564720594142, 0.09815548868794062, 0.17627278507851213, 0.1748518391500192, 0.17627278507851213, 
0.1238988510100068, 0.1155584614252935, 0.13132234325083025, 0.1165976990838193, 0.15113945807181184, 0.21034372908642662, 0.15113945807181184, 
0.11923319532027063, 0.09093988360421941, 0.11644513353832246, 0.07537161060614925, 0.15926158994098627, 0.27948699704906566, 0.15926158994098627, 
0.1357721261310886, 0.10199399646387446, 0.1576467078067006, 0.1104302253824991, 0.18689140350707883, 0.12037413720167955, 0.18689140350707883, 
0.13749666899845298, 0.13861421245643604, 0.1796662530948274, 0.12176670140644576, 0.16879508561658854, 0.08486599281066068, 0.16879508561658854, 
0.1406574914050764, 0.10287273738482598, 0.17333036418240022, 0.10286238108049278, 0.1660174743200563, 0.14824207730709202, 0.1660174743200563, 
0.11717386761365677, 0.07718200758875611, 0.11995400581157878, 0.062460222597290525, 0.20528336249799511, 0.2126631713927276, 0.20528336249799511, 
0.12945293679054085, 0.07597417132377125, 0.13185246033793527, 0.07849475846507227, 0.17487992881302192, 0.23446581545663647, 0.17487992881302192, 
0.12784930223328556, 0.1305096408778445, 0.15501015300426266, 0.10037088363359624, 0.13992443629216628, 0.20641114766667856, 0.13992443629216628, 
0.13394567537830024, 0.13838331983352456, 0.1740140773489179, 0.12723213154347043, 0.11675670144610985, 0.19291139300356716, 0.11675670144610985, 
0.13986873377927073, 0.10088372326056134, 0.16631651082660548, 0.09998207779434043, 0.17040558097581776, 0.1521377923875866, 0.17040558097581776, 
0.13197041570694631, 0.1214964143494371, 0.13598172646520956, 0.09651724879443672, 0.1521874918247847, 0.20965921103440105, 0.1521874918247847, 
0.14440210775198722, 0.09879047993199129, 0.19266867470639457, 0.13418221409580403, 0.13192074150092184, 0.16611504051197923, 0.13192074150092184, 
0.13412512890548572, 0.13151287814110207, 0.14818889136571262, 0.15386114764089687, 0.10809347120361046, 0.21612501153958183, 0.10809347120361046, 
0.09447956806652391, 0.10691009617247876, 0.11767472336120376, 0.07841765755410444, 0.17626540571154067, 0.2499871434226078, 0.17626540571154067, 
0.10119800343242691, 0.12006695208295279, 0.13550057175344035, 0.08399636565497914, 0.15455525995152813, 0.2501275871731446, 0.15455525995152813, 
0.10828607734889487, 0.11619182317959946, 0.1454330939184683, 0.09381931875668256, 0.14098096453860373, 0.25430775771914743, 0.14098096453860373, 
0.12833663577171653, 0.11515358750144558, 0.16267606756979214, 0.12278398648504465, 0.12787426986394568, 0.21530118294410966, 0.12787426986394568, 
0.09823093359964745, 0.11226428357105514, 0.12929880925032014, 0.0993052612327996, 0.1637952787620662, 0.23331015482204517, 0.1637952787620662, 
0.11818714887396024, 0.11168526121482257, 0.12645198039409544, 0.10039403759868316, 0.1610250178788788, 0.22123153616068106, 0.1610250178788788, 
0.1092736923979379, 0.09406264181125257, 0.13646872238751492, 0.09840349894818586, 0.1764181806126852, 0.20895508322973846, 0.1764181806126852, 
0.1184311548021899, 0.07713728601503336, 0.163925273378626, 0.10787832094670781, 0.16637739595000164, 0.1998731729574397, 0.16637739595000164, 
0.12927878710599486, 0.0919337233536778, 0.20488332127829406, 0.10229692044941754, 0.15118558369526242, 0.16923608042209098, 0.15118558369526242, 
0.13985418782697145, 0.14445444207179162, 0.1578648880747733, 0.16648224482054294, 0.1061188382606015, 0.17910656068471767, 0.1061188382606015, 
0.1468754284453031, 0.10532464371069801, 0.17305068515788136, 0.15831215159176315, 0.11335118169128214, 0.18973472771179015, 0.11335118169128214, 
0.11025362976733231, 0.09866574191936586, 0.1530096252920378, 0.061904963911893186, 0.20146871585463683, 0.1732286074000972, 0.20146871585463683, 
0.11177068065119689, 0.11747267321926363, 0.1368901204586959, 0.058843325447337246, 0.18398181045931053, 0.20705957930488528, 0.18398181045931053, 
0.1309325020294341, 0.07374749575449495, 0.1783288617096728, 0.06422847335626107, 0.20175614048126184, 0.14925038618761338, 0.20175614048126184, 
0.1228659817571571, 0.07462881728959647, 0.17496207873840958, 0.07148505109251707, 0.19096854859606086, 0.17412097393019807, 0.19096854859606086, 
0.12110815817010055, 0.15034388783298666, 0.1593068313882462, 0.13608675740745532, 0.15412819251816615, 0.12489798016487906, 0.15412819251816615, 
0.11679389851104799, 0.13379770872446148, 0.16815109057213637, 0.08899827512016635, 0.1997976773074999, 0.09266367245718803, 0.1997976773074999, 
0.11344172470602282, 0.10055324121747734, 0.15877362665659667, 0.0878291773786176, 0.20301500501268116, 0.13337222001592322, 0.20301500501268116, 
0.11881438018720403, 0.11132268008584659, 0.13527537619693297, 0.07353777469291004, 0.1799127841744335, 0.20122422048823943, 0.1799127841744335, 
0.1297500238926033, 0.09378673099748723, 0.13402023741905814, 0.1105781988416372, 0.14614980749128642, 0.23956519386664127, 0.14614980749128642, 
0.10875833055013512, 0.09459198535038475, 0.14451438264498356, 0.10757068088915893, 0.18683226491274746, 0.17090009073984255, 0.18683226491274746, 
0.12347416052176229, 0.08134848373770875, 0.11921081148732324, 0.07471008611173487, 0.1560524262335254, 0.2891516056744202, 0.1560524262335254, 
0.1337677181159336, 0.08983719647217098, 0.13343233163751833, 0.09830041516031511, 0.15531414504744703, 0.23403404851916781, 0.15531414504744703, 
0.11153899065007683, 0.09599120037868948, 0.13028151143662464, 0.08701746675834458, 0.15216390883007624, 0.270843013116112, 0.15216390883007624, 
0.12871736249367025, 0.10590683382125775, 0.1545627034735315, 0.15330407722898262, 0.1216849711155385, 0.21413908075148086, 0.1216849711155385, 
0.09930820230752758, 0.06746639577896191, 0.12899025358304214, 0.06804711113992286, 0.2149465284024275, 0.20629498038569044, 0.2149465284024275, 
0.12512551069373307, 0.08528672236912267, 0.13850349862406328, 0.1263478840568816, 0.1535897703586275, 0.2175568435389443, 0.1535897703586275, 
0.13012294654075732, 0.13874984148597633, 0.14830078224846518, 0.14088967342530412, 0.14830911448016698, 0.14531852733916298, 0.14830911448016698, 
0.12367158781359021, 0.11006570362612507, 0.14055093453353296, 0.12582973650640325, 0.15039872428241707, 0.19908458895551426, 0.15039872428241707, 
0.12478975600645636, 0.1082041919708246, 0.1383917248149397, 0.11864615620444136, 0.13339582093217625, 0.24317652913898538, 0.13339582093217625, 
0.13570369671021493, 0.11116588193435568, 0.1507333808178311, 0.12987400170951657, 0.1568986633956204, 0.1587257120368411, 0.1568986633956204, 
0.12359862587220875, 0.12708082575875013, 0.1376762795511947, 0.10666179343997771, 0.15992313390467533, 0.18513620756851806, 0.15992313390467533, 
0.12411841151784708, 0.0961300168153343, 0.13033381607873068, 0.09584438553772448, 0.1795557669163496, 0.1944618362176641, 0.1795557669163496, 
0.09998245407643663, 0.08570993434975936, 0.1306023039035302, 0.07756247001459449, 0.1873848364745166, 0.231373164706646, 0.1873848364745166, 
0.09964866087057744, 0.1340285428125075, 0.12690800191903023, 0.08331142833600601, 0.1636558035110344, 0.2287917590398099, 0.1636558035110344, 
0.10980268288119392, 0.071304474881534, 0.15579323895972969, 0.10202629618206965, 0.1467478479176813, 0.2675776112601101, 0.1467478479176813, 
0.10354369103781631, 0.0865260907996559, 0.12466963703611608, 0.07890993893891073, 0.1674351806630457, 0.2714802808614096, 0.1674351806630457, 
0.11234502305547961, 0.09337082603252847, 0.1385064168198617, 0.0943373477793843, 0.18407042765764497, 0.19329953099745595, 0.18407042765764497, 
0.11869030782662854, 0.1316691519443686, 0.15728066461875775, 0.10499494117552653, 0.1681371796597599, 0.15109057511519874, 0.1681371796597599, 
0.1329057383977398, 0.13169184801386932, 0.17611748115702097, 0.12802469250252674, 0.16107759480211614, 0.10910505032461097, 0.16107759480211614, 
0.10751019198214379, 0.08223363438899538, 0.13045314285646717, 0.0884955495389954, 0.21499665664861978, 0.16131416793615855, 0.21499665664861978, 
0.13385092006767865, 0.11305216244927879, 0.20680316201206206, 0.10845566220284439, 0.17769741171038372, 0.0824432698473687, 0.17769741171038372, 
0.11035622930166863, 0.07608349003289172, 0.14746541939719737, 0.08149480800992509, 0.18985885897154217, 0.20488233531523278, 0.18985885897154217, 
0.1168382324936742, 0.1291063881361867, 0.1284727659470616, 0.08575310268176797, 0.20735296546265794, 0.12512357981599362, 0.20735296546265794, 
0.12590235343655, 0.10574500564514325, 0.14856060823910375, 0.09223771757048391, 0.20380586416807597, 0.11994258677256708, 0.20380586416807597, 
0.13695286254174788, 0.10504202793860311, 0.1573275087462782, 0.08796632967721313, 0.1998719788026908, 0.11296731349077598, 0.1998719788026908, 
0.13660535571948554, 0.08051619753090584, 0.15409175472146136, 0.07766443757725158, 0.17213619049111048, 0.2068498734686747, 0.17213619049111048, 
0.14403511244162315, 0.11075696448135942, 0.16617017630383066, 0.14221231067797682, 0.1725840299628498, 0.09165737616951042, 0.1725840299628498, 
0.11145980934595838, 0.08004796799122649, 0.1566538324425807, 0.06609192428652182, 0.18397607242103317, 0.21779432109164623, 0.18397607242103317, 
0.13136977376948156, 0.10636830588846931, 0.1420291768347316, 0.09300225908087713, 0.2024534877271973, 0.12232350897204575, 0.2024534877271973, 
0.13715684936325517, 0.12074684188606664, 0.15742528281654775, 0.1440829076115336, 0.14411706534379273, 0.15235398763501123, 0.14411706534379273, 
0.10659492521506143, 0.07215756906751333, 0.16030473931577713, 0.056995922548975134, 0.1916827651766761, 0.22058131349932092, 0.1916827651766761, 
0.1313627818564172, 0.1367333994423998, 0.17107619661078116, 0.12486634945274705, 0.1703788297053663, 0.09520361322692227, 0.1703788297053663, 
0.1357122246236188, 0.12456440146090897, 0.1685203039556507, 0.12537740973747694, 0.17610899530075352, 0.09360766962083752, 0.17610899530075352, 
0.11207176327096194, 0.08412381063182886, 0.14541838694979006, 0.08794962475597251, 0.17558513665793996, 0.21926614107556672, 0.17558513665793996, 
0.12081581871565575, 0.08411507889230896, 0.15458865652406434, 0.08144328462729634, 0.17245085018995457, 0.21413546086076543, 0.17245085018995457, 
0.10429323906837032, 0.07736244807938815, 0.12298569351429327, 0.07921195138411266, 0.1830776572396767, 0.24999135347448231, 0.1830776572396767, 
0.10055367977112964, 0.09202849399347232, 0.12988204287245741, 0.07767728711469682, 0.1850280890546237, 0.22980231813899638, 0.1850280890546237, 
0.11040670044543367, 0.11502945510518828, 0.15655100467417982, 0.09768629684252526, 0.1730690272523877, 0.17418848842789753, 0.1730690272523877, 
0.15356167543773014, 0.15869691262345953, 0.18786432303228717, 0.16702349275486975, 0.12422971326371612, 0.08439416962422114, 0.12422971326371612, 
0.1572898220831338, 0.17283715588293785, 0.18831515470614288, 0.18990933892672376, 0.09737560440760018, 0.09689731958586131, 0.09737560440760018, 
0.1422510863751024, 0.12246585601448753, 0.18419728261967175, 0.12133952780718639, 0.13907809261362072, 0.1515900619563103, 0.13907809261362072, 
0.13564967122634083, 0.11652975093619353, 0.14845045008114655, 0.12732660658876682, 0.1673789458043897, 0.1372856295587728, 0.1673789458043897, 
0.11179472408457863, 0.07725471918074636, 0.13142911931218945, 0.07103099134246255, 0.21679028105532666, 0.1749098839693697, 0.21679028105532666, 
0.10766770966908491, 0.06825445976277378, 0.12276448439438502, 0.048885452805202755, 0.2160515200298759, 0.22032485330880175, 0.2160515200298759, 
0.11760558458846324, 0.0884023246793366, 0.12616359328700189, 0.07101392617273969, 0.20881821591063793, 0.17917813945118283, 0.20881821591063793, 
0.1385257461497101, 0.09668949032894991, 0.14502889923330073, 0.12698236668061755, 0.15948175484537222, 0.17380998791667732, 0.15948175484537222, 
0.11988706723303948, 0.07747843764527566, 0.15066142553781797, 0.0663305157579982, 0.17254033614199224, 0.24056188154188438, 0.17254033614199224, 
0.14268306239527065, 0.1240394766708032, 0.1466143907342157, 0.11603749336815347, 0.16999921782756378, 0.13062714117642946, 0.16999921782756378, 
0.12888418294665496, 0.0920337125013754, 0.15234711123446543, 0.07272913895550707, 0.1941529668637591, 0.1656999206344789, 0.1941529668637591, 
0.13221982962361636, 0.0857164970600875, 0.13840069673879732, 0.08399491144153759, 0.1581728775786289, 0.24332230997870335, 0.1581728775786289, 
0.1445006472028927, 0.11961878032623934, 0.15466985221520177, 0.12718633440316268, 0.12094035351740139, 0.2121436788177008, 0.12094035351740139, 
0.12608549315659962, 0.10357376379344617, 0.1612425592684384, 0.10983401398401857, 0.12403347559612349, 0.2511972186052503, 0.12403347559612349, 
0.10388486597702289, 0.1029427794147696, 0.1322244309698985, 0.103613078821457, 0.1452747757123946, 0.26678529339206264, 0.1452747757123946, 
0.1114813410215889, 0.09799246709047539, 0.11788764751467716, 0.09025800301628424, 0.16275917294559086, 0.2568621954657926, 0.16275917294559086, 
0.09605655979532736, 0.08980434358885962, 0.1373183036515469, 0.06674399061116232, 0.17876603791965093, 0.25254472651380205, 0.17876603791965093, 
0.10485681922949239, 0.10511516034722608, 0.12252245588188762, 0.0921433766774334, 0.17184194274833456, 0.23167830236729137, 0.17184194274833456, 
0.10472394238425241, 0.11302855552667906, 0.134081696683386, 0.08605750829560724, 0.17767916563883815, 0.20674996583239913, 0.17767916563883815, 
0.11350179882674628, 0.10277027665979212, 0.14363364994221528, 0.09914041102726731, 0.16392616945474145, 0.21310152463449608, 0.16392616945474145, 
0.1248034191314333, 0.10011151597675941, 0.15785416907197342, 0.11400592973085923, 0.16930818416342494, 0.16460859776212475, 0.16930818416342494, 
0.10831145392522358, 0.12652675769895355, 0.13958010608459454, 0.08987272663566218, 0.17744732387554635, 0.18081430790447348, 0.17744732387554635, 
0.11291127799927113, 0.10361275610838495, 0.13970407251470168, 0.1146440886844838, 0.17839030482752474, 0.17234719503810897, 0.17839030482752474, 
0.13305981845366913, 0.14903171056834713, 0.1528935914178981, 0.165455163664474, 0.109995007840777, 0.1795697002140576, 0.109995007840777, 
0.12616308805569837, 0.09925505266681828, 0.1594565718518317, 0.11850149311210428, 0.16814552467939542, 0.1603327449547565, 0.16814552467939542, 
0.11741383697941979, 0.11688871934037498, 0.1392054314381655, 0.11363346490011493, 0.15907132152124387, 0.19471590429943708, 0.15907132152124387, 
0.13337744877500982, 0.10726304523046178, 0.1469108157010914, 0.12618298891193214, 0.16251748171440056, 0.1612307379527037, 0.16251748171440056, 
0.13436997183892027, 0.10105957066391626, 0.15362704334577199, 0.12214131960312885, 0.17880645900696934, 0.1311891765343241, 0.17880645900696934, 
0.144800550502977, 0.1211262834885077, 0.14138827919455946, 0.16869016243115867, 0.1336368728709677, 0.1567209786408618, 0.1336368728709677, 
0.10247651416594326, 0.1009176549705411, 0.12166534345305707, 0.06586304534793377, 0.2048117003563396, 0.19945404134984576, 0.2048117003563396, 
0.12436951773209762, 0.1096826522048047, 0.15258118454654887, 0.11962007477294698, 0.16897213623385351, 0.15580229827589476, 0.16897213623385351, 
0.11024671685340266, 0.10348068008119307, 0.14009852372550205, 0.09287987255293119, 0.18445081614047093, 0.18439257450602917, 0.18445081614047093, 
0.11912171902355013, 0.09844088206453465, 0.1533046260404295, 0.1115043283584551, 0.1649895007840678, 0.187649442944895, 0.1649895007840678, 
0.1092544622420687, 0.08733290166287024, 0.13130729644202432, 0.08022653183253124, 0.17669658728155804, 0.23848563325738947, 0.17669658728155804, 
0.10323662062954651, 0.08557848751830759, 0.13156660499790007, 0.06689122358426859, 0.20349270419016094, 0.20574165488965535, 0.20349270419016094, 
0.10264939977625952, 0.08044181557532668, 0.1139264400174284, 0.07824170450582704, 0.16957237503096098, 0.2855958900632364, 0.16957237503096098, 
0.10633724960319858, 0.11365985586050674, 0.128423536919367, 0.10302738575207805, 0.1853120354293369, 0.1779279010061759, 0.1853120354293369, 
0.11857904595410851, 0.11717199854932882, 0.1440400314394856, 0.1002507915616487, 0.17163288286100067, 0.1766923667734271, 0.17163288286100067, 
0.12088814143307196, 0.13309838351352823, 0.15238062094832133, 0.12427754821478025, 0.15226939945343415, 0.16481650698342978, 0.15226939945343415, 
0.13087561013090063, 0.13319245574428457, 0.15690726591643164, 0.1508167538048502, 0.12719517408413752, 0.17381756623525785, 0.12719517408413752, 
0.1268288253416134, 0.13170865399155793, 0.16087253993554237, 0.13211830322226756, 0.15109111509802867, 0.14628944731296148, 0.15109111509802867, 
0.10942116525184543, 0.11729120461320047, 0.1308133671478957, 0.09556218214309246, 0.1806933208596232, 0.18552543912471958, 0.1806933208596232, 
0.10677355913497553, 0.09591829099571904, 0.1418980499470032, 0.0806696940641898, 0.17797681388171238, 0.21878677809468755, 0.17797681388171238, 
0.11947452524305167, 0.0926887695653578, 0.13232722394787713, 0.09687033212975861, 0.16519285017601731, 0.22825344876192014, 0.16519285017601731, 
0.12025354957899466, 0.11230315011615304, 0.14119207657685104, 0.09587111330415282, 0.1857055325174631, 0.15896904538892204, 0.1857055325174631, 
0.12556726351687805, 0.10067508076133172, 0.14100268226464777, 0.10037754422520508, 0.16042286522552332, 0.21153169878089062, 0.16042286522552332, 
0.12030442509345912, 0.13734046685791285, 0.1621943214733282, 0.09604244104103729, 0.16589390778009497, 0.15233052997407268, 0.16589390778009497, 
0.1180244120542769, 0.11694419737900848, 0.14342218600111817, 0.112480452819443, 0.14341579075305694, 0.22229717024003967, 0.14341579075305694, 
0.12133201676806316, 0.12390902601837858, 0.15558820678278865, 0.09829187983034383, 0.20620789822112495, 0.08846307415817564, 0.20620789822112495, 
0.13528051147317985, 0.09523679838187232, 0.168692659218013, 0.10034240390971479, 0.1648941714800046, 0.17065928405721095, 0.1648941714800046, 
0.13348115123016782, 0.12507857425746044, 0.1711274548734767, 0.11079186810056237, 0.17454341943816706, 0.11043411266199864, 0.17454341943816706, 
0.09893628164704278, 0.0865150522943675, 0.12295003822934324, 0.059541078517743366, 0.21478434386797973, 0.20248886157554374, 0.21478434386797973, 
0.10306216522294563, 0.12389223983615326, 0.13209170747151808, 0.07659710721277903, 0.17636877493474007, 0.21161923038712388, 0.17636877493474007, 
0.11744500974074758, 0.10822070624221977, 0.13640415511061324, 0.11050803285962894, 0.15896838654816806, 0.20948532295045433, 0.15896838654816806, 
0.11311161208918942, 0.13019725537461943, 0.13177655373543762, 0.11087032419833891, 0.15303246662693054, 0.20797932134855343, 0.15303246662693054, 
0.13283499864261644, 0.11094104518370058, 0.13637460633572446, 0.12594452932520553, 0.13528291267822856, 0.22333899515629596, 0.13528291267822856, 
0.13503765473463197, 0.14411101470777707, 0.15512968973663957, 0.15828339208646428, 0.11216435049462084, 0.18310954774524554, 0.11216435049462084, 
0.12257304657208147, 0.09823714265303926, 0.1389273506858199, 0.0774777383715517, 0.17385468321388947, 0.21507535528972857, 0.17385468321388947, 
0.11090369412471793, 0.11211527340703521, 0.14074643625127808, 0.09100409926527447, 0.20130872920686188, 0.14261303853797055, 0.20130872920686188, 
0.09790891916952264, 0.08555531879693834, 0.13369095447440427, 0.05236480153580803, 0.21468257291377474, 0.2011148601957773, 0.21468257291377474, 
0.12698622020999561, 0.11595988550863717, 0.18636526150114363, 0.1027302906698536, 0.179596261693673, 0.1087658187230239, 0.179596261693673, 
0.11471261688002173, 0.11520845306632485, 0.14025368974316454, 0.09133739298340907, 0.1950899888819052, 0.1483078695632694, 0.1950899888819052, 
0.12313706928491172, 0.1162850180033489, 0.145144869659731, 0.1078454565395689, 0.19151796002482163, 0.12455166646279636, 0.19151796002482163, 
0.11458968634966014, 0.08219954627538147, 0.14756064220313153, 0.07840570447362502, 0.16124221769018204, 0.25475998531783767, 0.16124221769018204, 
0.10885526920348153, 0.09936747583283785, 0.13825160423306287, 0.0846245629966506, 0.2121183228746984, 0.1446644419845704, 0.2121183228746984, 
0.11794981762244512, 0.10283802131383236, 0.13355897617036733, 0.11006942601693703, 0.15486618164579952, 0.22585139558481915, 0.15486618164579952, 
0.12715038235273274, 0.1145796846072698, 0.1468630963253931, 0.11929115444765424, 0.14733279524463655, 0.19745009177767703, 0.14733279524463655, 
0.13299077823337066, 0.13382276475250807, 0.14895782303109648, 0.13726617732728486, 0.12678354860948693, 0.19339535943676595, 0.12678354860948693, 
0.115383340810241, 0.09262185248591621, 0.150966344871747, 0.09539406021216329, 0.1411806980289456, 0.26327300556204125, 0.1411806980289456, 
0.1317429814111474, 0.14311143883852853, 0.14308678685973883, 0.1474399829041055, 0.12735906814989054, 0.17990067368669863, 0.12735906814989054, 
0.1480787657066649, 0.1317244918114077, 0.16040515248461756, 0.1789809904808351, 0.10889491543552553, 0.16302076864542375, 0.10889491543552553, 
0.1288465309536451, 0.14201155652058156, 0.14042889897562613, 0.13363651134733087, 0.14519037899139806, 0.16469574422002017, 0.14519037899139806, 
0.1305306861195739, 0.11947028499079007, 0.15390212728691963, 0.11696189428436424, 0.15019201934514922, 0.1787509686280539, 0.15019201934514922, 
0.13125293355001433, 0.105765772775248, 0.13107469451711565, 0.10745789253164117, 0.16461625724574372, 0.19521619213449337, 0.16461625724574372, 
0.1316460280169273, 0.08955181411201221, 0.1433655400339369, 0.09305272128660635, 0.15199305570160224, 0.23839778514731283, 0.15199305570160224, 
0.13259549153441957, 0.13731399307021733, 0.147647947750342, 0.1375199165392127, 0.1536722398119136, 0.13757817148198123, 0.1536722398119136, 
