
1.5180198919973267E-5,1.8383375391812663E-5,2.2225966939257824E-5,2.0804352185381535E-5,1.4338912076780496E-5,0.9999090671944869,
7.66885742658098E-11,7.357820222861084E-11,4.14703568751015E-11,3.2292736543847434E-11,1.0563662757220641E-10,0.9999999996703336,
1.8576143205449043E-16,1.3549640588492616E-8,4.204359171162201E-16,0.9999942710730049,5.794124644030252E-16,5.715377353373632E-6,
1.1540139257632868E-20,5.015129150248052E-13,4.5058673523545E-16,0.9999319849215605,5.058275403316121E-20,6.801507793751017E-5,
2.320263515194804E-21,5.008931838151961E-13,4.052784267254285E-16,0.9999999999994822,2.135316417133068E-21,1.661957755715351E-14,
7.722594364576283E-21,8.55895272860495E-13,5.196895361416762E-10,0.9992829036456569,2.6794647564100932E-21,7.170958337978095E-4,
4.2505501143377726E-32,1.1481470184436682E-23,1.590896094104109E-16,0.9999999999995147,1.4392430121505166E-31,4.852142263091096E-13,
3.239603924543891E-27,4.5052770549202727E-20,2.7093821512694867E-16,0.999999999113057,4.5953937982394273E-32,8.869427364846463E-10,
1.469825791826819E-27,7.336686908720606E-14,1.0086128027493871E-16,0.9999999844616179,3.74307490698981E-32,1.553830857455412E-8,
3.615388462467154E-28,2.396131181281755E-13,1.985524112565125E-16,0.9999991343888034,3.3035337768591716E-33,8.65610956731788E-7,
1.126827039958437E-27,1.0050345095345292E-13,3.702374014328422E-17,0.9995625723110837,3.138087979503102E-32,4.374276888157286E-4,
2.9248795402783146E-27,2.0009201739535197E-14,1.6337550352458063E-16,0.9895939058899106,2.151534254688658E-31,0.010406094110069207,
3.2183016561493033E-27,4.2670596887847496E-14,1.718655726391413E-16,0.9273465117040041,2.3231896581113376E-31,0.07265348829595299,
4.302591788172624E-28,7.13646778234969E-14,2.5090873950278116E-12,0.6821122009561358,9.766514777936447E-32,0.31788779904128367,
5.288045282710056E-28,9.400633904548812E-12,4.742441078975973E-13,0.9827593098141729,1.8274358540286083E-32,0.01724069017595218,
8.966531652850164E-23,1.233385695160634E-8,3.83059303642325E-13,0.933649515058497,1.0803910224390809E-34,0.06635047260726304,
3.933350076729968E-24,3.521201994178733E-9,5.045409587247913E-14,0.8945363244898414,2.707373865938389E-35,0.10546367198890616,
6.805646711481972E-24,3.206127047666635E-7,3.4540442293975493E-15,0.9476276549523553,8.809696023457747E-35,0.05237202443493642,
8.133699328304384E-23,6.23336683847065E-7,1.820734537489607E-13,0.4761980305133228,8.61894327866991E-34,0.5238013461498113,
1.374514148834035E-18,1.253682352909896E-7,1.504586636565962E-14,0.9999926450698333,1.3258620009050784E-35,7.229561916387444E-6,
7.190392662365929E-18,4.086379330524974E-5,1.4952794313258633E-13,0.9999591362065452,4.473404631605669E-34,1.2227992275983623E-17,
9.474818300258011E-18,2.04754412375203E-5,1.2802275103688318E-13,0.9999794643010251,1.9386988408231027E-34,6.025760944673298E-8,
8.465148043326729E-18,3.026998587618874E-5,8.648237306268442E-14,0.9999697300139602,3.277865110760921E-34,7.714152931644416E-14,
6.386223577944253E-18,1.4627585020136032E-5,9.244696379027363E-14,0.9999853724147412,1.2018746493538872E-34,1.4631626710030996E-13,
1.0984932515358351E-17,4.579914171822384E-5,1.1069893305284476E-13,0.9976004988971524,1.8247188461668615E-33,0.0023537019610185275,
0.015483546073374868,0.17690866326058288,0.00818759045643654,0.731976653822442,4.882197121722301E-5,0.06739472441594647,
3.125152658211242E-14,0.007597145617063401,1.4900538085132126E-13,0.9924028543803801,7.418088356528085E-36,2.3761663397365105E-12,
7.405923268672455E-15,9.456772446008911E-4,6.553102925915015E-15,0.9990543227553851,2.966574382853482E-38,1.0695878446534223E-16,
6.8923149155938E-14,0.005070460185878538,7.236264418502871E-14,0.9949295387733932,3.405191130490495E-35,1.0405870501797862E-9,
1.392689510251266E-11,0.0017668206581516067,1.630506941469969E-13,0.9862694895377211,6.597701012305484E-34,0.01196368979003735,
6.2181509062320564E-9,0.005643901704768676,1.3264002240713913E-13,0.9943560909703548,6.354437756814362E-35,1.1065929849804456E-9,
1.804872809652573E-10,0.027621412050033087,9.430465367463783E-15,0.9723119273073879,2.608683127582997E-35,6.666046208224778E-5,
2.1263166201745859E-10,0.04276542416695855,3.521420844984723E-14,0.9572345756199596,1.930979827267274E-36,4.1493463524132177E-13,
3.1630870567897444E-10,0.027193301660331674,8.47121960791198E-14,0.9728066980220762,3.7630068456802807E-35,1.1988137890421726E-12,
2.2699647630428513E-10,0.03616998699229239,3.967998502909909E-11,0.9638300127410291,8.929452062655702E-37,2.1847261852534636E-15,
0.1592138203496111,0.11043105628074483,0.1870884360391155,0.4383656113572216,0.003998178371557643,0.10090289760174925,
4.866306715257528E-10,7.120021510739237E-9,5.435997600449469E-10,0.9999999913069514,6.639274215082501E-34,5.427966414361584E-10,
4.3615533625226803E-10,6.893305045328848E-9,3.351658362852048E-10,0.9999999922691507,2.2442274833148505E-35,6.622303617039442E-11,
8.03189322952322E-11,5.954204535630146E-7,1.905288980639873E-10,0.9728273964886635,3.4239909951824293E-34,0.027172007820035315,
0.14093227409228365,0.276369031240962,0.13726010877942815,0.4239346898584383,0.001148351515141682,0.020355544513746198,
2.1034829402934954E-10,2.2956108675486855E-5,2.7171180214782213E-11,0.9999770436536184,4.615708974116406E-36,1.8657259979556769E-13,
0.002793921590840161,0.006281611204175219,0.01464702179585556,0.9759511987535753,9.765302881242414E-10,3.262456790234265E-4,
1.0799592871681081E-10,7.945245717781521E-8,2.557903467704244E-6,0.9999973624943855,4.827876205138345E-36,4.169360706662776E-11,
1.9653357178094426E-9,5.0024660852359504E-8,2.6779979355452536E-6,0.9999970427581404,3.2612475133770074E-35,2.2725392753306224E-7,
0.10451545245766268,0.19935333074805683,0.34573729434006356,0.2840777011476114,3.322459469476007E-5,0.0662829967119107,
1.9155591867026036E-9,1.2882141812353459E-8,1.726445866649676E-6,0.9999982587563301,6.597334770936062E-36,1.0220213742551606E-13,
9.433210831600314E-7,1.0261385229343257E-7,2.816676488227834E-6,0.9999951315987412,7.17886074937129E-36,1.0057898351767074E-6,
1.2554048805803935E-6,7.895701111535928E-13,6.992099291732846E-5,0.9999288236013951,2.8691468965503036E-36,1.728006851536806E-14,
0.09300437939306307,0.11665750426958583,0.08180805601634654,0.5099702745261608,0.0031523307560412574,0.19540745503880239,
8.849702730130951E-7,1.3587543755387722E-6,0.05134084231854254,0.9486569139568088,5.004216223966129E-36,4.4139301934962917E-17,
0.07512585291089532,0.07810907083543589,0.37181014609674373,0.47433015078569407,1.2973775178082674E-5,6.118055960528531E-4,
3.9935668723084575E-7,1.0280263528718748E-6,0.021149378531558308,0.8907649033844955,9.081527603774774E-36,0.08808429070090606,
3.4335115042265997E-7,8.06703285941516E-7,0.028622030121140195,0.9713768198241381,8.046219975699914E-38,2.852676396032842E-13,
4.305781379514352E-8,2.402970371363815E-10,0.14277051695036547,0.8572294397515238,6.58780460358087E-36,2.0595247976015486E-17,
9.500554544713387E-9,1.567654549944127E-5,0.11789803861970463,0.88208627533167,4.383684208024588E-37,2.571375832578661E-12,
1.6427836533005736E-8,1.086559815352418E-7,0.37485302170702633,0.6251468260394859,1.0660625349669463E-34,2.716966955973123E-8,
0.11847439536338147,0.35157035818212534,0.20718102760646323,0.2744103320718356,0.002188605889096044,0.04617528088709817,
1.1907538816889294E-6,3.1912456675966514E-4,0.5638249187922694,0.4358468224951444,3.837426485662894E-35,7.94339194475591E-6,
1.386357497259774E-6,8.485815137989112E-5,0.5263727789583564,0.47353293786438805,1.3106516680654196E-35,8.038668378336123E-6,
5.56085881702318E-7,0.0010703928811669396,0.5084086609544545,0.4900113821362467,1.001962624901924E-35,5.090079422501784E-4,
5.69710822552407E-10,0.18399104424116847,0.3361892238414832,0.4798197310635932,5.563719079753477E-34,2.840441554292793E-10,
0.08808349237526737,0.006285180464294223,0.5590411809692506,0.33835217188282635,4.773439796127597E-6,0.00823320086856542,
1.0386128621308811E-5,0.014862795484102981,0.8802066206190459,0.10480699715106319,1.8765843083905194E-35,1.1320061716664121E-4,
1.005574898282803E-5,0.00990867588630645,0.5686393786123349,0.4214418897368401,7.367091412997666E-38,1.5535649406594957E-11,
6.781990336499764E-8,0.008988836307906528,0.5322980817225352,0.4587129754286338,2.6995783729209705E-36,3.872102116171209E-8,
6.080076909742838E-8,0.010156322340437465,0.2629214667366503,0.7269143061931788,6.215009078424886E-36,7.843928964476814E-6,
3.046054404641074E-8,2.46283603612831E-4,0.5928807512286217,0.40687290439398144,1.122040974271128E-35,3.0313240081918236E-8,
6.621303259950088E-8,0.03530105849604962,0.4506483840275131,0.5140498116459198,6.785023106530736E-38,6.796174848291613E-7,
3.140598388732074E-7,0.016667801265125903,0.29391510654098457,0.6894073490744262,3.998053262027034E-37,9.429059624420302E-6,
4.2045697208544616E-7,0.00676317255021707,0.5341794313786938,0.45905163214375605,2.5486719025644642E-36,5.343470361043811E-6,
0.053435543306380104,0.27810335988883383,0.5028195491264288,0.15431063061546343,3.4025287601527897E-6,0.011327514534133642,
1.3723978106942221E-7,0.006741336793501942,0.6091934008495986,0.3796695775437231,2.223563384932656E-38,0.004395547573395164,
9.064348586555504E-8,6.540014184285641E-4,0.15682279309529468,0.05962173203840212,6.034493231853012E-37,0.7829013828043887,
1.6385833620493553E-9,2.18752311714339E-5,0.006763499356189836,0.0020945327369816533,1.3690779084289645E-39,0.9911200910370738,
4.682685921114075E-9,2.2798889970353193E-4,0.030093280726328442,0.01251773456897383,6.5022242121851046E-37,0.9571609911223082,
4.004960911421154E-8,0.008573092172999138,0.3403905354963915,0.6510363318978378,6.196708644730453E-38,3.831624887018394E-10,
4.801177740129523E-10,2.4999458353121496E-4,0.006242713621608793,0.01287823998924736,9.816246421386503E-40,0.9806290513254949,
1.413100658413301E-10,1.0875509419824342E-5,0.0010813094177752611,1.8752261579933093E-4,9.693979225860945E-41,0.9987202923156955,
0.024214200091259533,0.14210614205012118,0.6119543360478076,0.2198471268837329,1.484475254359652E-10,0.001878194778631227,
1.3997783526787207E-6,0.004923789206538922,0.3077586847179982,0.6873161257004682,1.8658630589019014E-38,5.96642005649112E-10,
8.355505439117363E-8,2.8030397888635845E-4,0.02094722556029868,0.033106670754273405,9.455116514101069E-40,0.9456657161514872,
0.15764651058049733,0.26425477842162404,0.20190645826357784,0.28325771971498587,9.752727391974779E-4,0.09195926028011743,
6.628459887222427E-7,4.929395075573709E-4,0.4483681046263719,0.5511381994188553,3.7120077424005846E-39,9.360122674817E-8,
0.002643668185827687,0.00704893203729075,0.6208657557692617,0.20350839574417318,1.6658805157682689E-10,0.1659332480968587,
2.184936634100618E-8,3.298833377548806E-8,0.6802619681908519,0.27010348417908486,1.4124172982773616E-38,0.04963449279236296,
6.041010791960511E-9,3.251015835065181E-7,0.9497514842605418,0.04702315156817315,5.119134256385437E-40,0.0032250330286908405,
0.002416948880228457,0.009198959097510945,0.5905876107040161,0.36330945627348105,4.664374994749245E-11,0.03448702499811962,
1.939051265496644E-12,3.302249347103826E-10,4.337409684614066E-4,1.4754996143077096E-5,3.716003590217115E-41,0.9995515037032315,
2.2156634951099845E-10,1.229300157260959E-8,0.061384091746522484,0.002805894075302902,2.5119021773282583E-40,0.9358100016636067,
6.324665623725798E-9,6.633002065319296E-8,0.8565973385336789,0.14302609230762653,9.512628380510777E-40,3.764965040082527E-4,
9.477460836072396E-11,9.878102653459536E-10,0.005153251908855224,0.006267256487957481,6.905363074166094E-41,0.9885794905206023,
4.0752591701678104E-5,8.561975045038213E-5,0.37123513849500833,0.6241216351891201,3.660886437666205E-21,0.0045168539737196756,
1.0990142990597942E-12,1.9214960700698142E-11,5.9761060115029124E-5,4.1195540228453315E-5,5.2779351071362434E-42,0.9998990433793427,
3.5893543921030513E-7,4.049463528606695E-4,0.15695546560319434,0.8426390450566245,5.4556168790852376E-40,1.8405188127713862E-7,
5.298579487661518E-7,2.2694627877117217E-4,0.12332194152472846,0.8764482698138373,2.820642628301029E-41,2.312524714388108E-6,
5.807031048337782E-7,0.0033861941094163713,0.22057441522752982,0.7760388099596309,1.7300786080032802E-41,3.1800824945742584E-13,
6.098671254621974E-9,0.0025205474296777363,2.563249352957725E-4,0.0010352226437980415,5.3631983289214064E-39,0.9961878988925571,
1.3637626525148513E-11,1.911021518471783E-5,4.5416148574284773E-8,5.708917904363027E-7,6.169808660393828E-40,0.9999802734632386,
4.721134787082237E-9,0.0024351578076036106,0.17126992257967577,0.8005151643199167,3.9299930360099217E-41,0.025779750571669105,
3.7496525789968315E-12,3.4355295928057115E-6,2.0810823790487067E-4,0.0013186914097283906,2.1751337036755192E-43,0.9984697648190243,
7.32405717724502E-9,0.019448304272098597,0.08532084041601537,0.895230847709244,2.9675815696660585E-41,2.7858495515081646E-10,
3.304488278065787E-11,0.5617759781534212,0.10085179276449238,0.33633768429907335,1.1124648294554321E-39,0.0010345447499681784,
9.744800974816992E-10,0.21589049522673093,0.25161952929686404,0.5324899745019247,1.1896332046308726E-41,1.6945531905771164E-16,
5.097587208394427E-5,1.97503482331592E-5,0.27868585859622347,0.7212434112966378,1.1732020653365408E-22,3.886821477760129E-9,
1.066462684319192E-8,0.4362235558744841,0.16917724807425505,0.3945991853848258,2.8407416300183865E-42,1.8083778381302E-12,
4.362209710925898E-9,0.4224785683997786,0.199922533898197,0.3775158318447979,1.8831384057119465E-41,8.306149501674596E-5,
2.5821988249624283E-8,0.05196038103788057,0.3357519327249493,0.6122873561007206,7.857797225316665E-42,3.043144611713604E-7,
8.007020535175313E-9,0.2630655871969723,0.19621809692472914,0.4109387874796987,1.1078544024472863E-41,0.1297775203915792,
6.323479517740759E-16,0.9903302930948271,7.014102201225655E-7,1.990456747313556E-6,2.486325875755138E-43,0.009667015038205001,
5.838960703458568E-10,0.7946281937809873,0.06303615577614279,0.08849825519674549,4.6644042262921265E-43,0.05383739466222835,
0.0016250356994911926,0.5246395209159583,0.17231431129792688,0.27683165428777456,6.740953580157171E-12,0.02458947779210803,
0.11608396252075577,0.24566112193431422,0.28872840456227705,0.23854242593884759,0.010032519128330256,0.10095156591547502,
1.148348927399786E-9,0.009734692482013538,0.7978149508979075,0.1924503554402784,8.429220736461011E-43,3.1451542799695543E-11,
6.65744312430336E-11,0.19642866220591498,0.07844877679532636,0.010369960109488936,6.143634441862629E-43,0.7147526008226953,
7.349059269965924E-9,3.442792504470121E-6,0.7600833054547296,0.22074965404366717,2.298747109899686E-41,0.019163590360039544,
0.02030626935632036,0.05904716605709764,0.047706356127514365,0.05835818056677868,4.441581090531708E-5,0.8145376120813836,
1.8283242180337014E-9,9.654692728232488E-11,0.6656942772273315,0.33430572084779736,6.837058569428204E-44,5.099864138090528E-18,
0.09013079981551854,0.04846050990038468,0.3765498553031066,0.21935818706975221,0.0017535970099183684,0.26374705090131967,
1.1352788000934662E-8,3.0574786374493E-7,0.9112275168193498,0.08877216607679947,1.1167771115582921E-42,3.198986114059536E-12,
2.6041800937587345E-8,3.7134985032840334E-7,0.9079873461623389,0.09201225644600966,1.0199977031669302E-43,1.5739264833562744E-16,
9.769500661661043E-9,2.141206246789397E-12,0.8499469358424435,0.1500529350345517,1.297900571492965E-43,1.1935136293636743E-7,
8.35810619464249E-9,1.2754641802578525E-7,0.9431849180996397,0.04653816415359533,1.7134314484527364E-42,0.01027678184224092,
0.11099280686197456,0.12425064195130237,0.2885915961740044,0.36844911645972783,7.21873688040426E-4,0.1069939648649506,
4.8688570972211885E-8,1.5173109297457257E-4,0.9012198622171649,0.0986280045633456,1.6526731833535364E-39,3.534379440266602E-7,
7.519435261198574E-7,4.7479737132808676E-7,0.6762732688132412,0.323725504445858,2.61825516161835E-42,3.3857875263502433E-15,
1.2696792107458267E-9,3.2943282984831267E-6,0.9306162629523875,0.06938041799081307,3.2460903419464392E-43,2.345882175700281E-8,
1.0928592028273067E-8,4.157744835836354E-4,0.8899814910656076,0.10960272352217483,7.344520776305799E-45,4.1818304263682344E-14,
4.8967122474107915E-9,4.264717380981166E-7,0.9441753537674159,0.055824214864133644,7.992806901866833E-45,1.6576187991839903E-18,
0.007651947871733095,0.006591819644315085,0.12197571924770235,0.06259829458679662,1.7250168667778172E-10,0.8011822184769511,
3.857596927059132E-9,3.3213313692023565E-5,0.8057196500756937,0.19424713275301506,4.837287153626949E-44,2.3230702291608075E-15,
0.03923126458948503,0.29965949340059644,0.4314167524124625,0.1863315481452285,6.1083154920586235E-6,0.043354833136735486,
5.978842514472756E-5,5.96605222984203E-13,0.8862248951513573,0.11231121830497308,2.7209996410409868E-34,0.0014040981179283404,
5.99277433448509E-9,1.8440520803548968E-5,0.826789599517353,0.17319140071600958,7.439458321492842E-43,5.532530595429395E-7,
0.1400580048911271,0.1779104138596144,0.23772176294780245,0.3106938356017026,0.0045926387751403655,0.12902334392461315,
4.419074217502829E-9,8.645404397295849E-8,0.9625654758481595,0.037434429697228606,3.4839082170400385E-43,3.581493785383077E-9,
9.053601531483205E-9,0.0010897030898645924,0.8039364990072676,0.19497322064720626,4.890627374406296E-44,5.68202059999804E-7,
6.416437425264992E-9,0.0010618326192397567,0.5095860839069599,0.4893520770573629,1.530986963978698E-44,3.233127156516154E-20,
1.3801494440287796E-11,3.736379807558299E-7,7.022913022141469E-9,8.049761437887976E-10,9.953892913823534E-31,0.9999996185203285,
0.031057164252822275,0.07447410846712123,0.5271423701770641,0.36671968604966676,8.486986089386244E-7,6.058223547166628E-4,
1.4276159742966773E-9,9.988495485238423E-7,0.7608294400945018,0.23914170256481626,2.948635145558517E-43,2.7857063517482345E-5,
0.04403576695445563,0.008550308669313146,0.3308338034638149,0.6120629694935881,1.7083577816840408E-6,0.004515443061046571,
1.2200888114152975E-9,9.219267791803117E-8,0.91858917158186,0.08141071790461613,7.884053489913726E-44,1.710075725750983E-8,
6.875021652197562E-10,8.386555636504829E-8,0.9472275591017947,0.05277235634514683,1.7466730338541018E-45,4.232499405560632E-20,
1.6371141684416313E-9,2.9593534018568562E-9,0.9485583781855257,0.05144161721800683,2.8855445163143325E-46,4.3137946568191235E-22,
3.9271481657220097E-10,7.787511986946581E-7,0.9246765301954942,0.07532269066059212,7.157903122647962E-45,2.1706906907397797E-16,
0.09003225736523818,0.15332178887495168,0.3063717702630907,0.44300613479618145,3.2290678725171973E-4,0.006945141913286142,
4.4600463020362944E-10,4.3604333078357333E-7,0.9689011815530593,0.03109838195760518,3.646338879735365E-45,3.295974490988514E-19,
0.008545789778088075,0.019396512675842408,0.2623769107913035,0.7094800729438061,1.9753848789796793E-11,2.0071379120587297E-4,
5.265980855655358E-9,6.792343896939495E-7,0.8649059820546536,0.13509333344497018,2.3850674267393686E-45,5.570256273782927E-15,
3.4085468828166484E-9,3.097417406823265E-12,0.882957060868403,0.11704293571780393,9.148445175939931E-44,2.148667545648508E-12,
2.155063855519184E-8,2.640519422121453E-7,0.9017236139032712,0.0982761004925126,7.95143768642283E-46,1.6355239754078674E-12,
3.4533669994827624E-8,9.72442175250145E-7,0.9286442467543157,0.07135474626455816,1.128860262328737E-44,5.280930045296694E-12,
0.03249612033892065,0.11625966319835995,0.5691637730960413,0.2741930086322049,5.894630427451092E-7,0.007886845271430564,
2.51983041644303E-9,3.848532192979622E-5,0.5009907655094734,0.4989326036206653,1.2961363135706552E-43,3.8143028101292524E-5,
0.017864683047639166,0.13462421961344842,0.5150514989579943,0.32627967465243485,6.422205411671816E-7,0.006179281507942104,
1.2147766290735811E-8,3.656243280422961E-5,0.5743508896100205,0.4255673315190587,3.12529430127421E-45,4.52042903502721E-5,
9.081247023838244E-8,1.9061867431261432E-5,0.8659300406679208,0.13405077330210716,1.1735038770631684E-44,3.335007050757835E-8,
3.795412752695327E-7,4.611960155110325E-6,0.6828673896685324,0.31712761379179805,2.7736230329464417E-45,5.03823914230615E-9,
1.175443467495082E-6,2.6633075727228657E-9,0.48864296007148256,0.5113558618206646,2.30509042233425E-46,1.0778214276349256E-12,
3.196093365364679E-7,1.8515674979211185E-4,0.8878857441619677,0.11192790868138476,1.7845714453082044E-46,8.707975190434507E-7,
7.775005464183527E-4,0.01945998999559853,0.42064407194044995,0.5532498174428687,2.554446564791394E-22,0.005868620074664531,
7.814700048337507E-7,0.0013615081646760991,0.8508073814582059,0.1478303289071043,3.7947421289861924E-45,8.762882624379404E-15,
9.54174657840511E-10,4.1029160760175555E-4,0.6106110528695508,0.014075309562688511,1.3940877313238302E-44,0.3749033450059844,
0.10728776274682657,0.12464256444969005,0.26080327318506785,0.35473109865967506,0.014832886730083423,0.13770241422865698,
1.2123754705840526E-9,0.0020028935551393355,0.8936523261775838,0.10434477842404137,5.418454293559866E-46,6.308599053177034E-10,
0.004636687845469124,0.022376650546138622,0.5169695250621366,0.4557767689076595,3.0646944210298094E-12,2.4036763553135311E-4,
1.4548470532357337E-8,6.074967545908096E-7,0.5941996165003017,0.40458063496731717,1.972679139900635E-43,0.0012191264871560426,
8.285520846932411E-9,1.3270041672018364E-7,0.694484722649221,0.30551513636482514,1.841005660324269E-45,1.6021622854997046E-14,
7.876593994626158E-9,9.387588208144581E-8,0.8210745182920741,0.17892537995542884,8.399929673004464E-46,2.1023565567436103E-14,
0.07531424102107678,0.0260336207152484,0.25643611239286646,0.629527813759234,7.873192996540639E-7,0.012687424792274735,
4.658206570918636E-9,5.590203174434371E-8,0.8361811070644191,0.16380674371607135,1.3479050737359764E-45,1.2088659271311073E-5,
1.3071959754795153E-7,1.9460814521146507E-7,0.6795592857720817,0.3204400955306702,2.6394662838247207E-44,2.9336950534214074E-7,
1.4622586563087598E-7,2.6316428326821325E-7,0.7363068374350382,0.2621266946859042,5.754200085591103E-45,0.0015660584889085906,
5.258715618919183E-8,2.7379797131323878E-8,0.8743427652437438,0.12565715364830976,2.5853583453275418E-43,1.140993143420528E-9,
0.007978301998687092,0.009109982396680873,0.6339286843650495,0.34811848791938327,8.377774780710873E-13,8.645433193615747E-4,
6.270743421413405E-10,4.133358453535461E-7,0.7145786635677349,0.2854209224692064,6.8082837226114515E-46,1.3879455204036213E-13,
3.3673300033351296E-9,3.6595905941393903E-6,0.8357295546799686,0.16426634134464493,6.63602070988039E-45,4.410174623584412E-7,
2.7363246056288447E-8,1.7477713549349404E-6,0.7167815861594317,0.28321663870596736,1.1204277551428603E-45,3.885518004919996E-17,
1.665343942459753E-8,3.85634036663587E-6,0.7538679622180428,0.24612816250627803,4.344568097551827E-46,2.2818731244995535E-9,
0.0794851567110644,0.2564624765262872,0.24811184938463426,0.3498981772951156,7.746577301012427E-4,0.06526768235279717,
4.178185161937444E-8,2.514752399797262E-10,0.7545369285444942,0.24546302942217899,1.6417861703055411E-46,6.499332345117227E-21,
9.342294466382492E-8,4.145096515851431E-7,0.3733024700540411,0.6266731028351075,8.305723391037486E-45,2.3919178255041847E-5,
1.6650560654462406E-9,3.200196970467673E-10,0.6874504770914801,0.3125495209234041,2.986514928667859E-45,4.005674401320241E-14,
9.936052783321379E-10,5.15047332789088E-10,0.3634237921653113,0.6365762063094182,2.2905485468390635E-46,1.6617780722587386E-11,
2.0359396933431625E-9,1.4169348827406502E-7,0.5944657613728553,0.4055340948537123,8.532992112180537E-47,4.400443851204751E-11,
3.3312911099320175E-9,1.6018520955893677E-6,0.532096660480856,0.4662556811444444,1.3432502585692308E-45,0.0016460531913127913,
1.0694741180827012E-4,3.170518294269835E-4,0.7130415483513415,0.28653445221373736,1.2479728734539533E-23,1.9368585830865436E-10,
2.691018206470841E-8,1.2284346096829625E-6,0.6787005020421203,0.32129824261308626,1.1266290450038933E-45,1.5579228508475825E-15,
4.146396845175928E-8,5.765419176757357E-7,0.5860379514825543,0.4139614305115595,2.642413890559425E-47,3.537816038309588E-18,
3.899599197209931E-8,1.078185023420856E-6,0.5824936549548154,0.41750522786416916,2.242110162776756E-46,1.7094591545886873E-17,
1.1178758916712456E-9,4.5189395563768805E-6,0.5973428145603125,0.4026526653822314,1.4500424493357913E-45,2.3770183579184732E-14,
1.9556498376121894E-9,2.2459555525662302E-5,0.4452303155047011,0.5547472229841204,6.755621574636709E-47,2.952380657629542E-15,
1.7849084588048447E-9,2.582699678098349E-7,0.4254070801887243,0.5745926597557472,1.9525907173273568E-47,6.521743841011373E-13,
8.724732805402772E-10,1.382981122658965E-7,0.6108063824413827,0.3891934783880318,2.133130746719625E-46,5.002859153281921E-19,
6.885257411985745E-9,4.5223932866172927E-7,0.23615077707934035,0.763848763710828,4.202989874728102E-46,8.524548826527164E-11,
0.06775544044249443,0.1465987075085472,0.4902097483281871,0.2759155276199,1.3754131773315836E-4,0.01938303478313803,
3.5493288662433257E-9,4.250754695761306E-7,0.6464779024326398,0.35348194094514135,4.312118472852137E-44,3.9727997420305224E-5,
6.099002294740611E-9,6.201666584147347E-8,0.5287607945085694,0.47123913737576234,1.3431778297220631E-46,2.294335037400058E-16,
4.577259129084807E-9,2.162279836385064E-7,0.5263357166038278,0.47366007734779075,1.4110130529211544E-45,3.98524313882184E-6,
4.619052561694734E-9,5.414932399560511E-7,0.21684099966038892,0.781675950814692,1.2982278657678154E-45,0.0014825034126264595,
2.5670566287192127E-9,1.0068706706364648E-8,0.551325594442012,0.4486743929222248,1.6129911483389917E-47,8.350218339240529E-27,
1.9782800063542653E-9,1.0574226102841195E-8,0.6177812153460391,0.3822187721014548,7.032408177598544E-46,5.577191493894561E-19,
3.0471561365660774E-9,3.380562584604297E-7,0.3180620810428227,0.6819375778537627,1.474413266681623E-47,1.1564344323811263E-24,
0.06399856548594712,0.06356304870922665,0.5964091492719079,0.2738732947413619,1.6513052385730296E-6,0.0021542904863178468,
2.4032937155951134E-9,4.5115966985939506E-7,0.3650900301740626,0.634909516227824,3.4480325965478853E-46,3.514987989352437E-11,
2.6681531972116944E-9,3.2273711282553774E-7,0.4965327649362698,0.5034669096584642,8.33000674907019E-48,3.1808941939401647E-22,
0.0037065829617171273,0.02300645508800073,0.6987845582763451,0.2476226185871059,7.760731623604806E-12,0.02687978507907041,
1.888018459721407E-9,1.3408323019081234E-7,0.7036417277438839,0.2963581362848675,1.1973171012902006E-45,7.860096036233376E-22,
0.004737111149224433,0.012136865800131352,0.5810246156191758,0.4018020529891625,2.7859603996186586E-12,2.9935443951977674E-4,
0.1854070622426343,0.15307417342359048,0.46215497298164915,0.09428462585158545,0.010193297242451594,0.09488586825808909,
4.265619101091413E-9,2.031195264212722E-7,0.6004260309045717,0.39957376171005177,1.2492579935594538E-45,2.308404132876809E-13,
4.002128984630099E-9,1.5694065155901666E-7,0.5128035565012534,0.47907975527726343,4.613009048982529E-46,0.00811652727870258,
0.21388234899343236,0.18688147992320653,0.22669381117693824,0.12738884793155544,0.048572716025254814,0.19658079594961264,
5.356108690242411E-9,2.1835786706961433E-7,0.59294332618595,0.4070564500618103,1.055037730841921E-46,3.826392148623248E-11,
2.9152116449835262E-8,1.3225464536869226E-7,0.48176620238275414,0.5182336362104836,1.6417860490953836E-46,3.8488190932019735E-16,
0.01083767515438903,0.01553050697371352,0.7534718119903212,0.21213905941082087,1.0044108717446136E-11,0.008020946460711336,
2.8833356799779115E-8,7.492937001789479E-8,0.6703749623460162,0.32962493389075287,1.5435231892862038E-46,5.041212596805224E-13,
3.701055461860028E-8,2.1895899014246115E-8,0.4754820211252424,0.5245179199683012,1.2455036160929076E-45,2.8065026279127526E-15,
2.5844008084099235E-9,2.3442876584173469E-7,0.4713968799246827,0.5248047289191414,9.12326156779013E-46,0.003798154143009091,
3.229053889779565E-9,2.4144572779815464E-7,0.5351820652729083,0.46481754048870616,2.2765181034543044E-44,1.4956360389948482E-7,
7.288186474486492E-10,1.370636484197164E-7,0.5348724262688251,0.4651274358011521,5.5907187909674335E-49,1.3755554872150798E-10,
2.733207016699585E-9,7.229746706025911E-7,0.5517568355204344,0.4482421697741259,4.778957787534112E-46,2.689975621295798E-7,
2.9178387013395523E-9,2.8500996823302096E-5,0.2558772848302266,0.7440942112551114,1.1499925276448718E-46,1.107688623973238E-17,
3.3695076257217593E-9,1.4081273375025848E-5,0.41625990427898696,0.5837260110781304,3.5244963138490066E-47,1.6117315003493643E-17,
1.0645589565770247E-9,1.4412661771553707E-4,0.2962307846366353,0.7036250876810765,3.975236962325055E-47,1.3668605845735267E-14,
7.191296796441066E-9,1.7826671128752753E-8,0.5148659629905388,0.48513401199148903,2.798817077292114E-45,4.115035005713891E-15,
3.4873475002002796E-8,1.8110862073113417E-5,0.6951059273221417,0.30487592694230964,8.047337120134193E-46,5.687018593722153E-16,
1.3021795933161842E-9,0.002328701828955822,0.5032829514455551,0.49438834542143245,1.9297335937283503E-47,1.877115524251252E-12,
1.2184644023153657E-9,2.961833543408453E-16,0.4650525563116008,0.5349474424699345,7.018670735066155E-49,1.1001379722247708E-23,
3.7270482262724524E-10,4.731267642712805E-7,0.6863780776131305,0.31362144888359217,6.386809682179289E-46,3.808403610215794E-12,
8.21413042038824E-9,1.0218710065898081E-13,0.25347976860446814,0.7465202231812992,1.1156169419180567E-47,7.53583595446821E-21,
6.407830049249514E-9,4.291407548135666E-7,0.4537585456813437,0.5462410187700715,1.6345927757783298E-48,4.209365625766651E-17,
0.2489657630506011,0.24654124410126538,0.134351192674548,0.24617288494998152,0.061131855610094994,0.06283705961350872,
8.014632592831487E-7,3.7801754971657173E-10,0.5774122363672142,0.4225869617815187,2.7055507128082962E-43,9.990222385509534E-12,
7.04668146607898E-9,1.300368493700133E-7,0.5359352434391316,0.4639846925415916,2.808404618571326E-45,7.992693574603825E-5,
9.315886477375914E-4,2.483374441799328E-5,0.6713548375661267,0.3060803750070899,3.086823998682091E-29,0.021608365034627756,
0.03832268628388799,0.055939516638362635,0.608340060651655,0.2946803233904344,4.215562102877779E-7,0.002716991479449694,
0.06209879539136776,1.6819957756174737E-9,0.710332336950821,0.22256427381970761,2.9779799593169488E-37,0.005004592156107674,
1.2248862680601144E-8,5.988476241297369E-7,0.5267248333762375,0.4732681069085833,1.1938900374681588E-45,6.448618692499033E-6,
8.2614993197955E-9,2.9035265134984828E-12,0.47093508327081524,0.5290649084266387,2.581469963974352E-45,3.814325448469931E-11,
1.6224282999880794E-8,3.3468557419777275E-6,0.6673944626229126,0.3326021742970287,3.0481122831329573E-44,3.364966138513794E-14,
5.453326896561424E-9,5.26355798678801E-7,0.6844091377576533,0.3155903304331271,7.8715552362144E-47,9.399105983726168E-14,
3.5288050192029826E-9,5.5880976005886874E-8,0.5547593054871733,0.4452406351030455,1.315344642331986E-47,7.530699123757858E-17,
9.34696368280685E-9,2.847730087506986E-7,0.6007224647906261,0.3992772410893973,1.0125017628868432E-46,4.174340091434649E-15,
0.06901286679367993,0.010392275079191899,0.5147641105646217,0.30094248977261306,6.303827738951381E-6,0.1048819539621544,
2.5198792135951207E-9,1.87137283221277E-10,0.4484522202006473,0.5515477770922782,8.992045810592004E-47,5.800938511710903E-14,
4.6740479844217156E-9,2.7166834392529697E-6,0.34173077530520346,0.6582665033373093,6.675861735956201E-48,1.0905505396467995E-21,
1.8671207146400166E-5,5.3320166901926366E-5,0.4572140569679596,0.5427139015452229,1.8567033078285808E-23,5.011276900014871E-8,
2.564399444214669E-4,0.006105845798824724,0.7590109806188765,0.2328474003923342,2.0694132891011866E-36,0.0017793332455430994,
2.01694713895352E-9,3.941122374026842E-7,0.4033925431649014,0.5966070501246554,1.9654728837101547E-46,1.0581258526508374E-8,
4.6834712765715996E-5,4.2031311909441875E-4,0.4878548652936756,0.4531623835019431,1.588194589924064E-23,0.058515603372521256,
1.2516532436504495E-7,2.333686172432101E-7,0.3619620869581054,0.6376228132836971,1.4002971243302179E-45,4.1474122425594643E-4,
8.339890399132519E-7,1.6512617708929675E-6,0.34267538075101406,0.6573221339981752,7.328010161901335E-46,9.077306832904047E-19,
5.848876289660451E-6,9.690817153698646E-7,0.4777608919734063,0.5222322895931477,1.1441622416332753E-45,4.754409038395097E-10,
1.6872806001965124E-4,0.001509816867602441,0.6964251227971756,0.29598078764088354,1.8898305875093606E-22,0.0059155446343185985,
1.8222406547592035E-5,2.1554662249789427E-4,0.14428035407367457,0.855475888805727,1.5453240647855724E-25,9.988091552831126E-6,
2.0694249748069952E-8,7.260348854474219E-7,0.7345805929151167,0.2654186603557482,1.5291652034863901E-46,3.643469700048485E-17,
8.421987703944435E-8,1.4506515255223366E-6,0.3800993711370692,0.6198990875855466,4.2351220541031605E-44,6.405981704701769E-9,
9.673000843999065E-9,5.033085387601884E-7,0.30731929182525525,0.6926801951705083,1.2869371573319918E-46,2.269701519811444E-11,
1.512208554567787E-9,1.693406960809761E-6,0.37703207274997197,0.6229662323308587,1.1556123448137027E-47,9.672310810751057E-22,
0.002949513267521307,0.030745218966225174,0.4430069490764603,0.5230933660717643,2.2566490656788974E-12,2.04952615772296E-4,
8.947322432989883E-9,4.097782016225375E-5,0.3982890350323924,0.601669978200123,7.438257056909361E-49,1.8476905285252377E-17,
6.7305540087285034E-9,1.3616776611733224E-6,0.5604997946281545,0.4394988369636304,6.742376583019234E-48,1.5172219439540327E-23,
0.014971447601756886,0.03625159770867514,0.5069520337679898,0.44146086619100183,6.431756349325989E-7,3.634115549413777E-4,
4.914679469022167E-4,4.6037328336500326E-7,0.3696023292451258,0.6299057420209319,2.314414938005792E-22,4.1375688360921937E-10,
9.054404187878552E-4,0.042502196739411656,0.2000277925659156,0.7563690880721735,9.635260482605165E-31,1.9548220371142923E-4,
6.2066356963474395E-9,4.770366428814156E-7,0.4503213113259641,0.5496782054307574,8.925676215561865E-47,1.0367905905715742E-17,
1.0148446012281717E-9,1.8383786346639758E-7,0.41693820623026684,0.5830584645388366,1.4946665557322462E-48,3.1443781885315254E-6,
3.888885067504287E-9,1.0701374386127163E-8,0.408854040528758,0.5911459448809016,6.175128856808166E-46,8.09747618059827E-14,
5.546826120342522E-9,2.6705678511542038E-8,0.30704602265418707,0.692953945093308,1.9807889880564154E-46,2.643473714576933E-16,
0.6687167363169535,2.574199201132567E-7,0.18385419530300118,0.14692395838196773,9.989579099470265E-19,5.048525781574206E-4,
0.23091826900178283,0.21629556719018236,0.24079995785529953,0.22544101884277834,0.02986716689478617,0.05667802021517088,
1.8439914850282733E-7,2.301840383421194E-9,0.533546645025202,0.46645316595435066,2.273037418961599E-46,2.319458561291393E-9,
0.025017729455189517,0.0032293758273473504,0.5313822027214773,0.4402944257136284,1.6979339306214177E-12,7.626628065945445E-5,
2.5581926483497237E-9,2.1649605473637663E-11,0.6001017868482109,0.39989821057194697,1.2326834660261982E-47,9.676494410521415E-21,
4.333981163850245E-9,1.7648656713089253E-6,0.3259636606481209,0.6740345701522266,7.915792531592263E-47,1.5946035714764496E-16,
2.529371179200327E-8,3.759019095178622E-8,0.27617604728970957,0.7238238898221137,1.2527098178572447E-44,4.273983165079104E-12,
1.4230522161555749E-8,7.291408757544521E-10,0.35081212016391233,0.6491878648730358,4.5297740500927705E-45,3.388650339653279E-12,
3.780832424555349E-10,2.632822937882107E-7,0.3553680663878391,0.6446316696253029,3.4838830204933978E-46,3.264811113709739E-10,
2.3493742360006462E-9,8.19696976370272E-8,0.38645440274803955,0.6135455121895412,4.472869145599526E-46,7.433473598328572E-10,
5.516592955809789E-9,1.5913248126058438E-6,0.46568442394055565,0.5343139730429715,1.3922924708460545E-45,6.175067413064996E-9,
6.699176471579537E-8,3.283611149649768E-8,0.8050051557942647,0.19499474437720016,6.248971143356547E-44,6.589518059894276E-13,
1.0135950178153597E-8,2.583596073569577E-6,0.2717469054228406,0.7282505008451357,1.3449221812991044E-47,1.3614929499157852E-18,
0.15978400575235083,0.19315090614968064,0.03983538016723154,0.2273499847480831,0.20175328227987557,0.1781264409027784,
6.263986138944303E-8,2.9258086163325556E-6,0.35970779699038086,0.6402892145611412,5.833747684428325E-46,1.5505029462261303E-16,
6.258713882742972E-8,4.4965582666231846E-5,0.6187077057935841,0.3812472660320692,1.9384675179434798E-47,4.541659877885274E-12,
5.332818030127128E-6,4.1928909204321026E-5,0.40322859065075894,0.5967241476219887,4.4517533551689665E-48,1.7946802672831936E-14,
0.9942539123431254,2.6505568762067492E-9,0.002774713013728787,0.0029713719830787595,5.729126314355423E-42,9.510208638650089E-12,
4.8139148813941795E-4,2.364538654211963E-11,0.025963145578048123,0.07569287617117913,1.5019907611700046E-43,0.897862586738988,
4.4877460541586765E-8,3.490331457616954E-6,0.43583216374430755,0.5640820236658599,2.2645880608781437E-45,8.22773809145167E-5,
6.752745444891926E-8,7.131144447608821E-8,0.4565005041658682,0.5434984201289922,3.2025618852183436E-46,9.368662406173021E-7,
7.087895197000942E-8,5.642634969740527E-4,0.4598051557380286,0.5394183845708634,5.482252354602177E-47,2.121253151819355E-4,
6.87415237539424E-7,2.762600000735013E-4,0.3059943114578672,0.6937287411268217,1.756666957530405E-46,1.7798427379010816E-21,
5.124255010492489E-7,5.419406314711215E-8,0.4830058118763921,0.5169936215040386,1.2018153509175375E-47,5.196324952732596E-15,
3.744309996825699E-7,4.976301929304492E-7,0.31780530780661254,0.6821938201321873,3.2557320204405895E-46,7.581929973999144E-15,
5.482232446413182E-7,3.4576877291485376E-7,0.3447363889358286,0.6552627170719717,8.47522463573861E-46,1.822573656696629E-13,
4.295594485016619E-6,2.7316772235759915E-7,0.5974976851196074,0.21449794079224724,1.7086729287440528E-44,0.1879998053259381,
6.189062531236484E-6,6.329598328571444E-7,0.26608794372867006,0.7339052265017194,1.4991605203659747E-45,7.747246544582652E-9,
5.610732402358702E-5,6.222228394348765E-9,0.27130420715032116,0.7286396737094101,1.485474706800321E-44,5.594016806256286E-9,
0.9999993843554756,1.4889436204932487E-16,1.5574232034536973E-7,4.598988217924265E-7,8.178633122394863E-42,3.382209830813866E-12,
0.16892861893361416,0.17998137501936426,0.2750021471074166,0.2602182128717942,0.012726556521611903,0.10314308954619873,
2.718601177868746E-5,8.052671020747227E-7,0.39422536519725,0.6057466435238578,1.1852086768751121E-45,1.149066293233809E-14,
9.07953020494032E-5,7.843270162859881E-7,0.39078273138304737,0.6091256734246436,4.1992591798097997E-47,1.5563243428624876E-8,
2.9203660363508085E-4,3.580451992299542E-7,0.5437837627790698,0.4559238425704112,2.180819663484385E-44,1.684649258803048E-12,
0.9878706692700955,9.052702544829298E-8,0.002354777480132755,0.009772515980966553,6.981153704861949E-22,1.9467417796253187E-6,
0.9262970638783635,1.5925413260452337E-25,1.0340908844185594E-13,1.4411169811528152E-13,1.9099531933473415E-42,0.07370293612138885,
0.01981420445757608,2.6674441233328163E-5,0.4889857636620364,0.4911731544272782,6.073261959438977E-24,2.0301187601697488E-7,
0.09050273209076874,0.008035349685394674,0.3652404776456692,0.5350298404607219,4.23445694356412E-12,0.0011916001132107894,
6.180011135596995E-4,5.131309718894764E-7,0.7238093607170991,0.27557212362134753,1.933419974182353E-45,1.4170219139205203E-9,
0.9960604254545348,3.147019479174825E-11,0.0028171137534235575,0.00112246075830915,1.2416233485638896E-41,2.2625592090496874E-12,
0.9999518455205265,5.904067727479564E-12,2.1186848964962932E-5,2.696762460436754E-5,1.971416060063771E-43,3.77055081505465E-20,
0.38526237029629207,2.445042652187131E-9,0.20692191057629236,0.40781571668237276,3.0413950435373163E-44,2.707286872193158E-19,
5.173404741989834E-4,1.4081636909979068E-6,0.4147262692900439,0.5847549820714899,1.4184961675344551E-46,5.762317217934923E-13,
6.305745611364753E-4,5.621009012032312E-8,0.5828084302974758,0.4165609389312976,3.157876650278731E-45,8.569788383426077E-18,
0.0021916668826580136,4.5312900980910216E-7,0.3810118310151159,0.6167959278208743,8.597366753436815E-45,1.2115234200138174E-7,
0.07348397560313535,3.2673482706874336E-10,0.23605981435506765,0.6904562097150622,1.23802596868015E-45,2.2907551065214623E-17,
