
0.1440350866262096, 0.15849221197569893, 0.1361995725481315, 0.1496965431789853, 0.12509562700117347, 0.16138533166862773, 0.12509562700117347, 
0.14361786185997338, 0.16393884052973282, 0.13911819436867837, 0.15462345066406544, 0.1203279851887796, 0.1580456821999908, 0.1203279851887796, 
0.13967793480308663, 0.15942265705910402, 0.14377460037978265, 0.15284693936613677, 0.12918698270385373, 0.14590390298418246, 0.12918698270385373, 
0.15175598665220055, 0.17484173303879155, 0.13373343962225046, 0.14882288586529696, 0.11412046794635393, 0.16260501892875268, 0.11412046794635393, 
0.14745077770041265, 0.22975275399338232, 0.10831205001627255, 0.10409929524213486, 0.13327718108255474, 0.14383076088268815, 0.13327718108255474, 
0.17470792349185116, 0.13819676585700133, 0.13567278906689967, 0.14329631901449866, 0.11509967950834678, 0.17792684355305552, 0.11509967950834678, 
0.15353311677887674, 0.25280755673302474, 0.10601748453085222, 0.0865120611712795, 0.114171245141377, 0.17278729050321276, 0.114171245141377, 
0.12375308844476193, 0.2130859192055357, 0.14048089377921302, 0.1835594439502869, 0.09761335299358244, 0.1438939486330375, 0.09761335299358244, 
0.1734760182112156, 0.19483874298658416, 0.1104080969112994, 0.11568851368182846, 0.1345546154941129, 0.13647939722084657, 0.1345546154941129, 
0.14116884305569474, 0.2257760124375042, 0.12592416726726446, 0.13505338610828907, 0.12983633348325072, 0.11240492416474622, 0.12983633348325072, 
0.13629879644755857, 0.21890749665891077, 0.13059298738103922, 0.14212172366033796, 0.1203860700142522, 0.13130685582364904, 0.1203860700142522, 
0.13489357752825198, 0.19833216923349972, 0.136722078550905, 0.13783786878213625, 0.12455661541997227, 0.14310107506526243, 0.12455661541997227, 
0.14809848917605864, 0.20205979322505796, 0.13065092321363386, 0.10648514041652961, 0.1663056435801753, 0.08009436680836939, 0.1663056435801753, 
0.11825299064801864, 0.19848993322969322, 0.12557873320198978, 0.11971805515122146, 0.178069127763609, 0.08182203224185894, 0.178069127763609, 
0.13176672225557648, 0.19752248084895085, 0.15124558838395444, 0.1708634214192266, 0.11054698883051017, 0.12750780943127113, 0.11054698883051017, 
0.1539760317004087, 0.169457948647933, 0.11673272461709804, 0.13019638147900675, 0.1336262933048952, 0.1623843269457631, 0.1336262933048952, 
0.16339389914465566, 0.1201030250096542, 0.15162500353609246, 0.1516331950595616, 0.11813137402005301, 0.17698212920993, 0.11813137402005301, 
0.17594176085659202, 0.17615962756006456, 0.10177919425430443, 0.07976243766118016, 0.15515298063724273, 0.1560510183933734, 0.15515298063724273, 
0.20059349898061174, 0.11662516581040028, 0.10625485698377474, 0.08989168191719674, 0.1633363145369481, 0.1599621672341203, 0.1633363145369481, 
0.20391860893523434, 0.1495583936329581, 0.10587625911286173, 0.07460845338975898, 0.13735688862022769, 0.19132450768873144, 0.13735688862022769, 
0.17136229682471527, 0.1324195200971105, 0.14400097372442947, 0.11851431232663677, 0.14174367468866636, 0.15021554764977532, 0.14174367468866636, 
0.1539003168421404, 0.1930280984736498, 0.14816253825220757, 0.17343033545106554, 0.09113234225753687, 0.14921402646586285, 0.09113234225753687, 
0.17084021372054173, 0.1537760615853246, 0.14159699344511179, 0.13692196765720901, 0.10987002009335384, 0.17712472340510527, 0.10987002009335384, 
0.19517113331017613, 0.07974699958808476, 0.11424696168964937, 0.09020135499037057, 0.1804651275648874, 0.15970329529194435, 0.1804651275648874, 
0.16091669190367064, 0.21682426060036963, 0.1154880329928036, 0.06081430825742406, 0.1627354512892674, 0.12048580366719716, 0.1627354512892674, 
0.15067818181435758, 0.15944301402290872, 0.14448663846045914, 0.14690121058662511, 0.12271462615611395, 0.15306170280342143, 0.12271462615611395, 
0.17183955159984293, 0.1361783476487879, 0.10738392466141897, 0.0667846769623842, 0.19268781017118441, 0.13243787878519708, 0.19268781017118441, 
0.16601700927948548, 0.14020511978754827, 0.1343204507956587, 0.14232601189764038, 0.1281246894485138, 0.16088202934263954, 0.1281246894485138, 
0.14648807514635484, 0.15116251970701924, 0.13584773899822145, 0.11771823612030446, 0.18433750890565953, 0.08010841221678085, 0.18433750890565953, 
0.14077881166405715, 0.18676873330279456, 0.12764894086367543, 0.12569510869888154, 0.16188487408250113, 0.09533865730558905, 0.16188487408250113, 
0.15381874624814504, 0.21851469231112125, 0.11576258768148086, 0.11317322707873417, 0.13833132464704906, 0.12206809738642065, 0.13833132464704906, 
0.18084824272254763, 0.11253077084765639, 0.11206493011796517, 0.09581545093201772, 0.15778997511231302, 0.183160655155187, 0.15778997511231302, 
0.15637491173232654, 0.11166975234690484, 0.13001638241858782, 0.11247566823537876, 0.19575115948956973, 0.09796096628766263, 0.19575115948956973, 
0.16881853010502498, 0.08081097607782052, 0.12437426343272853, 0.09369876482529958, 0.2174650127741221, 0.09736744001088221, 0.2174650127741221, 
0.15567773972579346, 0.17206059132567597, 0.12519765104969421, 0.12760588476446114, 0.14222853274135117, 0.13500106765167294, 0.14222853274135117, 
0.18625450555822293, 0.15801793993193197, 0.11317034861028227, 0.10742663026980914, 0.1338428348207684, 0.16744490598821699, 0.1338428348207684, 
0.16359812750662955, 0.13301592976569437, 0.1344110441401583, 0.07513389316927672, 0.1921263356494407, 0.10958833411935981, 0.1921263356494407, 
0.182234551680387, 0.12450247780118733, 0.11718019124177768, 0.08918518868634426, 0.17284635005622614, 0.14120489047785148, 0.17284635005622614, 
0.16162451316490775, 0.15655253482548606, 0.11454292405594511, 0.07077406944217857, 0.21302936778043755, 0.07044722295060746, 0.21302936778043755, 
0.15571816875626515, 0.16913531422046513, 0.10639756275938428, 0.08237804659147809, 0.1982759738711225, 0.08981895993016226, 0.1982759738711225, 
0.14992300308311038, 0.16958660524071117, 0.138979612647858, 0.1666763258784445, 0.10945302228740332, 0.1559284085750692, 0.10945302228740332, 
0.1367820597244701, 0.2865386893359378, 0.08627466847848475, 0.06957985455464978, 0.15521821660035234, 0.1103882947057528, 0.15521821660035234, 
0.16631646517491436, 0.15065986783169014, 0.1690851147853788, 0.10795235345660552, 0.15559596491674035, 0.09479426891793043, 0.15559596491674035, 
0.11103671746964243, 0.24747390238242503, 0.17474130801425117, 0.12166162256426506, 0.12466683654529577, 0.09575277647882488, 0.12466683654529577, 
0.15091622320615825, 0.17365732420228974, 0.12591328167510052, 0.10358913559942066, 0.170169684567277, 0.10558466618247686, 0.170169684567277, 
0.14494966627434075, 0.13162467106798764, 0.14299528560931793, 0.10298338497203165, 0.19605633728454858, 0.08533431750722482, 0.19605633728454858, 
0.1590169145964556, 0.1288753480999279, 0.1506786790546045, 0.1484408905772577, 0.1185453814607375, 0.17589740475027923, 0.1185453814607375, 
0.18592577565293028, 0.09793905411036356, 0.13667840066267248, 0.11076571415687467, 0.1520474188444125, 0.16459621772833402, 0.1520474188444125, 
0.1698397589535139, 0.12535299771586172, 0.11497058045680084, 0.08351998137874134, 0.21108357392155416, 0.08414953365197375, 0.21108357392155416, 
0.13417322285469704, 0.1896433406187312, 0.11580672299122487, 0.11189294843940809, 0.18836780059198246, 0.07174816391197375, 0.18836780059198246, 
0.13987328248439168, 0.18319071946683096, 0.1375180402742299, 0.15686595874237955, 0.11421164134009541, 0.15412871635197697, 0.11421164134009541, 
0.16140532437481597, 0.11676014757900123, 0.12521302997856995, 0.0887693497993012, 0.19725234982531836, 0.11334744861767498, 0.19725234982531836, 
0.15950740305576366, 0.1209462463602648, 0.1343140124523915, 0.09300077212911174, 0.19708182357454584, 0.09806791885337651, 0.19708182357454584, 
0.16424765353900628, 0.133467576041721, 0.13270538541067953, 0.12959672119501495, 0.16366204492196765, 0.11265857396964292, 0.16366204492196765, 
0.18586945060675597, 0.10006617331009972, 0.13581627784450573, 0.10991463918568987, 0.17432049766597324, 0.11969246372100216, 0.17432049766597324, 
0.131108874383748, 0.1667899926765969, 0.14731048196893892, 0.08830548309993931, 0.20037361647786817, 0.06573793491504056, 0.20037361647786817, 
0.13090017479514035, 0.19005281356081186, 0.11764830656022712, 0.08605925766307863, 0.20745832945822193, 0.06042278850429803, 0.20745832945822193, 
0.14417446584809004, 0.19109844406728707, 0.1407996681078527, 0.14590606065407138, 0.14276680804909817, 0.09248774522450244, 0.14276680804909817, 
0.17772929983075325, 0.07300550867914278, 0.11921890902891073, 0.07838641855431999, 0.21960119594475924, 0.11245747201735486, 0.21960119594475924, 
0.14777361693370505, 0.1665375168872119, 0.12842481342037013, 0.10008242361088843, 0.18327483501976757, 0.09063195910828929, 0.18327483501976757, 
0.17271123643673714, 0.11220118592282198, 0.10651391906842679, 0.05883477038453004, 0.22029011012273264, 0.10915866794201874, 0.22029011012273264, 
0.1882582447195641, 0.09757276232912837, 0.12362307235094515, 0.04928501199839257, 0.21614857727064216, 0.10896375406068555, 0.21614857727064216, 
0.1564078770834537, 0.17626506624933463, 0.14047261642554612, 0.08751058547982649, 0.172546776964067, 0.09425030083370507, 0.172546776964067, 
0.18099789722739598, 0.10808293720185064, 0.1495537152755078, 0.07491508114267946, 0.1797828268686239, 0.12688471541531815, 0.1797828268686239, 
0.16357919250367306, 0.08246084107499409, 0.12178790882453426, 0.05957587503981035, 0.2439913442178166, 0.0846134941213551, 0.2439913442178166, 
0.18144847345062423, 0.08926151581337242, 0.13498285043843472, 0.07999725034447545, 0.19133475113467405, 0.1316404076837452, 0.19133475113467405, 
0.1710948193580144, 0.12061485724767763, 0.14445383386181607, 0.09247431471779707, 0.16876631028046374, 0.13382955425376736, 0.16876631028046374, 
0.172319225962323, 0.16637106765751375, 0.111867542006511, 0.04636119575045675, 0.2076853622873757, 0.08771024404844405, 0.2076853622873757, 
0.1665446953872302, 0.1644766866074307, 0.10919507369043663, 0.11654954327427178, 0.1257477099577281, 0.1917385811251744, 0.1257477099577281, 
0.16960113607053148, 0.08704705443191794, 0.10710523541235804, 0.056543260451478096, 0.2483105317827314, 0.08308225006825147, 0.2483105317827314, 
0.16714906088603093, 0.12102732333363053, 0.12927928880792422, 0.127482222513823, 0.16896313676488675, 0.1171358309288178, 0.16896313676488675, 
0.16498715513422935, 0.16642711606952737, 0.10280580182427766, 0.09479493581438303, 0.15823530074311404, 0.1545143896713546, 0.15823530074311404, 
0.15556202094217841, 0.1395607199420283, 0.13433118013105189, 0.11646706533559421, 0.15775643404056192, 0.13856614556802338, 0.15775643404056192, 
0.18395513102422947, 0.10370193301185507, 0.13595467091609129, 0.08948986816880218, 0.1543538460433772, 0.17819070479226762, 0.1543538460433772, 
0.19110363294107702, 0.07118525699119697, 0.10466241087771593, 0.05543670126686979, 0.20706199242799192, 0.1634880130671565, 0.20706199242799192, 
0.16158864908279677, 0.17869559603704163, 0.12520554738571538, 0.13596012455648399, 0.12476471290917603, 0.14902065711961013, 0.12476471290917603, 
0.19087056916509085, 0.15134957438238245, 0.1205530260761219, 0.1304033124666952, 0.12145026237475438, 0.16392299316020068, 0.12145026237475438, 
0.18432238419359478, 0.07866136404565559, 0.11376054075476051, 0.06954018755999954, 0.22762086269176607, 0.09847379806245736, 0.22762086269176607, 
0.13473824284533814, 0.24449578248386392, 0.105345138260659, 0.08973565532350335, 0.1721012374232058, 0.08148270624022405, 0.1721012374232058, 
0.15938474567915198, 0.15648780943264956, 0.1128912792131465, 0.09742451713273834, 0.18341760569304236, 0.10697643715622884, 0.18341760569304236, 
0.15309237475664778, 0.1271725560851203, 0.11888761495478699, 0.07773965872644197, 0.22037670955386904, 0.082354376369265, 0.22037670955386904, 
0.13297645849638712, 0.24516646003465117, 0.11563881644408355, 0.1373094175647079, 0.11493552952765583, 0.13903778840485867, 0.11493552952765583, 
0.1379150651639318, 0.17542674897591604, 0.11926437111001094, 0.08485796924580818, 0.19947867783332313, 0.08357848983768679, 0.19947867783332313, 
0.17609270326295062, 0.09793539719494107, 0.12085664767138415, 0.08239051970506951, 0.18891624758999148, 0.1448922369856717, 0.18891624758999148, 
0.18448201773921477, 0.05670216418259287, 0.12160927343912335, 0.11939850152336291, 0.17253764208138425, 0.17273275895293763, 0.17253764208138425, 
0.13826528273017058, 0.18064602867928628, 0.15928586531290365, 0.13582572076379096, 0.12354328153882249, 0.13889053943620358, 0.12354328153882249, 
0.16822852020862028, 0.12122423418516277, 0.1403029326216743, 0.12562224257068544, 0.1382926337276303, 0.16803680295859658, 0.1382926337276303, 
0.16203594505893884, 0.1015840803576035, 0.12924827977679698, 0.0900190087803655, 0.21380629951804456, 0.08950008699020601, 0.21380629951804456, 
0.17973565937887198, 0.079796055154335, 0.10815172914020432, 0.0648071389241106, 0.21274036260971527, 0.14202869218304756, 0.21274036260971527, 
0.18793465479015292, 0.08358269652634516, 0.11193384385867666, 0.0641372958871814, 0.21679608793722008, 0.11881933306320373, 0.21679608793722008, 
0.14853150800277645, 0.15703565893914884, 0.14766907446215338, 0.13236624848873416, 0.15135253844880983, 0.11169243320956747, 0.15135253844880983, 
0.1942955621817962, 0.08312346266358542, 0.11874208094367011, 0.06440043207953283, 0.21881893746619968, 0.10180058719901623, 0.21881893746619968, 
0.15721811366468236, 0.16997821500213506, 0.1261465203370128, 0.12522472824826061, 0.14517780664617344, 0.1310768094555623, 0.14517780664617344, 
0.1910439884950278, 0.08009732786758099, 0.11492893489565935, 0.06607684464305684, 0.21028666242261, 0.12727957925345504, 0.21028666242261, 
0.17259284702643513, 0.08837158227935968, 0.14402776635641354, 0.07428826520037314, 0.218433560845446, 0.08385241744652656, 0.218433560845446, 
0.12713866781499508, 0.1723076087867776, 0.1557078788875234, 0.1437465583558004, 0.15493564650420608, 0.09122799314649142, 0.15493564650420608, 
0.11932934261267145, 0.19457819759284298, 0.1707463775722041, 0.1897834112729868, 0.10264602641491356, 0.12027061811946752, 0.10264602641491356, 
0.13579404837835604, 0.14515224367049148, 0.1792760164712338, 0.14515992495613597, 0.13594657612144428, 0.1227246142808943, 0.13594657612144428, 
0.16363879956853566, 0.14830814974516365, 0.10004601340600702, 0.04333003266163061, 0.22808255561401777, 0.08851189339062757, 0.22808255561401777, 
0.1684544876274537, 0.18434161906438992, 0.08795102020948446, 0.029494259379183225, 0.21918468084716564, 0.09138925202515744, 0.21918468084716564, 
0.17133390909475643, 0.10924997524211745, 0.11485380927099537, 0.09359689242729273, 0.18458818869281604, 0.14178903657920613, 0.18458818869281604, 
0.18526348172105522, 0.11457891525672624, 0.12655623626743698, 0.0810279055425478, 0.17276652334293993, 0.1470404145263539, 0.17276652334293993, 
0.18135770799944598, 0.10591446838561212, 0.10845683428691655, 0.04563661501158007, 0.22869233202134104, 0.1012497102737631, 0.22869233202134104, 
0.15258017086988973, 0.11957385946782402, 0.1289254729893836, 0.07063857675056757, 0.23199631162421003, 0.06428929667391509, 0.23199631162421003, 
0.16799557518571231, 0.07571493430996452, 0.13640270050063813, 0.11729670848977287, 0.18242130647307003, 0.13774746856777212, 0.18242130647307003, 
0.165338676606663, 0.14672851041237917, 0.120236304758167, 0.11889463203631491, 0.15770308183347223, 0.1333957125195315, 0.15770308183347223, 
0.20322859767606954, 0.08680453225705585, 0.11964110612814763, 0.057005892873864206, 0.19602920533805115, 0.14126146038876047, 0.19602920533805115, 
0.14116811685503836, 0.23617999471194262, 0.12399201353508509, 0.10376787581995778, 0.13765928773299937, 0.11957342361197747, 0.13765928773299937, 
0.19798995664962696, 0.06949033771607765, 0.11019070494607007, 0.07771695062381088, 0.2146272474605641, 0.11535755514328631, 0.2146272474605641, 
0.18260276517385254, 0.0997185434407221, 0.12189938291666023, 0.06560984225949011, 0.2132649653008329, 0.10363953560760915, 0.2132649653008329, 
0.18742212407085682, 0.10746517952237528, 0.11596392028622894, 0.07555613970488731, 0.1813532386372679, 0.15088615914111592, 0.1813532386372679, 
0.18210040197130417, 0.11063579909610735, 0.13094572758636244, 0.062006319891808034, 0.1932840737798933, 0.1277436038946315, 0.1932840737798933, 
0.1589615573874348, 0.14511944129985735, 0.12579964835020396, 0.10209152892371982, 0.17953453105472217, 0.10895876192933977, 0.17953453105472217, 
0.1513786042082353, 0.1028413423807122, 0.15412473947477032, 0.12563260155330935, 0.17274680659144565, 0.12052909920008154, 0.17274680659144565, 
0.14590263071626836, 0.1254348497690674, 0.14391578612062653, 0.09134279349244889, 0.20380861617878684, 0.08578670754401516, 0.20380861617878684, 
0.18460933896567902, 0.0593024750910627, 0.11152000327707785, 0.05804857686229204, 0.23928810312455331, 0.10794339955478169, 0.23928810312455331, 
0.18556971625761534, 0.14721394479149633, 0.10627480239950937, 0.07960804345681982, 0.174756421027481, 0.13182065103959723, 0.174756421027481, 
0.17782001773434533, 0.17775039664390085, 0.10120891811469089, 0.1228537607951546, 0.12192121711989387, 0.17652447247212047, 0.12192121711989387, 
0.1296253656359785, 0.19741249960863577, 0.13578867468630482, 0.15148789489198514, 0.12188955237028821, 0.1419064604365193, 0.12188955237028821, 
0.13075361353378187, 0.16485862572784793, 0.13328584101172508, 0.09241084220442204, 0.20286332099805016, 0.07296443552612274, 0.20286332099805016, 
0.14583056406134143, 0.10629004068818079, 0.16438833516900042, 0.15323392340373426, 0.14776148440713827, 0.13473416786346634, 0.14776148440713827, 
0.1544691729907401, 0.1992289405774741, 0.11477424516559859, 0.08795483624876763, 0.1572613793462168, 0.12905004632498604, 0.1572613793462168, 
0.20534239629512197, 0.10405876382776326, 0.1007410776709273, 0.07201052673373505, 0.1712421649856782, 0.17536290550109607, 0.1712421649856782, 
0.1264868356753317, 0.1971798589407563, 0.13768612365639746, 0.11899110858985175, 0.16661305681734215, 0.08642995950297853, 0.16661305681734215, 
0.15659280836936973, 0.11623934461760027, 0.1293912024182825, 0.0746729170839269, 0.2225923295724068, 0.07791906836600701, 0.2225923295724068, 
0.14825566636094903, 0.1514840344876313, 0.12925676801971078, 0.0765029894107151, 0.21251128991260232, 0.06947796189578904, 0.21251128991260232, 
0.1591087614251144, 0.1615735758538606, 0.14371123734455465, 0.12668869481894737, 0.12105532104566431, 0.16680708846619438, 0.12105532104566431, 
0.15287999026122714, 0.15198585353541674, 0.09979051868479748, 0.061076343730807385, 0.2139772345046555, 0.10631282477844012, 0.2139772345046555, 
0.16418943242163114, 0.14141582757422347, 0.12893198885417353, 0.12003489287338585, 0.15838411942091385, 0.12865961943475826, 0.15838411942091385, 
0.13805302626000043, 0.16832486314013878, 0.14628875196347418, 0.17164429122839656, 0.10663084568879029, 0.16242737603040938, 0.10663084568879029, 
0.15744460291325177, 0.18191535241411105, 0.13046709125155648, 0.06849797324820044, 0.1686803104586901, 0.12431435925550006, 0.1686803104586901, 
0.1567971599018158, 0.15400020189818517, 0.14333724025614678, 0.11985372588832953, 0.1623235677850377, 0.10136453648544731, 0.1623235677850377, 
0.1781537110793666, 0.10793324851290877, 0.10702055690646346, 0.04104282150931002, 0.22266766475218508, 0.12051433248758094, 0.22266766475218508, 
0.1874705475984245, 0.10686442502055886, 0.09293370855308614, 0.051363721144448454, 0.2003358426169601, 0.1606959124495618, 0.2003358426169601, 
0.15719959801357053, 0.1634253628320888, 0.10487868462471645, 0.08429132826728379, 0.1720425272251777, 0.14611997181198502, 0.1720425272251777, 
0.16114294232947493, 0.15255304096309696, 0.13268054800265144, 0.1036817240014523, 0.17207361534376436, 0.10579451401579552, 0.17207361534376436, 
0.1763976499639737, 0.10967250972286564, 0.1208934632221305, 0.10211975420936785, 0.1793879976442528, 0.1321406275931567, 0.1793879976442528, 
0.15727190527810594, 0.14545254800035162, 0.1170779041893843, 0.08562022124749574, 0.20494824056845057, 0.08468094014776129, 0.20494824056845057, 
0.16744689321162087, 0.12587628440762888, 0.12235855808730718, 0.09150092757974675, 0.1922821436170201, 0.10825304947965624, 0.1922821436170201, 
0.15969477418484546, 0.11284314441650438, 0.11848913839110739, 0.0782817002477264, 0.2209449076510668, 0.0888014274576828, 0.2209449076510668, 
0.14308847674852448, 0.21027687140978235, 0.12377897288904036, 0.11780249438623785, 0.14806833388261553, 0.10891651680118386, 0.14806833388261553, 
0.1747170891473181, 0.11847897557967807, 0.12487463693582256, 0.06876263227764794, 0.20080419495066296, 0.11155827615820732, 0.20080419495066296, 
0.18139399453960306, 0.11201152827606178, 0.11626432519784737, 0.06451973931651397, 0.2042585316981505, 0.11729334927367291, 0.2042585316981505, 
0.1471516305275142, 0.16443658280345208, 0.14723006769565053, 0.16059426394762485, 0.11115112375757324, 0.15828520751061176, 0.11115112375757324, 
0.16286777868462723, 0.1364274170785089, 0.12708827394123262, 0.1293401889839849, 0.14834780729173563, 0.14758072672817496, 0.14834780729173563, 
0.18519081627026635, 0.0962992449467708, 0.11706371721091462, 0.09047122701551023, 0.19607697648659905, 0.1188210415833399, 0.19607697648659905, 
0.15831895284739345, 0.12966842366301032, 0.11217867683938984, 0.06873571577088405, 0.2188877092919997, 0.09332281229532288, 0.2188877092919997, 
0.14441185561186426, 0.13452444084409307, 0.12368741319045572, 0.05485443126272706, 0.2457865514814954, 0.05094875612786908, 0.2457865514814954, 
0.19006057820519162, 0.051360460122536956, 0.12608551045161778, 0.09385327846513049, 0.20785252191770134, 0.12293512892012053, 0.20785252191770134, 
0.1504515470132183, 0.12937247174055846, 0.1344349898331511, 0.11312200539962344, 0.1741245709963651, 0.12436984402071856, 0.1741245709963651, 
0.1471497872107106, 0.17454023030292531, 0.12674265001834045, 0.10137376475414404, 0.17792968248499752, 0.0943342027438847, 0.17792968248499752, 
0.21078098820285743, 0.0748457849173208, 0.11380468885628751, 0.07899847522834803, 0.19859739289781403, 0.12437527699955811, 0.19859739289781403, 
0.15531325277873215, 0.13611431400374, 0.12316479745164445, 0.06381725794928052, 0.21645554552918478, 0.08867928675823347, 0.21645554552918478, 
0.13349610754645322, 0.20758791593595335, 0.10953534438350623, 0.056885605797512506, 0.2138369953077285, 0.06482103572111766, 0.2138369953077285, 
0.16828415493459428, 0.08178881525693737, 0.127803228294636, 0.07134784054374367, 0.22243589714714818, 0.10590416667579222, 0.22243589714714818, 
0.17284159348665276, 0.1025399595443233, 0.12761692258488608, 0.07188238584108028, 0.20552134211338557, 0.1140764543162865, 0.20552134211338557, 
0.159714454466611, 0.13845110948216846, 0.135689578815007, 0.12192983803862041, 0.17186010211578778, 0.10049481496601763, 0.17186010211578778, 
0.19310123676302873, 0.09553261001439411, 0.10937068589777339, 0.046270370257979594, 0.20710250781889927, 0.14152008142902558, 0.20710250781889927, 
0.18615902515388502, 0.1026258030486847, 0.1434111166473998, 0.0865420454438122, 0.15985434738045148, 0.16155331494531547, 0.15985434738045148, 
0.19806286400858378, 0.1177002346658344, 0.08997604295201007, 0.04380585218055994, 0.19999985920811839, 0.15045528777677497, 0.19999985920811839, 
0.16817845373509865, 0.11249410243398568, 0.14290729002367494, 0.10161937762062756, 0.18101676299054964, 0.11276725020551417, 0.18101676299054964, 
0.20604053255990273, 0.08293307627153393, 0.1081023194568772, 0.06657312067854904, 0.21871933860956222, 0.09891227381401264, 0.21871933860956222, 
0.168415226616892, 0.1405383603397399, 0.12775580843556633, 0.09325145907200949, 0.19283988279977038, 0.08435937993625141, 0.19283988279977038, 
0.15150126501334346, 0.16124156043534835, 0.1389790459503216, 0.09670751726922769, 0.18120464684977441, 0.08916131763221014, 0.18120464684977441, 
0.16412462631605396, 0.12293398511382485, 0.13732279578067946, 0.11781070300817587, 0.1772485503766105, 0.10331078902804476, 0.1772485503766105, 
0.1662194334094083, 0.09845776331504144, 0.11984882337360585, 0.0896819053960148, 0.20397685655504508, 0.11783836139583943, 0.20397685655504508, 
0.14044663976989807, 0.12491732082859092, 0.1579840045424777, 0.09823980663867037, 0.19824861400106278, 0.08191500021823744, 0.19824861400106278, 
0.14406593454643016, 0.1275046410579777, 0.14598090142913003, 0.11675787519606046, 0.19206330527174614, 0.08156403722690943, 0.19206330527174614, 
0.15074772865655456, 0.15186384005987755, 0.1310401630165338, 0.12311763110915547, 0.1630015687242196, 0.1172274997094394, 0.1630015687242196, 
0.15641637978681996, 0.17614206782877942, 0.11298475662015486, 0.10171032242775896, 0.16431672163826988, 0.12411303005994695, 0.16431672163826988, 
0.15202636093410737, 0.18031996416206622, 0.1219987359225675, 0.12092122449854559, 0.14630823568259815, 0.13211724311751705, 0.14630823568259815, 
0.16830953833720477, 0.11615368088812285, 0.1280438485536979, 0.04988991069571982, 0.2308761863485517, 0.07585064882815118, 0.2308761863485517, 
0.18236348335291733, 0.11056043132533933, 0.10874649138414683, 0.06879485425810337, 0.21435631599656607, 0.10082210768636106, 0.21435631599656607, 
0.15203324196450285, 0.16391830671779092, 0.14135606726787486, 0.15680747195551115, 0.11174606938737859, 0.162392773319563, 0.11174606938737859, 
0.1591209433534194, 0.13685910806977084, 0.12516868201659773, 0.1333033820530478, 0.14111597515985266, 0.16331593418745885, 0.14111597515985266, 
0.1584358405761764, 0.19581374375569285, 0.12683302787086329, 0.09747163988769016, 0.14349586320257435, 0.13445402150442845, 0.14349586320257435, 
0.16691037989245572, 0.12479393030474384, 0.14933426915627604, 0.13753967861495026, 0.1294955524866373, 0.16243063705829963, 0.1294955524866373, 
0.16118477512662072, 0.12580390406680203, 0.1334888953025232, 0.1255832372460314, 0.15453707421863544, 0.14486503982075186, 0.15453707421863544, 
0.17519582612763648, 0.12272353553471463, 0.12118842654847375, 0.12248870743098098, 0.14680527590700498, 0.16479295254418413, 0.14680527590700498, 
0.1445727607411728, 0.18939139043689718, 0.10163569797488194, 0.06968459376278215, 0.2070175322680273, 0.08068049254821136, 0.2070175322680273, 
0.1652601781096937, 0.09204219849545935, 0.11274078730099686, 0.06371830739961616, 0.23845111147251682, 0.08933630574920036, 0.23845111147251682, 
0.20109387379094182, 0.06474552862076628, 0.09765823017748676, 0.03398069801755548, 0.23082956941592478, 0.14086253056140013, 0.23082956941592478, 
0.15649335676040965, 0.18223259484996857, 0.12554101142285665, 0.13986653427410792, 0.10576077031537369, 0.18434496206190984, 0.10576077031537369, 
0.1754677688954897, 0.13925684984387873, 0.1305782624587878, 0.14244544068168444, 0.1196675661755156, 0.1729165457691281, 0.1196675661755156, 
0.13544099633960824, 0.1863061317018192, 0.14762937286710798, 0.12053591476375616, 0.1522983297436238, 0.10549092484046077, 0.1522983297436238, 
0.1314521104199595, 0.16977457690918962, 0.15909636767257768, 0.15964706202091494, 0.12408311005037262, 0.13186366287661297, 0.12408311005037262, 
0.14721605864534093, 0.17769290846600877, 0.14447056266928268, 0.0975823905137933, 0.15866921317731142, 0.11569965335095139, 0.15866921317731142, 
0.1365131308477797, 0.2236082051827488, 0.13033362906606863, 0.14212372718465682, 0.13485874121322056, 0.09770382529230474, 0.13485874121322056, 
0.1543854580939445, 0.15710364405136254, 0.1343292769308191, 0.13232655555363176, 0.15652503367815712, 0.10880499801392784, 0.15652503367815712, 
0.21152801212475955, 0.10423454021265403, 0.1126651494535404, 0.07498757323400396, 0.15763689760205774, 0.1813109297709264, 0.15763689760205774, 
0.18740959954402245, 0.06933137902987017, 0.12465860887418014, 0.06324942073277379, 0.20118144517574355, 0.15298810146766628, 0.20118144517574355, 
0.18722898863361395, 0.08323524454240211, 0.1435428556965123, 0.11298331088193896, 0.13533010712076732, 0.20234938600399813, 0.13533010712076732, 
0.18515542071119204, 0.1586897457133053, 0.10708972909493837, 0.09563282243658607, 0.13054636687018362, 0.19233954830361114, 0.13054636687018362, 
0.1877917858703653, 0.1360986364471403, 0.12115028309338284, 0.11368006910162422, 0.11998936546789299, 0.20130049455170124, 0.11998936546789299, 
0.1647885324877321, 0.10581609110476872, 0.135068475687008, 0.10801104552415411, 0.15902245368204668, 0.1682709478322436, 0.15902245368204668, 
0.13579854270532904, 0.18400293392983916, 0.13769609404548647, 0.1242352080492315, 0.16091356704512824, 0.0964400871798573, 0.16091356704512824, 
0.16553265654625007, 0.12153235978061185, 0.12882302714327928, 0.09992092151925006, 0.1825719101879581, 0.11904721463469248, 0.1825719101879581, 
0.17469659799461443, 0.12163648036436278, 0.13524447657759983, 0.090431876724781, 0.18328277291901274, 0.11142502250061634, 0.18328277291901274, 
0.17708427118522288, 0.0961205197192863, 0.13613968405877952, 0.05522322908064906, 0.22163364421708445, 0.09216500752189329, 0.22163364421708445, 
0.17904070332169947, 0.10487572145051072, 0.10262403004640533, 0.06327169760838264, 0.21284672759290263, 0.1244943923871965, 0.21284672759290263, 
0.15696313087047128, 0.08978192819158605, 0.1360155845082221, 0.08759521730787877, 0.21710471751766652, 0.09543470408650884, 0.21710471751766652, 
0.15785934152483605, 0.14676291117134163, 0.12112293529187658, 0.05225973016331397, 0.2079588354559258, 0.10607741093678018, 0.2079588354559258, 
0.14286336714867998, 0.10658298765625755, 0.12247087317015559, 0.07401678697620062, 0.24069805896920357, 0.07266986711029907, 0.24069805896920357, 
0.1763509811855733, 0.093760483501537, 0.11172451299568664, 0.06359436387371993, 0.2179142329784317, 0.11874119248661975, 0.2179142329784317, 
0.1764556547087413, 0.1475055626274347, 0.10536589314359672, 0.07718132918628764, 0.17495201132555813, 0.14358753768282342, 0.17495201132555813, 
0.1373956197883417, 0.25976970836502894, 0.10321604364487877, 0.11504888155274444, 0.11644234568533716, 0.15168505527833184, 0.11644234568533716, 
0.16649525257680806, 0.1600373798958831, 0.11799410816334743, 0.10248017027385309, 0.17039893590446523, 0.11219521728117773, 0.17039893590446523, 
0.16860635475775015, 0.09555722073591508, 0.11989361350980898, 0.06996150826402285, 0.20572461241425447, 0.13453207790399405, 0.20572461241425447, 
0.15293855255669117, 0.148747543190669, 0.11578473842708113, 0.06973890309025506, 0.2085813591384579, 0.09562754445838782, 0.2085813591384579, 
0.1612017017301685, 0.18460058222338874, 0.10124157454604069, 0.07747084158178284, 0.17144058520285807, 0.13260412951290312, 0.17144058520285807, 
0.1479337134386053, 0.17297148235462045, 0.14151350807874713, 0.1378317321197119, 0.133255787605308, 0.13323798879769908, 0.133255787605308, 
0.1850624255562276, 0.09340696820595083, 0.11508839093185318, 0.08552162487959897, 0.1949998150994078, 0.13092096022755387, 0.1949998150994078, 
0.15207120282643463, 0.17248304604465953, 0.129298392436119, 0.1180754637515814, 0.15880442345828144, 0.11046304802464246, 0.15880442345828144, 
0.15482305554217218, 0.1540925464580785, 0.12321718411035683, 0.0655783523088213, 0.21296635048147822, 0.07635616061761492, 0.21296635048147822, 
0.16071759083947096, 0.13760595445958243, 0.12407225033404037, 0.12073920676186999, 0.17130856546883283, 0.11424786666737057, 0.17130856546883283, 
0.15308503309877203, 0.17621696188302463, 0.1098684234550088, 0.07462033196552635, 0.2025836793412797, 0.08104189091510879, 0.2025836793412797, 
0.17348680885933546, 0.16199574487976998, 0.12243418119914425, 0.10141093755276825, 0.16397121885392155, 0.1127298898011389, 0.16397121885392155, 
0.20583461271932538, 0.11826153616749492, 0.13384677159444902, 0.11363699892844546, 0.13026288006209444, 0.1678943204660963, 0.13026288006209444, 
0.176025153249543, 0.11622497599015505, 0.16350875796402423, 0.11553543205069357, 0.1482474716649069, 0.1322107374157703, 0.1482474716649069, 
0.14847568477671486, 0.16174919362637818, 0.1262338749609318, 0.07906171832847049, 0.1948060787078149, 0.09486737089187487, 0.1948060787078149, 
0.17199595289775654, 0.08621341435594003, 0.12450549268256844, 0.08918543877334484, 0.20944984702901415, 0.10920000723236187, 0.20944984702901415, 
0.17377899125054938, 0.11871634983727782, 0.10706458021189663, 0.06731642390602474, 0.2060730385021856, 0.12097757778988016, 0.2060730385021856, 
0.16334559608021856, 0.08288422429194725, 0.13203120472268978, 0.07473058675655718, 0.23910813769044484, 0.0687921127676976, 0.23910813769044484, 
0.16015921640665234, 0.1646856894321082, 0.10261932532197865, 0.06971178692945215, 0.2010824425541601, 0.10065909680148838, 0.2010824425541601, 
0.1432188910006266, 0.16600618552172602, 0.12500414371607263, 0.09033602478483924, 0.20282359278122997, 0.06978756941427558, 0.20282359278122997, 
0.1385386210487471, 0.17383828820708544, 0.14438023718582127, 0.15389224289020648, 0.12273057942088274, 0.14388945182637405, 0.12273057942088274, 
0.15746435074066106, 0.15382277458098137, 0.1116331936481189, 0.07003110505926448, 0.21135102202698983, 0.08434653191699462, 0.21135102202698983, 
0.16258570041278472, 0.1013433914561827, 0.12999310030052333, 0.0792079004285394, 0.20933953253888796, 0.10819084232419392, 0.20933953253888796, 
0.162584967729659, 0.14510319795203083, 0.11342377640606048, 0.10713067219221936, 0.16682360392772386, 0.13811017786458257, 0.16682360392772386, 
0.17235320621538278, 0.14784850581796322, 0.09962396337541134, 0.08070165429984741, 0.17559251528204178, 0.14828763972731174, 0.17559251528204178, 
0.16721806234982325, 0.13838024676046315, 0.11570699779183008, 0.10137826961428893, 0.16609565417041655, 0.14512511514276144, 0.16609565417041655, 
0.18189730841517962, 0.14439333092209014, 0.12389824395851531, 0.053605715697341245, 0.1863432043344117, 0.12351899233805022, 0.1863432043344117, 
0.1726171751722441, 0.1552724381934224, 0.13900367440007547, 0.06919618104963199, 0.16841881799025013, 0.12707289520412593, 0.16841881799025013, 
0.2060825616233944, 0.07966426814508867, 0.10814099834504341, 0.044868630168906944, 0.19020752591369108, 0.1808284898901845, 0.19020752591369108, 
0.16885948305346044, 0.13980850733645564, 0.12384122552045015, 0.09068264414006248, 0.1868150887632631, 0.10317796242304504, 0.1868150887632631, 
0.16652773722614916, 0.1798787268760933, 0.12726060318208188, 0.12124630582061047, 0.1334549399426739, 0.13817674700971733, 0.1334549399426739, 
0.1598326699054317, 0.19229478151232768, 0.13339183088290185, 0.12020841512716779, 0.125834744753924, 0.1426028130643228, 0.125834744753924, 
0.21216049071637696, 0.08219492086757398, 0.10764932138608296, 0.08428083868867874, 0.1502662017152854, 0.21318202491071664, 0.1502662017152854, 
0.17194673838737232, 0.09529438497792934, 0.11557500436229534, 0.06949598471244621, 0.22930057999430545, 0.08908672757134596, 0.22930057999430545, 
0.1669396910358371, 0.1304014768296015, 0.11416367631350183, 0.07303944561913113, 0.20876280953073, 0.09793009114046847, 0.20876280953073, 
0.1776416695813302, 0.07819321785839597, 0.11504373736637884, 0.052896888552181144, 0.24528685441014955, 0.08565077782141475, 0.24528685441014955, 
0.1908450387732919, 0.12290605460658706, 0.09623418208752633, 0.07176261214566473, 0.1913047467351906, 0.13564261891654872, 0.1913047467351906, 
0.1703891617223057, 0.1311714860554646, 0.1198104891846786, 0.11395656314825481, 0.14036972011514215, 0.1839328596590121, 0.14036972011514215, 
0.14973028270335315, 0.13110673812742846, 0.12347833583074347, 0.09238424959060153, 0.20720772607838162, 0.0888849415911102, 0.20720772607838162, 
0.14593605682143276, 0.14109164858966788, 0.1294452844853164, 0.11083097235425718, 0.1831112070317364, 0.10647362368585286, 0.1831112070317364, 
0.15024943504280877, 0.13210669978545092, 0.13607354666425434, 0.11405778389994418, 0.1787585946585177, 0.10999534529050635, 0.1787585946585177, 
0.16131567614588804, 0.13054314444816686, 0.13324623450245762, 0.12026592758528606, 0.15090490991934863, 0.15281919747950434, 0.15090490991934863, 
0.15157661568796105, 0.14254514992662132, 0.11666051567138305, 0.08618029177757225, 0.19739806333502916, 0.10824130026640395, 0.19739806333502916, 
0.15125412190810128, 0.14402146252659426, 0.12731020284932093, 0.09958317513061679, 0.19488421769703043, 0.08806260219130584, 0.19488421769703043, 
0.17421731130793366, 0.08821560423203909, 0.11344622741379012, 0.061015248796897265, 0.24495057225936462, 0.07320446373061064, 0.24495057225936462, 
0.15219712695063387, 0.11639724593976818, 0.13643769866089187, 0.0972055991158467, 0.2060862483517039, 0.08558983262945168, 0.2060862483517039, 
0.16349552827477917, 0.11410011429813845, 0.1265666615679312, 0.09995401890796533, 0.18410985836471147, 0.1276639602217628, 0.18410985836471147, 
0.1845564543838785, 0.0627884669881657, 0.13142072476488464, 0.09169996848464956, 0.20174532394515396, 0.12604373748811365, 0.20174532394515396, 
0.1573046952159161, 0.12595520432029617, 0.12758096683358605, 0.12648229379999373, 0.1577549107747043, 0.14716701828079937, 0.1577549107747043, 
0.17677268439707675, 0.08135572813805411, 0.11919604720616671, 0.08813249771696645, 0.21275879543048773, 0.10902545168076054, 0.21275879543048773, 
0.1601686305579958, 0.15667130203271484, 0.12592062938579174, 0.12588399679919582, 0.14056966078796368, 0.15021611964837445, 0.14056966078796368, 
0.17493029617537229, 0.07856013687083951, 0.11584456197595373, 0.06922186189942581, 0.23866555881814763, 0.08411202544211337, 0.23866555881814763, 
0.17740537443502405, 0.11129334371957114, 0.11917803699707813, 0.08546238171978082, 0.1920915995434055, 0.12247766404173495, 0.1920915995434055, 
0.17586388072570722, 0.08162389876534253, 0.1160871710237891, 0.06679644559874803, 0.23558288676777328, 0.08846283035086659, 0.23558288676777328, 
0.1761818620521741, 0.1001171796629172, 0.10696920987363889, 0.04106974431191763, 0.23574109402235574, 0.1041798160546407, 0.23574109402235574, 
0.174687939843062, 0.062051519315964594, 0.13362553442533212, 0.1103046452743462, 0.18810220249681855, 0.14312595614765777, 0.18810220249681855, 
0.16165145596930106, 0.11232345687517849, 0.11865681715244938, 0.08900377661744631, 0.19964528398375897, 0.11907392541810691, 0.19964528398375897, 
0.14763105739149845, 0.1494871783079267, 0.1637287571697706, 0.07430012689790455, 0.1822208063841816, 0.10041126746453655, 0.1822208063841816, 
0.1526735294959909, 0.14529609852508102, 0.11686788504153245, 0.10411761613592362, 0.175986141140501, 0.12907258852046996, 0.175986141140501, 
0.1711851613575517, 0.07584867211474002, 0.10792599435625343, 0.05212312862731592, 0.24661084801518748, 0.09969534751376401, 0.24661084801518748, 
0.15309460287821114, 0.13116709055174863, 0.10862452920704593, 0.06739587152348694, 0.21176690778781426, 0.11618409026387894, 0.21176690778781426, 
0.16247943650662253, 0.09379894355501212, 0.14018924213370323, 0.1407208726593174, 0.16064204523372483, 0.141527414677895, 0.16064204523372483, 
0.16320196340806686, 0.13817070224613112, 0.11286872380070442, 0.08283602609814388, 0.1885373437512525, 0.12584789694444865, 0.1885373437512525, 
0.17180280346580631, 0.12059672129758862, 0.11212050905560636, 0.07198283758436527, 0.19704092178202942, 0.12941528503257455, 0.19704092178202942, 
0.16341984652617772, 0.14212127654086693, 0.13464727885042446, 0.09635690006719022, 0.16853273298959298, 0.12638923203615487, 0.16853273298959298, 
0.16407807758238166, 0.10417170586497752, 0.13042009333254037, 0.10442786104825856, 0.18986590771282916, 0.11717044674618357, 0.18986590771282916, 
0.15409909927696466, 0.15088387953377788, 0.12043767514951398, 0.0850387895314551, 0.20816359784621408, 0.0732133608158602, 0.20816359784621408, 
0.16688897024951058, 0.09261825495094346, 0.12101488074411244, 0.07179376747853908, 0.23435471232681768, 0.07897470192325906, 0.23435471232681768, 
