
0.10027241008000677,0.15086375399423413,0.1744960821924517,0.04562281207651245,0.049189122302727886,0.15934724435255068,0.16236947205035485,0.1578391029511615,
0.1282401031273786,0.12496417812516959,0.12495916168885642,0.12984654006992327,0.12418350327026068,0.12254586716435419,0.1229012213095025,0.12235942524455498,
3.9128828143986246E-4,0.25843491721305817,3.615850288524233E-4,0.7399871167566879,1.3418435739301397E-4,2.4823297973251336E-4,2.8288609144855645E-4,1.5978929138759499E-4,
1.752626044066723E-5,0.002884067496549103,2.572560726717822E-5,0.9967642830450508,1.2164127984700905E-4,6.140488232464696E-5,4.131805137742476E-5,8.4033377144084E-5,
1.427484640118227E-6,0.3387985074458676,9.62382637772458E-7,0.661193926684736,2.059570325352887E-6,1.385758679777462E-6,8.056895989516957E-7,9.249835137918714E-7,
1.3927397034138029E-6,0.5241344544985397,4.585420184397121E-6,0.47584627989321165,3.2113183475631124E-6,3.0799813496966754E-6,4.190550701564892E-6,2.805597961609728E-6,
1.7494595128818207E-7,0.2954582135499096,9.948512756209545E-8,0.7045408433131167,2.0268300875706843E-7,1.2038011635828265E-7,1.5163887105690056E-7,1.94003897984248E-7,
2.2012742860861637E-4,0.1408345318652087,1.2098429626620466E-4,0.857724372533948,3.459769112848493E-4,1.6900685126473722E-4,4.5062633504028667E-4,1.343737783777742E-4,
6.848267600942231E-6,0.07437327422621329,5.889492009517171E-5,0.925463362490489,6.529319592886517E-5,1.6282468745320087E-5,9.986835302713708E-6,6.057595625008788E-6,
2.6458786030314293E-5,0.12631231892315486,8.359146971411027E-6,0.8735491834542148,2.6899503278855817E-5,3.6073875394833775E-5,1.544169507775655E-5,2.526461587749882E-5,
2.049374445778142E-5,0.02421211617685576,3.599237488195749E-5,0.9756602211522469,1.544478775851771E-5,1.040090087219736E-5,2.2763619720443584E-5,2.2567243205944735E-5,
7.337028913363643E-8,0.08358865649336683,2.2640829195045717E-7,0.9164104780039009,4.7015981180772884E-8,1.1053446366766444E-7,3.402656224308399E-7,6.790808685108322E-8,
3.44194125270538E-6,0.001902919427307769,1.3519158168601195E-6,0.9980835546849608,3.3286736174283898E-6,2.597944516361353E-6,1.6429959200349297E-6,1.1624166084841987E-6,
1.3380076665052035E-5,0.004705470214562271,4.246121760363044E-6,0.9952229321324408,8.872387157777931E-6,1.6772077111100455E-5,1.770577205936977E-5,1.0621218244155633E-5,
1.1646655338225884E-5,0.03100426037736506,5.051727188863894E-6,0.9689286094200746,1.6732652252839574E-5,9.984761581801146E-6,1.116196409442421E-5,1.255244210486691E-5,
2.143653382962723E-10,0.4509701010800991,1.324467594567058E-10,0.5490298978089997,2.6028465315146837E-10,2.8078175521626994E-10,4.462934036662202E-11,1.7839181746239554E-10,
3.141164202563659E-7,0.001898700961110885,1.4781372118641453E-7,0.9981002755483284,7.291004528568132E-8,3.475458807720954E-7,2.8708575567940362E-8,1.1239591765194466E-7,
4.315033870881597E-6,7.14245991536768E-4,4.607515844092065E-6,0.999268754940796,1.1071679929566938E-6,3.331734135400178E-6,1.7550426036371795E-6,1.882573221029901E-6,
5.51911455221108E-11,0.3035334310599825,5.19151244926957E-11,0.6964665684153994,2.819749660595783E-11,1.5899254743074326E-10,1.2329663835271086E-10,1.0702488602825699E-10,
3.015660730771983E-8,0.350863809621934,2.8231241633715585E-8,0.6491360247038636,2.8220574835796216E-8,2.2454483098453067E-8,2.41226318189589E-8,3.2488664769171666E-8,
3.730341906271273E-12,0.05858268199798143,4.71768851466076E-12,0.9414173179854517,7.050030260506336E-13,4.914672540296815E-12,6.929201714432049E-13,1.8029212257919061E-12,
2.630997396539678E-8,0.0033177009431589275,2.1790166303471787E-8,0.9966821872175813,1.5036983416156894E-8,1.2253712731185044E-8,2.0895020948825564E-8,1.5553402516079717E-8,
1.19236638488817E-13,0.06029025477216545,1.7392076407645765E-13,0.9397097452272578,5.763686164777742E-14,3.9514060581327556E-14,1.086498333199294E-13,7.867275192375297E-14,
5.722517655271772E-13,0.14339057164491123,4.379755685956995E-13,0.856609428350106,1.8232245393388926E-12,4.631221854837229E-13,1.0232223757220549E-12,6.630439856269196E-13,
1.0909036249771497E-6,0.05039161349574579,2.7965717878170788E-6,0.949594104574596,3.1881733368746264E-6,3.3998519041713923E-6,2.070769844050414E-6,1.7356591591033352E-6,
1.2144414407970512E-10,0.059549653311690924,1.4219259946934337E-10,0.9404503458712938,1.676674613117052E-10,2.018450083545842E-10,6.825432709372845E-11,1.1561220043855928E-10,
8.689456229998568E-8,1.1518135100297635E-4,1.0414186920046289E-7,0.9998844529305202,1.0014753731996615E-8,1.0571180090935004E-7,6.956428800717079E-9,5.199905938460805E-8,
1.7052024822915107E-7,0.02919951274111711,1.6738404787789758E-7,0.9707996786449496,1.7313314010233677E-7,1.6803596712515795E-7,9.810664336741352E-8,3.143388564701381E-8,
3.216957713310256E-13,0.07273079079664373,1.803703350268967E-13,0.9272692092017303,3.3978019788794057E-13,4.575649984324287E-13,8.862349271008876E-14,2.3686165412366156E-13,
6.86070381118893E-11,0.09631067277488092,4.2070663054286614E-11,0.9036893269581526,2.9759860971304154E-11,8.96478554547976E-11,1.2765843623743581E-11,2.4115476794083073E-11,
3.924633970133042E-10,0.32427009825242964,3.4736157114504285E-10,0.6757298997373493,1.7933339384582036E-10,2.3021915574765957E-10,3.7728895265101695E-10,4.835530722145897E-10,
6.2295793581114705E-9,0.2526645050388529,1.956546442505552E-8,0.7473353622256543,3.0030771024297546E-8,3.0915144043930896E-8,1.832442980692561E-8,2.7670105595030993E-8,
6.89309811788484E-14,0.2976035225824141,2.0623742778242342E-14,0.7023964774172828,4.261637340831113E-14,6.78299424555885E-14,7.473538941269228E-14,2.82461860865464E-14,
5.088427990746027E-9,0.032381438250742064,1.3752615847752962E-9,0.9676185390892577,4.5141301723256155E-9,4.901264296984162E-9,3.2698591171640364E-9,3.511059009685896E-9,
5.010491303251979E-9,0.20356954230545246,1.331677659795451E-9,0.7964304374178147,4.94404768723355E-9,2.456769057393213E-9,4.044861840445026E-9,2.4888841485032703E-9,
4.711440080729158E-9,0.01120978689745918,4.521535916378842E-9,0.9887901929781165,4.653893649807688E-9,2.4214325712645483E-9,3.0560055050806313E-9,7.601177722209628E-10,
6.893562209107954E-11,0.039233327163983436,1.3398923952415132E-10,0.9607666722215664,1.1651924252597423E-10,2.9123376283755826E-11,1.1211322042154442E-10,1.5376788729240308E-10,
2.5988455003578642E-8,0.06362334260862368,3.2683425826208035E-8,0.9363763849342867,5.175870395909303E-8,5.529173633013889E-8,5.8856607073996665E-8,4.787816185988282E-8,
3.4589177145127347E-13,0.2813662799318523,9.17643099232184E-13,0.7186337200647583,5.36619877355144E-13,7.306931010369814E-13,6.790177081856234E-13,1.7937157906063664E-13,
3.538707764794302E-11,0.1792086942384545,2.982043357185844E-11,0.8207913055949126,1.3044450551262696E-11,3.375157230402915E-11,2.0260088354923086E-11,3.436661507827662E-11,
1.983628341175741E-8,0.31848278797647783,1.2494053472004353E-8,0.6815170899919099,7.58801181058093E-9,2.637447547601061E-8,2.6860622125731063E-8,2.8878168129760745E-8,
6.7631964496305965E-9,0.22149905183080212,7.683544200125346E-9,0.7785009145402348,3.85829900401894E-9,1.1591115949853656E-9,7.281020453354751E-9,6.883790278180037E-9,
1.1011794932399103E-10,0.05103513780061936,7.152416317113865E-11,0.9489648616230549,1.3915520665109599E-10,2.683605382905928E-11,7.363551681763278E-11,1.550563038390199E-10,
1.1562539539539098E-11,0.0010792114582800212,7.764123607955848E-11,0.9989207880634283,5.653758372360387E-11,1.731149737218832E-11,1.6200710862656393E-10,1.5323111063431327E-10,
3.146043414927649E-13,0.181734768037852,6.372771520617676E-13,0.8182652319598147,6.654815088571159E-13,2.410628147346948E-13,3.32354890705661E-13,1.406463261347909E-13,
5.867127741608036E-15,0.2764816811644171,7.158306876422317E-15,0.7235183188355448,7.389798868696788E-15,5.204251206744674E-15,6.75440761076689E-15,6.450974060667689E-15,
8.579886075477502E-12,0.02987803867893769,9.351174997253946E-12,0.97012196124705,1.4895676478900468E-11,1.2946264166154026E-11,1.581560209434368E-11,1.2423604133981646E-11,
1.1597322905877926E-16,0.20991252361736526,1.1219886263518237E-16,0.7900874763826329,3.6210090860982775E-17,7.42209482531996E-17,1.8712138183321265E-16,1.5811840669236712E-16,
1.86782439915138E-15,0.06677878255330202,3.810049753762785E-15,0.9332212174466755,3.658184092352592E-15,6.119500644858665E-15,5.89493351805459E-15,3.859399967068011E-15,
6.700323037913997E-13,0.3343565977350757,1.4383057090231637E-12,0.6656434022584665,9.269818681500029E-13,1.2980937738811162E-12,1.2684124030187775E-12,8.577100537161461E-13,
4.872175653071154E-11,0.06163274096051999,2.875127225559154E-11,0.9383672586083911,9.551548709227071E-11,8.223384243595185E-11,8.938961583133E-11,8.647922841580714E-11,
7.349454023644167E-11,0.02026945897630511,6.304030000940598E-11,0.9797305406961059,5.089961279524851E-11,5.944177674972724E-11,3.1190082196140905E-11,4.9521278672085484E-11,
3.5926517985366124E-12,0.11029805719148983,3.522884062800758E-12,0.8897019427850931,3.538567689792192E-12,2.5925883988679394E-12,6.401116873793844E-12,3.769246763388831E-12,
2.0048536864881003E-11,0.018713547449148268,6.80659821293985E-12,0.9812864524678188,3.5877269335661107E-12,1.3310945204333804E-11,2.005588457997683E-11,1.922182274395159E-11,
4.319454355099854E-12,0.15562795743754088,2.727671857714431E-12,0.8443720425454948,2.432503025875173E-12,1.3245036385090957E-12,2.1615379814569046E-12,3.996898714517605E-12,
1.302980965409689E-13,0.137807978724416,2.5728009584335103E-13,0.8621920212740873,3.0755882602190676E-13,3.2608958498384107E-13,3.0377434914022867E-13,1.7484838724737974E-13,
1.8112061160625653E-13,0.03364388987270828,2.3643307503550873E-13,0.9663561101258261,3.46472279721849E-13,1.6637493570922526E-13,2.731209272736735E-13,2.647047357332416E-13,
6.208224764587465E-15,0.07766760910749126,1.2822663867529797E-14,0.9223323908924509,7.428392863551757E-15,1.4903522794868382E-14,8.036218012344533E-15,1.010688440913072E-14,
2.559376489579685E-13,0.0813951981076877,1.1149423725219859E-13,0.9186048018912727,1.7585545143611042E-13,1.1747299542249128E-13,2.0217067887948E-13,1.7919846211346657E-13,
2.0315385761390115E-14,0.07607783128090999,1.8274876842499506E-14,0.9239221687187886,9.304352220457785E-14,4.809645037318202E-14,8.319234716248808E-14,3.890617648526979E-14,
5.311467477031853E-13,0.2343737183450211,2.0711959287504132E-13,0.7656262816526237,3.8192478685819073E-13,3.5343665218651507E-13,7.461390758345464E-13,1.3616517296674467E-13,
3.077117994545192E-15,0.005970975219587852,2.090217973112907E-15,0.9940290247804047,1.6667880935473193E-15,1.6386335520261363E-15,1.38233799184796E-15,7.868679477010487E-16,
2.797196228546032E-15,0.11883652662394364,2.541304704139965E-15,0.8811634733760372,3.1054897584414183E-15,4.711819218303403E-15,2.339618974477067E-15,1.8455738270635692E-15,
1.0170401200531819E-15,0.03382228652194977,6.831015264308929E-16,0.9661777134780486,5.891334044129101E-16,9.681603806172003E-16,1.0271504788618122E-15,7.934957029596017E-16,
2.221700323065191E-16,0.182178572067143,5.260780179479215E-16,0.8178214279328565,4.622270659014294E-16,6.701964252432822E-16,6.847211317758671E-16,7.4154681221539E-16,
3.2215277630871197E-15,0.10495824792774641,2.7680071092320056E-15,0.8950417520722276,2.373577184673707E-15,4.7960365267631155E-15,3.3019878641934815E-15,6.6213985664424686E-15,
7.319848698180569E-18,0.040166181251713916,2.6890458974931502E-18,0.9598338187482822,8.681716103335796E-18,5.820882083000514E-18,3.836672284934479E-18,1.3556666081740936E-17,
1.8760948852480675E-21,0.17447286421555433,3.1719175511732264E-21,0.8255271357844441,4.255975519968168E-21,2.5489790552462923E-21,1.4529277437625102E-21,1.2326632413848811E-21,
2.264650340823944E-12,0.07507210716959405,1.3359558461578437E-12,0.924927892819863,3.046939053666199E-12,4.689155139917743E-13,2.0189481603142E-12,1.4073631662626552E-12,
3.213412668555568E-10,0.08864090678799455,1.0405753112242021E-10,0.9113590918023534,3.2343547603767924E-10,2.569079709081467E-10,2.61994045605822E-10,1.4191730289030612E-10,
2.0970855330404678E-13,0.003343912864132102,2.1568895330639352E-13,0.9966560871336005,6.627428741766885E-13,7.122163836882368E-13,3.5065398432936436E-13,1.1583270228944148E-13,
1.6959776961495944E-17,0.0602897674339235,1.6104910526137606E-17,0.939710232566079,1.4631201800530063E-17,1.7923529904242538E-17,1.215442867082868E-17,9.498177452331413E-18,
3.58558693405265E-13,0.2617020449423878,3.513989070077404E-13,0.7382979550557021,3.058614737498628E-13,3.8025196655912793E-13,1.1132725921576408E-13,4.040555153144171E-13,
1.5486135036422925E-11,0.00959420498122276,1.3888291044455155E-11,0.9904057949289095,1.7560458104387943E-11,4.181326521793107E-12,2.1075852874443105E-11,1.7677784016575728E-11,
9.527221496852796E-12,0.09190829888484037,1.7095403112981062E-11,0.9080917010412289,1.0276413395741377E-11,1.2854883309435258E-11,1.5312478033873617E-11,8.86629067395148E-12,
1.1588757496764094E-10,0.061852959110450585,5.334667493914425E-11,0.9381470402056334,9.986821327751985E-11,2.5155016860427226E-10,8.57003380354427E-11,7.75629036944549E-11,
8.241419482835176E-17,0.0013015252512565783,3.480069291990071E-16,0.9986984747487465,1.3807087886961378E-16,2.2852819494706405E-16,5.415771626708272E-18,1.0831294539860392E-16,
1.6429620559197697E-11,0.00401656494471056,6.9333695605107624E-12,0.9959834349934926,7.867687822048763E-12,1.3891558232340828E-11,7.04822037202161E-12,9.62605067254707E-12,
1.932918370357769E-9,0.025198366560551695,2.4545513814897625E-9,0.974801621157178,2.672882884275948E-9,1.245794542782324E-9,1.7115330917076125E-9,2.264587734577325E-9,
5.585174824769667E-16,0.0031073359506414485,3.448179366884213E-16,0.9968926640493606,1.821169544755877E-16,8.377179436423134E-16,8.205730961363772E-16,2.4532919008369375E-17,
1.5646542002492666E-15,0.06508787790318693,9.9150266123655E-15,0.934912122096771,9.868689739083488E-15,8.078955900788076E-15,5.2501940596605345E-15,8.617837900888538E-15,
5.161418682712682E-14,0.01623003807351796,1.7871277131799435E-14,0.9837699619261601,2.2761210184982384E-14,8.044329672996808E-14,6.965177686559923E-14,8.077300198032478E-14,
5.16059176299737E-16,0.10846630116615197,3.927303310907321E-16,0.891533698833844,6.7576604107817915E-16,3.312509124525586E-16,1.5189177145771027E-16,5.542116604652481E-16,
6.611593606776644E-11,0.027768938355666267,4.576393247362936E-11,0.9722310613181658,6.28647497889302E-11,3.3470065992988295E-11,3.555984994842042E-11,8.239236509469559E-11,
8.626015228918054E-12,0.001737124357631967,4.492380055212286E-12,0.9982628756102769,6.661594531610368E-12,2.5662077345713837E-12,8.411144574959118E-12,1.3330336980495913E-12,
3.873412604973522E-12,0.16994200862514153,6.583267735795231E-12,0.8300579913421202,8.424389966430934E-12,2.3714169966600255E-12,6.9746064154113234E-12,4.512146648289913E-12,
5.426590835233793E-15,0.0010907565128790066,1.3961636407759215E-15,0.9989092434871026,3.4063895469056077E-15,2.049196243842732E-15,3.720731768024342E-15,1.6808042772977343E-15,
4.0097162718661065E-16,0.002569787420081481,2.6919550211421757E-16,0.9974302125799113,2.84374752808414E-16,4.592424091780844E-16,2.845097795994402E-16,4.479729294655015E-16,
1.047990657735353E-15,0.0011130119967229268,6.673195670224439E-16,0.9988869880032727,7.725595393395911E-16,2.2809836230076618E-16,5.355403289624281E-16,1.0697232036145228E-15,
2.272787246400589E-15,0.040960376947795814,1.59637579005379E-15,0.959039623052187,2.2383221057894783E-15,2.410721678302123E-15,2.7061431941156483E-15,2.9575632979131486E-15,
4.0649152136784583E-13,8.211765005530411E-4,7.131737954022753E-14,0.9991788234973978,6.104242439288959E-13,5.743473148942534E-13,7.535643967493439E-14,3.0995183805145735E-13,
1.1629663607332605E-16,0.02244380285325026,6.017185857075203E-16,0.9775561971467521,5.084003084589282E-16,3.144340751672639E-16,7.260568234985861E-16,2.9989650730037154E-16,
1.4804118794856408E-10,0.1697374186730007,3.744607290921636E-10,0.8302625794897975,2.654309177042613E-10,5.095616240218779E-10,2.165785046393358E-10,3.231290271343687E-10,
1.064347547963345E-9,0.06680137993486869,1.0392126169061266E-9,0.9331986152138411,5.97559922801711E-10,1.0086400744877194E-9,3.645298684602897E-10,7.770011053723335E-10,
1.986970413413473E-13,0.1763730785832231,1.7152846866218964E-13,0.8236269214155947,8.946867403378929E-14,5.475508736139547E-13,3.3332525467912033E-14,1.4157525468508076E-13,
5.1098095373277655E-11,0.13073337035857918,2.5085046840551506E-11,0.8692666293990966,5.09140586333944E-11,1.3497631002351821E-11,6.122060496201632E-11,4.050932228086474E-11,
7.55849311867832E-12,0.19046664267253846,6.5734704864551515E-12,0.8095333572910094,7.598531029824113E-12,7.125413711832921E-12,4.548927271800457E-12,3.045729623084282E-12,
1.299437666401175E-10,0.14443586175797932,9.030397358550431E-11,0.8555641376817701,1.007827044727122E-10,6.75876641862288E-11,7.130049674855025E-11,1.0033265552882422E-10,
2.363714731046297E-10,0.00673500130955198,9.49705643324486E-11,0.9932649981431851,3.014322371465593E-11,1.430925433985246E-10,1.877181218555966E-11,2.3912159676711425E-11,
3.8349290230510714E-14,3.400089203056787E-4,4.4918595841117456E-14,0.9996599910795005,9.122916600786666E-16,3.095533670367366E-14,4.891758383839653E-14,2.680541905616135E-14,
1.5806886996724397E-14,0.028155829233163884,1.1828797624552708E-14,0.971844170766706,1.8772668063972174E-14,2.8927709757130394E-14,1.906579009636351E-14,3.5636866584972423E-14,
5.806771677762675E-16,0.15754014109540623,3.7444237733684527E-16,0.8424598589045886,6.922542178039635E-16,8.038462226014568E-16,6.87809335009666E-16,3.8367829995761057E-16,
1.3420062449175521E-16,0.0011602228051536103,8.923429010231946E-17,0.9988397771948471,1.5663031122742777E-16,6.438911851433431E-17,1.772677219926487E-16,1.6896748119965398E-16,
4.209920492685095E-10,0.004719717010654493,1.9319344194057877E-10,0.9952802810884788,2.928108345066185E-10,3.4588732119609917E-10,2.5437586559877E-10,3.9360790910014004E-10,
5.558676095027821E-13,0.07416731729933738,6.746929792808897E-13,0.9258326826965917,6.606807347569269E-13,7.147412607455691E-13,6.541174855853727E-13,8.102793503114721E-13,
6.012884278245717E-14,0.008953273493989163,7.708703180867442E-14,0.9910467265057142,2.85805526438826E-14,6.660062094769377E-14,4.9316808189775913E-14,1.3827996096993199E-14,
1.4382939422344696E-12,0.0034601076717548874,2.107970888086906E-12,0.996539892319874,8.795349336411886E-13,2.2241883047273766E-12,9.683744299221017E-13,7.494720180434133E-13,
8.51526114159851E-13,0.00654904967025791,1.2902855990527672E-12,0.993450950323109,1.2183325588894711E-12,1.7254374756738936E-12,4.916949160084886E-13,1.0549953688133468E-12,
6.888938744263075E-14,0.09999096377854678,5.671913697396809E-14,0.9000090362210953,4.5797618697833044E-14,3.977042550835443E-14,7.406818254887931E-14,7.362339068359541E-14,
2.4890658250199823E-17,0.14570592420303916,4.3239670158440216E-17,0.85429407579696,3.3837496720606664E-17,3.876004848340083E-17,4.7311393041561634E-17,7.281448931372882E-17,
2.8039377565517853E-16,0.12238938739829221,1.62420170536196E-16,0.8776106126017075,7.582419580397995E-16,6.279129239606859E-16,7.466979166551928E-16,3.0298400355651985E-16,
1.7313556284601291E-12,0.02998706037736888,4.415290038047349E-12,0.970012939607611,9.339065998254324E-13,1.6342556197047876E-12,2.4790547291566633E-12,3.828480728843162E-12,
5.6964179299639315E-12,0.052090457529826065,1.0231880978118192E-11,0.9479095424201679,4.108386146767191E-12,7.979514471075396E-12,7.903307704831922E-12,1.4085756559796451E-11,
4.9204238640993395E-12,0.2686145556504293,3.666747301305477E-12,0.7313854443281329,2.985147475601104E-12,4.9526373371674846E-12,3.327448369388689E-12,1.5840020431762332E-12,
9.789345240086184E-15,8.306640645552519E-4,7.371301495870091E-15,0.9991693359354219,1.3564504869194174E-15,2.243789532826102E-15,3.291899626608244E-15,6.972684611977443E-16,
4.38216333292802E-15,0.12385064872271372,7.005502344365309E-15,0.876149351277251,8.113450778858132E-15,4.527401667233458E-15,3.8077914438920764E-15,7.029988605744842E-15,
1.707261310343262E-17,3.209968759494127E-4,2.0208184020073336E-16,0.9996790031240483,6.852887471489922E-17,1.4022105936059537E-16,1.1075871474865926E-16,4.0019469092482925E-17,
4.3312158163512805E-20,9.057784836721083E-4,1.2124772966152807E-19,0.9990942215163283,2.0996016561167183E-20,4.704905279290258E-20,1.0182188434055444E-19,6.456006480009511E-20,
1.3525678703417526E-17,0.005874558405892759,2.1969811610245907E-17,0.9941254415941091,2.624686869766319E-17,2.225142081455895E-17,2.1966851532317022E-17,1.773243894420352E-17,
9.165945628702836E-15,0.007415670560011834,9.476996257195894E-15,0.9925843294399335,1.2062493027076761E-14,9.574008153107929E-15,1.2326947793224968E-14,2.041088430425289E-15,
4.011033817183791E-15,9.656411331462674E-5,3.913409108061421E-15,0.9999034358866691,4.1530888369076085E-15,1.5837898143172558E-15,7.149397442246334E-16,2.886226648819018E-15,
8.411899248311135E-11,0.00758387879001836,4.585185414704326E-11,0.9924161208651928,2.9436378275276053E-11,7.11932478855138E-11,6.425653157569802E-11,4.993145336811937E-11,
3.046365260024909E-14,0.03729577329469191,8.257083898450526E-14,0.9627042267049727,6.577352786205118E-14,5.302859064346392E-14,6.27746807444758E-14,4.14671423403862E-14,
3.2047457153285203E-13,0.061520643104979345,3.3114518707329835E-13,0.938479356892951,6.245709606020683E-13,1.3579977347593144E-13,2.020384556648078E-13,4.566737491321971E-13,
3.9813388853377357E-14,0.003839997687184831,3.3647407299949605E-14,0.9961600023126207,7.685973752710626E-15,4.0093155975474494E-14,4.460846742990191E-14,2.935415555370299E-14,
2.1439115274346706E-18,1.8708900015657884E-6,4.322438618305165E-18,0.9999981291099993,5.272359912079589E-18,2.4196481033086686E-18,1.935709386688368E-18,1.2826038850534809E-18,
1.3263989196175902E-13,0.008206005021202728,1.712630648725427E-13,0.9917939949781892,1.1009352246384013E-13,1.471943496192847E-13,3.709220857570789E-14,1.0432173564554532E-14,
6.880117694167733E-14,0.0020818343284918013,1.1969601706681306E-14,0.9979181656711165,7.264548662863656E-14,1.4078280775210548E-13,4.925363743667539E-14,5.003700345757464E-14,
3.549155991092317E-14,0.006066653880332635,6.870256882710306E-14,0.9939333461192728,9.085600075502545E-14,7.39805069620913E-14,5.649093313663225E-14,6.88355715558762E-14,
1.3228267150749886E-23,0.018245758876249143,4.1927355696945586E-24,0.9817542411237496,2.5628910112869763E-23,3.5495419665884787E-23,3.501183382307881E-23,4.090931875162038E-23,
1.8707913649865175E-16,0.007688697153474059,2.7881523337418773E-16,0.9923113028465246,2.68371589221373E-16,2.1096571421615976E-16,2.8823788529537764E-16,1.8930119942737153E-16,
3.028863623418405E-19,0.0446506999425254,3.2134657537070644E-19,0.955349300057472,3.360624485996971E-19,2.1448775842351304E-19,3.0434647061904263E-19,3.26954729289164E-19,
2.5930098046882178E-19,0.002052150432075905,2.229210702689341E-19,0.9979478495679249,8.7300240261797E-20,2.330410974311534E-19,3.0988654601121366E-19,3.0051735839124763E-19,
3.546525490377493E-17,0.002231627672206389,1.0620207145602651E-16,0.9977683723277876,9.043567785413196E-17,9.246748071885588E-18,1.2459234233733986E-16,7.660313603925883E-17,
8.211868199184092E-16,0.056869106306123955,6.934931247159648E-16,0.9431308936938679,4.720054263600689E-16,8.926755924729746E-16,7.388229245952469E-16,3.9553713904924564E-16,
1.8474155267077713E-14,0.012126361305049727,9.087771502101928E-14,0.987873638694268,1.883203845305893E-14,1.4566066203050956E-13,5.707016088456892E-14,3.5226738822918286E-13,
5.583520989404284E-14,0.03513281780123922,1.1588028637161005E-13,0.9648671821983299,5.455297962630836E-14,4.5442616758846826E-14,1.2451928981528452E-13,3.3286196431654015E-14,
7.114799743277922E-18,0.0030059737354964818,8.68649569307289E-18,0.9969940262645042,9.5217864002614E-18,9.615952313456662E-18,1.1151851242834503E-17,7.506775337056911E-18,
2.805150490265214E-14,0.030730360554920205,1.6581200081848483E-14,0.9692696394449647,2.2726254681788307E-14,2.014552522919469E-14,1.057084173182142E-14,1.6148353196675736E-14,
3.7850580330311946E-13,0.012789735564838782,6.222482894364205E-13,0.987210264432545,4.895527556767572E-13,2.2618569463219053E-13,4.0869791390085705E-13,4.893361563395377E-13,
1.1429580548299162E-19,0.029458383729923106,8.891623234528702E-20,0.9705416162700785,6.039677638765216E-20,1.4778937465611556E-20,1.0636313423573686E-19,1.6234454398723379E-19,
9.105647963218978E-18,0.027919980313566045,1.781938051837841E-18,0.9720800196864395,9.736186437999362E-18,4.4339119082038536E-18,6.1523938220076025E-18,1.1587946673787901E-17,
1.6607878073674745E-16,0.08917731300628906,1.2397127828779472E-16,0.9108226869937156,1.2054181856158363E-16,4.303878665542016E-17,1.1719053384938254E-16,8.282572109101555E-17,
1.3047831544453995E-15,4.377280608101293E-4,2.4143311013536204E-15,0.9995622719391721,2.592430702808955E-15,1.7547579895515591E-15,4.697774394628171E-15,6.585468089912637E-15,
4.1130025038874804E-17,0.01235980815435262,2.0578774292229384E-17,0.9876401918456524,6.929722419805247E-17,5.361691908907383E-17,3.5090933466128556E-17,7.479586480444101E-17,
3.22003712840665E-22,3.490011546286643E-4,3.950734425816873E-23,0.9996509988453759,1.2329005203067634E-22,1.9590104472923685E-22,1.4495381769076252E-22,1.9397661770481403E-22,
1.6890704805897355E-17,0.0015908237969439944,1.9311392782401075E-17,0.9984091762030551,2.2602568178009336E-17,2.4589760170673363E-17,1.2044165207586462E-17,3.738642596661635E-18,
3.0379965167936243E-18,0.00931024976368672,1.3640905829559573E-18,0.990689750236309,4.807358731410822E-18,6.209190428477036E-18,7.378233638096625E-18,5.0212636853496726E-18,
5.9966466635558094E-15,0.026728306015838404,1.8021031084256478E-14,0.9732716939840836,1.4597599330372343E-14,1.3611968175945374E-14,1.343628685477544E-14,1.0937135830576348E-14,
2.7755483311000687E-16,0.002848225878631591,2.549466295717067E-16,0.9971517741213681,4.189087245045396E-17,2.8930959880769066E-16,1.7636666886307394E-16,4.1972683056824957E-17,
4.64112672392469E-16,0.008247381175815078,5.882972862594221E-16,0.9917526188241759,5.800048626852795E-16,1.8693977503422116E-16,5.017925042948002E-16,1.1077674694142784E-15,
9.139395198736888E-15,0.036024059605454566,3.2116247600003197E-15,0.9639759403944891,7.092605623098973E-15,1.4774451212447767E-14,1.1877127192553573E-14,1.1956417067118985E-14,
5.788350447913591E-13,0.08738649959437156,4.974330987247929E-13,0.9126135004029547,4.5443000535643276E-13,4.552804797326233E-13,3.4547799228591057E-13,3.4421481709252045E-13,
3.306987837986866E-14,0.028907010200853137,1.0951564093703099E-14,0.9710929897990174,2.4197199535610926E-14,3.229816921230982E-14,1.8718795626558858E-14,1.0481907540539755E-14,
7.447714375508165E-15,0.04642950069574072,3.208817561782511E-15,0.9535704993042272,5.821783833059721E-15,3.669966412716294E-15,7.249722930383019E-15,4.745975960981092E-15,
4.4758837982317264E-14,0.0014266092489336603,4.437576401708855E-14,0.9985733907508787,6.498453697951522E-15,3.211666800541734E-14,2.7773836475590417E-14,3.4818155111629505E-14,
1.4502861216720778E-12,7.566021859573045E-4,1.0602107299505501E-12,0.9992433978079606,9.650253881680462E-13,1.579834017256098E-12,7.916086662831621E-13,2.3587825751589865E-13,
5.713374901319925E-13,0.014272517446546881,4.55652402551061E-13,0.9857274825505182,4.0460658788637355E-13,5.35184296096115E-13,5.654768483298222E-13,4.015987546747549E-13,
2.8474245321104516E-17,0.02793046671996863,8.509101968889362E-18,0.9720695332800294,2.0084857035266293E-17,2.2466177904308294E-17,2.0062698633860367E-17,1.0148468055116608E-17,
1.4007185577306046E-17,0.05592365291055531,1.0708813451880907E-17,0.94407634708944,9.264677861881357E-18,1.3767230406333819E-17,1.5688232068820622E-17,1.530226469426697E-17,
5.543883782916057E-20,0.023338723887159827,3.434845519022888E-20,0.9766612761128404,4.9703980218085826E-20,3.932028062258818E-20,3.818580038059737E-20,2.037192959452698E-20,
3.169657679935056E-20,0.002676265897483766,1.515940928348151E-19,0.9973237341025123,2.0099696741776306E-19,1.9324383592587353E-20,1.8354380096073083E-19,1.5584803755563645E-19,
8.532552312415957E-21,0.03519001408045087,3.955979382065145E-21,0.9648099859195496,3.8372222209039875E-21,4.916556820359581E-21,1.0289419140257636E-20,1.133788018483404E-20,
1.7175051672652234E-12,0.024608154298244683,9.482678007069091E-13,0.9753918456922008,2.1488143482168233E-12,1.5801066438208058E-12,1.5819148120312388E-12,1.5795984190364845E-12,
2.2791364811825423E-16,0.027689950120010375,4.124249646937799E-16,0.9723100498799859,2.243802600746372E-16,6.397561113754631E-16,1.3060135959670538E-16,5.30493173773339E-16,
6.45276363124683E-17,0.0035769052783789427,1.3376325836611861E-17,0.9964230947216186,8.44053361718266E-17,8.107927692640662E-17,9.474773328417904E-17,1.2657902831213985E-16,
1.0972340887547766E-16,0.0017512049514999228,1.5551268601047205E-16,0.998248795048501,4.759062551642882E-16,2.6868114129120507E-16,3.724239144327239E-16,2.356040061935856E-16,
7.237889429784448E-18,0.0013328221900739136,1.7452668393038948E-17,0.998667177809923,1.1898351576414433E-17,1.4838500119299392E-17,2.3785806149909156E-17,1.7547221555444475E-18,
2.8879225154021934E-17,0.00712333015383481,4.6382573015812525E-18,0.9928766698461604,1.6369242907110784E-17,1.2276711213095031E-17,1.3107980239526356E-17,1.6079960217032234E-17,
9.408960599260769E-17,1.9910649569397765E-4,1.4178150647643183E-16,0.9998008935043013,5.818795922509781E-16,4.067746211424588E-17,4.298774445448906E-17,1.9206424117339664E-17,
3.833565021512587E-17,0.009186281160589662,4.18938385208589E-17,0.9908137188394138,3.210260257560305E-17,1.8565318032262884E-17,4.3319781600437994E-17,2.347697199501929E-17,
8.7397775296408585E-16,0.01208466436315429,8.884854630534143E-16,0.9879153356368412,7.921586905044868E-16,7.024224302004524E-16,9.866205930879186E-16,8.563684538339633E-16,
2.229470249079729E-15,2.353186216448255E-4,3.1183568311056267E-15,0.9997646813783471,1.8055528422967044E-15,9.122070534735883E-16,1.8759594827158835E-15,1.4688413121789628E-15,
1.9395250357172133E-15,0.002471374484466031,3.1622406828247513E-15,0.9975286255155094,4.042255309584543E-15,5.261086556329477E-15,4.503279117419311E-15,2.5857610961036494E-15,
9.080967317095682E-18,5.424641644884203E-4,2.5760717042927507E-17,0.9994575358355101,6.645814641735748E-17,7.451039097393723E-17,3.114366735400931E-17,1.8860928779263318E-17,
1.9437313152272802E-13,0.011438040981150043,1.558224097956448E-13,0.9885619590177903,1.618750047564423E-13,1.3420830836090378E-13,1.629888848683233E-13,2.5064474031873995E-13,
1.9514407395186957E-15,7.726408429660931E-5,3.1727391087163325E-15,0.9999227359156839,3.963356128051865E-15,4.414958076711716E-15,2.9918457323798642E-15,6.09278378975748E-16,
3.495483837332776E-14,0.012038695829778828,4.975724031490947E-14,0.9879613041699499,4.002051878921794E-14,7.331869019778726E-14,6.111328902850947E-14,1.2008514887462618E-14,
2.034170754695319E-20,0.0019183993025681627,9.542417548933568E-21,0.9980816006974285,2.5369524264384785E-20,5.1570745561381367E-20,4.4266398838082944E-20,4.773068127492484E-20,
9.329510856416457E-17,0.001651079156949614,1.6479977589138243E-16,0.9983489208430483,4.406735373974738E-17,2.38267121390968E-16,2.6942330941164327E-16,1.9900482064566478E-16,
1.2350570198804443E-16,0.005013489205624428,1.0428332081149662E-16,0.9949865107943728,1.4462802393446759E-16,1.2886303942561798E-16,1.191722689275955E-16,1.0288690131622812E-16,
1.615462587083273E-15,7.974312742663444E-4,9.97533113820302E-16,0.9992025687257271,7.802163941842811E-16,1.0341337932835819E-15,2.8288745841862903E-16,1.6260929707593264E-15,
6.180171368399931E-17,0.005754120415133101,1.2486951647960554E-16,0.9942458795848647,2.177977016591203E-16,1.1502006643949362E-16,2.438538159690301E-16,2.373032015459456E-16,
1.1219846107152564E-13,0.021586561115453057,1.000720909552364E-13,0.9784134388836762,1.3826786373373236E-13,1.6462585592864726E-13,1.8381258163312167E-13,1.7095198582688565E-13,
5.905978455201599E-18,1.429806388251802E-6,9.353996270339819E-18,0.9999985701936093,1.1391405976857586E-17,5.5962992216572515E-18,6.552016604604447E-18,1.6199476639212835E-18,
2.0188537144039005E-17,0.007522795123007099,6.149259369261306E-18,0.9924772048769932,1.492399470950855E-17,1.4819920600813896E-17,1.5334191637635274E-17,2.1683131664571133E-18,
4.167283670229565E-19,6.685515096571642E-5,1.0046814514792372E-18,0.9999331448490404,1.4538116164352018E-18,2.2839197503893104E-18,6.213982914677017E-19,1.8359154431202827E-18,
3.9053849580206015E-21,9.102963366161603E-4,3.485439944796431E-21,0.9990897036633904,1.8409738104973172E-21,3.48910770126058E-21,3.485382978096553E-21,3.464252440258076E-21,
8.783209189509562E-21,0.006193487710125484,2.9107177742213185E-20,0.9938065122898748,2.0654323062545325E-20,2.2405831326724402E-20,8.685137260376589E-21,1.486669621023668E-20,
3.972722781745969E-16,0.01117626486234656,5.334859054912882E-16,0.9888237351376519,4.613137521217233E-16,2.358203575849708E-16,6.225245626821684E-16,4.495339974663279E-16,
1.7826983333874892E-17,0.0038400912777694506,2.063655592724737E-17,0.9961599087222279,6.0832284915420114E-18,3.926214677274513E-17,1.881175844402049E-17,1.356171239507832E-17,
4.3177139480837135E-16,3.8623010633271606E-4,5.888517313898278E-16,0.9996137698936627,8.618206430452689E-16,6.428990540018255E-16,1.693658143973061E-16,7.646016818517359E-16,
4.2459557399348127E-16,0.011286565309570309,2.834955364923806E-16,0.988713434690424,4.448884674195739E-16,4.963558099397765E-16,5.290062556768069E-16,3.5698679891940373E-16,
1.6635577117586236E-21,1.249680757839281E-5,6.921923852341172E-21,0.9999875031924226,6.37222244553518E-21,1.3358161246650432E-21,5.1322034171673604E-21,1.3271539034229681E-21,
9.908311409275117E-19,0.00314809704722798,1.202632541985141E-18,0.9968519029527747,1.448304547172192E-18,1.3791801204149062E-18,7.728571942688967E-20,1.6594144620977895E-18,
7.001093924390968E-17,0.0038492386759526754,3.039442640858236E-17,0.9961507613240473,9.277155919531623E-17,1.2621952413768633E-16,6.473611160057784E-17,5.2912211532082203E-17,
7.824060754473165E-18,0.004378883321352081,1.0703552513505488E-17,0.9956211166786536,1.1772837316506008E-17,7.031177125723488E-18,4.698240724574406E-18,3.976432191167846E-18,
3.990295930672599E-20,5.409421889773983E-4,1.5574499778179282E-20,0.9994590578110234,3.449451222802026E-20,3.7269771570508384E-20,2.5824615824977575E-20,3.809297754378721E-20,
7.853153309141428E-18,0.003814601283399376,9.996878181702087E-18,0.9961853987165968,8.556214278816795E-18,1.1025800901490064E-17,8.896792324611233E-18,1.2028998101658461E-17,
8.269248774369708E-19,0.009896455491197718,5.577349907815186E-19,0.9901035445088042,3.041845862272653E-19,5.768723183870073E-19,4.2061457051565063E-19,4.0087680482041167E-19,
2.8001973702033527E-18,0.001260800253357822,9.847813267095648E-19,0.9987391997466406,1.2094811061527374E-18,8.00873639699101E-19,3.3711939268384555E-18,1.243118021126723E-18,
3.659765053519841E-19,0.007757721967250714,1.393746252295835E-19,0.9922422780327488,3.0830107186941103E-19,2.0930214384627227E-19,3.228782867046291E-19,1.7054769896533984E-19,
1.1983582946085532E-17,0.004660776339267246,3.391074430605166E-18,0.9953392236607354,7.71247927983176E-18,1.8337085085914352E-17,2.282240425083874E-17,1.2087849156676608E-17,
1.7314966647098956E-19,0.006308296655858626,3.655845866864472E-19,0.99369170334414,3.3580595035083633E-19,5.135468776784098E-19,1.9146743398480832E-19,3.475962839717984E-19,
2.2061533730594046E-19,0.007632597795174498,2.785037078948377E-19,0.9923674022048241,8.658247559264559E-20,7.968945823374526E-20,1.2704803975804773E-19,1.316243112912829E-19,
7.674887015824993E-18,0.0012940787295692643,1.0674772709218998E-17,0.9987059212704278,8.49920150057136E-18,1.1487786633256382E-17,1.1148026477344837E-17,1.1298725350024409E-17,
1.150556668367361E-18,0.002828649940666934,1.1877011332935141E-18,0.9971713500593363,2.1750298763148303E-18,6.021646339520966E-19,6.607296806409628E-19,1.808517531274164E-18,
2.1305180881696146E-13,0.0072167618421023665,1.7369432027223208E-13,0.9927832381564676,2.97638034806668E-13,2.1000866420795143E-13,2.0598890726026684E-13,3.3083104966384884E-13,
1.3201322509471908E-15,0.004647124467261499,1.5968429313215302E-15,0.9953528755327246,7.365111993798089E-16,1.1791574070257097E-15,1.408512610183156E-15,1.281104840173889E-15,
5.703405974656864E-16,0.005476941383752516,1.2576452743300901E-15,0.9945230586162424,7.480121662952286E-16,8.240151822885571E-16,8.350242303691249E-16,7.384604240924587E-16,
7.718169614170646E-14,0.001098022614960515,2.5024243904855653E-14,0.9989019773847044,2.8642276720406944E-14,6.430321650215281E-14,6.225326567141095E-14,7.705140742609061E-14,
7.915963813094375E-16,7.987663847881316E-4,3.3557904970369177E-15,0.9992012336151974,2.422362903236126E-15,1.0206824482736495E-15,1.3075224955622763E-15,2.651795947544921E-15,
9.602551760960522E-24,1.79199105751191E-4,4.6233189743045554E-23,0.9998208008942464,6.308175153581554E-23,7.079416391200913E-23,6.980561970622208E-23,1.918271466775231E-23,
8.5198914655894645E-16,0.004374696972022591,1.218576542433969E-15,0.9956253030279748,1.1120490605836298E-15,1.3452891789644045E-15,7.514602942844165E-16,8.31501820010447E-16,
2.135767397694134E-18,3.431725902257383E-5,4.625862775473721E-19,0.9999656827409841,2.8919542046719308E-18,2.323755673335697E-18,3.727483465323055E-18,1.6878633089833315E-18,
3.90602864075595E-18,0.0012479643539424262,2.5034596375248725E-18,0.9987520356460553,2.4803278200493975E-18,2.3626914804908536E-18,1.9281580965395307E-18,2.344003010928854E-18,
1.5433023924446217E-17,0.005321716205771712,1.937720889185686E-17,0.9946782837942237,7.79753684880139E-18,2.061616774925252E-17,2.4057820829657483E-17,7.901138759174765E-18,
8.718718496976903E-22,1.1609080265058858E-6,2.2077238783727885E-21,0.9999988390919714,2.5875297758137808E-21,1.6136278279438063E-21,6.1993734371664995E-22,1.1377973966285564E-21,
4.239348329686357E-21,6.64983016372679E-5,3.3323643061975063E-21,0.9999335016983665,2.3459442925438514E-21,8.00173619751722E-22,4.3609965483818234E-21,4.204991740988845E-21,
2.4338195515353263E-18,0.002699166234065373,2.5316488264625085E-18,0.9973008337659395,2.310845492505611E-18,1.9162869320323123E-18,1.5771616430141717E-18,2.0190783239768887E-18,
1.2238043945174404E-19,4.921259487834229E-4,8.011124100141501E-20,0.9995078740512124,2.346275331052525E-20,2.2839666206981877E-20,2.695743345493914E-20,1.1308181506082399E-19,
3.343830680096865E-17,6.919682151511987E-4,1.0155330266814391E-17,0.999308031784852,3.3633375558818033E-17,3.1635596287527856E-17,9.688402322135767E-18,2.0229238484015352E-17,
4.912833938364784E-16,4.024594330850293E-4,1.9437890191869003E-15,0.9995975405669093,1.0049679472021332E-15,3.78090789366854E-16,1.2988805608925953E-15,4.2090117057427307E-16,
8.217513083364231E-18,0.0082919191393723,3.5877507292938547E-17,0.9917080808606296,2.202051062983683E-17,1.8686006614200646E-17,2.3713561938034258E-17,1.918526172553988E-17,
6.349904758237117E-17,0.002602304801658891,6.603754211900089E-17,0.9973976951983368,2.881494911322761E-17,4.628341679572243E-17,4.6293211249103704E-17,1.8349964742032656E-17,
1.153181633906578E-17,0.001311909839457735,4.935547803107193E-18,0.9986880901605412,4.3570139972243445E-18,1.0910143014990014E-17,1.0159827752040642E-17,1.4940668286486596E-17,
4.0441407115159873E-16,2.3406696029372727E-5,3.718683058013297E-16,0.9999765933039689,4.938521719890256E-16,3.0664381673105344E-16,4.0800216784143653E-16,4.834812006684887E-16,
6.5655161766585936E-18,0.0017296252613516645,6.51474083662904E-18,0.9982703747386472,9.213305288550749E-18,2.512364474566817E-18,9.618568986634248E-18,6.619911388799875E-18,
1.2875064443499361E-17,0.0028959387271281583,1.4564640637528355E-17,0.9971040612728724,5.656191686212907E-18,1.60403243143882E-17,2.830806839551558E-17,1.7160351331901018E-17,
8.281029217784624E-19,1.2273839302041994E-5,7.892936835371974E-19,0.9999877261606991,4.1425750189188926E-19,1.0890892920517479E-18,7.003067816391412E-19,1.268364071128367E-18,
