
0.1520621161291886, 0.15053266742841412, 0.14396602634796124, 0.1558290718232172, 0.1566529979234195, 0.12047856017389963, 0.12047856017389963, 
0.15314810857188518, 0.15349312905995008, 0.15247351628951167, 0.15292597926289644, 0.1535413759458699, 0.11720894543494327, 0.11720894543494327, 
0.15219929466258683, 0.15773835822807133, 0.15453368855207544, 0.15059982096219704, 0.15699240973755124, 0.11396821392875893, 0.11396821392875893, 
0.1497790998092924, 0.170205246545215, 0.16836900609953248, 0.14730855093869263, 0.16950536549807294, 0.09741636555459733, 0.09741636555459733, 
0.15411551368608656, 0.1624636902254467, 0.16838527752623977, 0.15157439006095813, 0.17067822442614178, 0.09639145203756348, 0.09639145203756348, 
0.15071109786846354, 0.16088971077950392, 0.18460738091919424, 0.15468003853249745, 0.1646071232187662, 0.09225232434078733, 0.09225232434078733, 
0.15509720674724753, 0.1670718537420951, 0.16980168651369087, 0.1517958005858102, 0.16590980139900566, 0.0951618255060753, 0.0951618255060753, 
0.15739652871349413, 0.18967389909513596, 0.17577799410598022, 0.14807560043293663, 0.1751816466639098, 0.07694716549427154, 0.07694716549427154, 
0.15456455238744643, 0.17595408771131751, 0.17100937769171837, 0.14721056352728284, 0.1656824037850016, 0.09278950744861658, 0.09278950744861658, 
0.15388114137064982, 0.18428457029586326, 0.17053884262042204, 0.14108721390333803, 0.16767836641648715, 0.09126493269661984, 0.09126493269661984, 
0.15977679285161378, 0.1842663933546074, 0.1843534028242278, 0.14200452067157215, 0.1778985925439734, 0.07585014887700273, 0.07585014887700273, 
0.16139093706781066, 0.1496145280059637, 0.18495884552706612, 0.15215504739928434, 0.17844897297706674, 0.08671583451140429, 0.08671583451140429, 
0.15337606919202001, 0.18706401203380457, 0.18375284018354918, 0.14951214611266125, 0.16723185983947633, 0.07953153631924435, 0.07953153631924435, 
0.16788165785496856, 0.12343824469650833, 0.19154299414551554, 0.14929656795108437, 0.19711722408611126, 0.0853616556329059, 0.0853616556329059, 
0.1578018220823317, 0.1641097610977014, 0.1826462239525857, 0.1214007138312538, 0.1817704152648944, 0.09613553188561644, 0.09613553188561644, 
0.16605216871555975, 0.17441574257401435, 0.19154471539624748, 0.13362943748650477, 0.18959689306876068, 0.07238052137945646, 0.07238052137945646, 
0.16359980059176038, 0.15922752811389057, 0.17373650379836086, 0.13191970578133405, 0.18938680260473895, 0.09106482955495755, 0.09106482955495755, 
0.1450074072504208, 0.15279629579310636, 0.16103229775066266, 0.13523131857177537, 0.1632772964904211, 0.12132769207180687, 0.12132769207180687, 
0.15027136665572646, 0.17295752539252768, 0.18169397276429258, 0.14988298865468788, 0.16311815376255462, 0.09103799638510532, 0.09103799638510532, 
0.15741649207699468, 0.16686611078246238, 0.18031844993576607, 0.15345579213475724, 0.17211783760266783, 0.08491265873367593, 0.08491265873367593, 
0.1503775199729923, 0.17714402417192074, 0.16938034909263225, 0.15166184063031354, 0.15950829188082366, 0.09596398712565873, 0.09596398712565873, 
0.16083906009825874, 0.15952028967670856, 0.1742159525599009, 0.15327382129462483, 0.17963583547203954, 0.0862575204492337, 0.0862575204492337, 
0.15908203184237726, 0.17033847484055953, 0.17446587480929795, 0.150973903077497, 0.17225049323975072, 0.0864446110952588, 0.0864446110952588, 
0.16257546634505426, 0.18200633816998307, 0.16309869358502094, 0.14388772942429062, 0.1789058768529187, 0.0847629478113662, 0.0847629478113662, 
0.1758101059272049, 0.12314568204646646, 0.14967669153029056, 0.13535751420349784, 0.21031507354017565, 0.10284746637618235, 0.10284746637618235, 
0.18605660220844727, 0.11464704549388441, 0.15211470651970688, 0.11669286772511756, 0.23766658797670365, 0.09641109503807008, 0.09641109503807008, 
0.16460624211090966, 0.16328072660755186, 0.17150971385328817, 0.14904577852352557, 0.18133829945678312, 0.08510961972397073, 0.08510961972397073, 
0.16786756312511744, 0.15451027536064724, 0.17188531430936474, 0.14399965379014018, 0.19089995133283494, 0.08541862104094768, 0.08541862104094768, 
0.1825844701790134, 0.10232904572780127, 0.13768966985833578, 0.1287743663171731, 0.22479579230614227, 0.11191332780576718, 0.11191332780576718, 
0.16256152127995888, 0.1446301461204716, 0.1857948904528911, 0.12231167750204683, 0.19389204503674418, 0.0954048598039437, 0.0954048598039437, 
0.16063020083352916, 0.1784116696289452, 0.18841201247204786, 0.1394042516568864, 0.18706463753071106, 0.0730386139389402, 0.0730386139389402, 
0.159291464655703, 0.16483820661784482, 0.17921693948963144, 0.14455740043957618, 0.17902154226878397, 0.08653722326423023, 0.08653722326423023, 
0.1664338530765265, 0.13739396713765673, 0.17338014002386196, 0.1465384533965947, 0.19094754744832754, 0.09265301945851631, 0.09265301945851631, 
0.1583481089772023, 0.1339432991609671, 0.1664544739265969, 0.14530849055750703, 0.17881498529359352, 0.1085653210420666, 0.1085653210420666, 
0.15767061861205975, 0.16378733651518623, 0.15762396773411813, 0.14292104647003925, 0.17019172629975668, 0.10390265218441991, 0.10390265218441991, 
0.17073004968885003, 0.11747962268222087, 0.1271726801730395, 0.11660557199947541, 0.21182881182378474, 0.1280916318163148, 0.1280916318163148, 
0.16519084532896453, 0.16094236950091123, 0.1482865578098611, 0.130961782654143, 0.1893101085464124, 0.10265416807985389, 0.10265416807985389, 
0.1669309958908721, 0.13421327903345473, 0.13703147917184172, 0.12668195018092182, 0.194730457981749, 0.12020591887058032, 0.12020591887058032, 
0.15952751808512014, 0.17919808877583795, 0.17030484496210463, 0.15448791300933554, 0.17258271636487627, 0.0819494594013627, 0.0819494594013627, 
0.16487407179021826, 0.15888357495352676, 0.16860944934244423, 0.14455359157327086, 0.1863439108388262, 0.08836770075085681, 0.08836770075085681, 
0.16115252356576998, 0.17187543828634977, 0.1813297599266533, 0.1428003661329723, 0.17888039943655257, 0.08198075632585101, 0.08198075632585101, 
0.16623566026219083, 0.1692731702173901, 0.16250342779351665, 0.1478398037710604, 0.1856023031185772, 0.08427281741863245, 0.08427281741863245, 
0.16583134998926222, 0.16706313004450693, 0.162209957182734, 0.1371055795525122, 0.18759204092192538, 0.09009897115452968, 0.09009897115452968, 
0.16570828111840272, 0.1557815707919031, 0.16769285660885644, 0.14504073626155453, 0.1844199603036986, 0.09067829745779228, 0.09067829745779228, 
0.15619600771757072, 0.15826375435442241, 0.15530529884010824, 0.14574768491125806, 0.1705556429223223, 0.10696580562715917, 0.10696580562715917, 
0.15687800627752665, 0.1350126127541908, 0.16411346377898622, 0.13817691742071744, 0.17505839920779137, 0.11538030028039373, 0.11538030028039373, 
0.1642197605429009, 0.1597301657565607, 0.1760593644100963, 0.15459813884571827, 0.1843514412012474, 0.08052056462173826, 0.08052056462173826, 
0.16680252889645228, 0.1416351277637017, 0.1816627451195645, 0.13935702621242713, 0.19731075563949838, 0.086615908184178, 0.086615908184178, 
0.174049399487004, 0.14361956521894256, 0.1524295144973737, 0.14243133183457304, 0.20630098448692433, 0.09058460223759111, 0.09058460223759111, 
0.15422684468345255, 0.12031573755311067, 0.13868664915663087, 0.12144593146590248, 0.18958193325420386, 0.13787145194334977, 0.13787145194334977, 
0.13548280401159102, 0.13146820041442758, 0.1372978389149247, 0.12486159045195094, 0.15793775935544507, 0.1564759034258304, 0.1564759034258304, 
0.155397595103513, 0.15215629137697992, 0.1605068870750332, 0.14226499808059292, 0.1727026847987257, 0.10848577178257757, 0.10848577178257757, 
0.15782330145952628, 0.1468279260093362, 0.1585979809349876, 0.14942979261441566, 0.1748282245156119, 0.10624638723306119, 0.10624638723306119, 
0.15509314186943604, 0.14139536066719793, 0.15384623514035864, 0.1395969334660509, 0.17435309216767356, 0.11785761834464142, 0.11785761834464142, 
0.1517028258489312, 0.13051107635972853, 0.1410977747691304, 0.12921154931343373, 0.17839294524283328, 0.1345419142329715, 0.1345419142329715, 
0.16328140985552128, 0.13128592949875703, 0.15041861124983433, 0.13820317327584564, 0.1844245336471982, 0.1161931712364217, 0.1161931712364217, 
0.15236236807182213, 0.17467997909599972, 0.17610343709949694, 0.14595769026724362, 0.16592549734569667, 0.09248551405987036, 0.09248551405987036, 
0.16462955667726079, 0.1420545082364545, 0.17296809822897855, 0.14894339250661176, 0.18632819857662292, 0.09253812288703576, 0.09253812288703576, 
0.15338873442293943, 0.16260680903342797, 0.17811297303278603, 0.14774236202506907, 0.16309572645158663, 0.0975266975170954, 0.0975266975170954, 
0.14814033182181985, 0.12087766750845964, 0.15101288114325068, 0.13796568634949338, 0.16671572109833374, 0.1376438560393214, 0.1376438560393214, 
0.15792661844675177, 0.16817548418678724, 0.19433430294305062, 0.14785010448402516, 0.17500190061271984, 0.07835579466333271, 0.07835579466333271, 
0.16748165070627993, 0.1331102201467796, 0.17612896656728552, 0.15471914510835413, 0.19205170122590537, 0.08825415812269764, 0.08825415812269764, 
0.1596073633720005, 0.13340286918355412, 0.1624471322301604, 0.14703133263328563, 0.17844251978366477, 0.1095343913986673, 0.1095343913986673, 
0.17457126245313626, 0.12346472591550327, 0.16148968125182886, 0.12296772969296109, 0.2192031640318549, 0.09915171832735789, 0.09915171832735789, 
0.16758967623625726, 0.17437670414358228, 0.16581326315539524, 0.14484306225261342, 0.19157354000760135, 0.07790187710227521, 0.07790187710227521, 
0.1653624590311509, 0.15614658290306904, 0.16250711646995283, 0.1453303378509954, 0.1861120484780088, 0.09227072763341151, 0.09227072763341151, 
0.1676818011301753, 0.11064739399923997, 0.14519629850249582, 0.12234298545065742, 0.2030085662944609, 0.12556147731148534, 0.12556147731148534, 
0.16157807088742365, 0.16132577892857344, 0.16863056048277075, 0.14463341630509383, 0.17767655466246463, 0.09307780936683678, 0.09307780936683678, 
0.1556324121903004, 0.13935709966232362, 0.16802289923107483, 0.15390069494482306, 0.17246248163470967, 0.10531220616838428, 0.10531220616838428, 
0.15353351869298243, 0.16640309520514507, 0.17425783436716205, 0.1569893482632774, 0.16323421447270392, 0.09279099449936458, 0.09279099449936458, 
0.15599362566436722, 0.1405757017342493, 0.1608068445091241, 0.14900924461045664, 0.17502975599275866, 0.109292413744522, 0.109292413744522, 
0.15691409524011354, 0.13190880854549844, 0.1629773714363181, 0.1415342762211934, 0.1817181045103955, 0.11247367202324052, 0.11247367202324052, 
0.16014163327878897, 0.11490581209358897, 0.17804773035381993, 0.14271562675546998, 0.1845468422575149, 0.10982117763040865, 0.10982117763040865, 
0.15769490061477606, 0.15940322529649825, 0.16487467878677434, 0.15166007698632658, 0.1683100655314196, 0.09902852639210259, 0.09902852639210259, 
0.15763592182290895, 0.13876028359858267, 0.15592169333723702, 0.14186389169025668, 0.17591380113068175, 0.1149522042101665, 0.1149522042101665, 
0.14518309844532648, 0.11194136583472498, 0.140069626940643, 0.12681527007033525, 0.17133611812377014, 0.15232726029259996, 0.15232726029259996, 
0.15135937855450662, 0.08917075142699342, 0.13571493715169486, 0.13068246316416882, 0.18386217866702667, 0.15460514551780488, 0.15460514551780488, 
0.16135455500296134, 0.17562132943586034, 0.18311971014479048, 0.14739208402832674, 0.1760992941220696, 0.07820651363299579, 0.07820651363299579, 
0.17005067906266524, 0.11538203620068171, 0.153395025927795, 0.1399417694090819, 0.20223523381612188, 0.10949762779182717, 0.10949762779182717, 
0.16429596430263282, 0.11660867579376959, 0.15037570321619298, 0.12599525107791967, 0.19525326846790286, 0.12373556857079104, 0.12373556857079104, 
0.1740294269764767, 0.11690972857261937, 0.1555736733526113, 0.12607243381995595, 0.21150966687838282, 0.10795253519997697, 0.10795253519997697, 
0.1716058741822177, 0.12841097930448955, 0.16084191735730197, 0.13145985984012612, 0.2009898507288893, 0.10334575929348766, 0.10334575929348766, 
0.17506920429906753, 0.12821920484649726, 0.16381019597319854, 0.14046450065352092, 0.20000093203180772, 0.09621798109795403, 0.09621798109795403, 
0.17775957109091953, 0.11659382405643948, 0.1707967339649103, 0.14744963882695966, 0.20473042749660383, 0.09133490228208359, 0.09133490228208359, 
0.16174441998397115, 0.10721598152942413, 0.15060957487078291, 0.1462633491110104, 0.18683903917654052, 0.12366381766413548, 0.12366381766413548, 
0.1646728336005511, 0.1422103355559547, 0.19221001592619066, 0.1476853047486139, 0.1867159178947957, 0.08325279613694703, 0.08325279613694703, 
0.1497389305037853, 0.09391099861815445, 0.15396574488533962, 0.14081423038805804, 0.176935298417109, 0.1423173985937767, 0.1423173985937767, 
0.16532919559602446, 0.12136119642120102, 0.17201613810455868, 0.15638462693212293, 0.18924855807450436, 0.09783014243579424, 0.09783014243579424, 
0.16797507719388918, 0.11299993691154281, 0.15517698694410642, 0.14717174202123876, 0.19427419300631882, 0.11120103196145203, 0.11120103196145203, 
0.16715416680176823, 0.12830583771922052, 0.17267847568501582, 0.1294628866288148, 0.197084404461609, 0.1026571143517859, 0.1026571143517859, 
0.16665673493554478, 0.17121980643747092, 0.15364440040365543, 0.10432347568441691, 0.20144210068946036, 0.10135674092472581, 0.10135674092472581, 
0.17009632424793938, 0.13286936800410848, 0.17246034916459418, 0.13403176426775476, 0.19888655840105754, 0.0958278179572728, 0.0958278179572728, 
0.15881400308549262, 0.17385729999107227, 0.1785285751598759, 0.148020599698001, 0.17589186585107677, 0.08244382810724063, 0.08244382810724063, 
0.15588330320330618, 0.12926252264176696, 0.1878833830261778, 0.11207126042512114, 0.18828303696293025, 0.11330824687034885, 0.11330824687034885, 
0.161472022246309, 0.15365304461597268, 0.1802877464323651, 0.15092684677395168, 0.17524307175167947, 0.08920863408986093, 0.08920863408986093, 
0.1569708107850785, 0.1550046001911807, 0.201786397997323, 0.1543638565636325, 0.17235010554151434, 0.07976211446063546, 0.07976211446063546, 
0.15241961203537108, 0.18192765008186437, 0.16641847343954136, 0.14942090928821936, 0.1585146571975592, 0.09564934897872242, 0.09564934897872242, 
0.16027991083359508, 0.16758752721749984, 0.15683519078975786, 0.14119158914537588, 0.1754840412414112, 0.09931087038618003, 0.09931087038618003, 
0.15621375895832149, 0.16729126788215307, 0.15906249465236608, 0.14783681480727767, 0.16925997302313822, 0.10016784533837172, 0.10016784533837172, 
0.16071848826013738, 0.16571984369310808, 0.16580829597475424, 0.14835479097118634, 0.177775280961663, 0.09081165006957541, 0.09081165006957541, 
0.15896239025264083, 0.17260119787067377, 0.17821525871538613, 0.14808142300603608, 0.17113808770182676, 0.0855008212267183, 0.0855008212267183, 
0.1543271211671532, 0.17206428433570956, 0.1919924382432266, 0.14741558479530514, 0.16465823240130117, 0.08477116952865218, 0.08477116952865218, 
0.16019395460432542, 0.1711283013146996, 0.1649230599938125, 0.15005988465882522, 0.17157347560439917, 0.09106066191196896, 0.09106066191196896, 
0.1633212484112717, 0.10504885518679351, 0.15637177537818048, 0.13708612582752813, 0.19173203787651114, 0.1232199786598576, 0.1232199786598576, 
0.15727056763490146, 0.09561554522627998, 0.15224684626555623, 0.13129124755490346, 0.18569644825324952, 0.1389396725325547, 0.1389396725325547, 
0.1527822191215928, 0.12756772592650212, 0.16052537472018355, 0.1457392407868926, 0.16750281837083358, 0.12294131053699768, 0.12294131053699768, 
0.1538076803798028, 0.09875658921647228, 0.16133774639253415, 0.14848958812675006, 0.1757203538610922, 0.1309440210116742, 0.1309440210116742, 
0.16624860859101354, 0.10122291503389566, 0.17027032703007478, 0.13536363741105364, 0.1907416227476816, 0.1180764445931404, 0.1180764445931404, 
0.1563883449973042, 0.16536068612724078, 0.1770816374359975, 0.14916333330771417, 0.16770924255364925, 0.09214837778904704, 0.09214837778904704, 
0.16796641546034816, 0.107568691283951, 0.18086795782316484, 0.1412311071512001, 0.190252546540374, 0.10605664087048094, 0.10605664087048094, 
0.16959373542295053, 0.09771933651526953, 0.18148430952962757, 0.13785170648199258, 0.19549193717717653, 0.10892948743649163, 0.10892948743649163, 
0.17260754921011257, 0.079726093162105, 0.1697174744823404, 0.15363819699109932, 0.20291690910430502, 0.11069688852501877, 0.11069688852501877, 
0.15204585719095795, 0.17823165911938127, 0.1992751895084639, 0.1412925358486162, 0.16485578423513692, 0.08214948704872183, 0.08214948704872183, 
0.17025726901524643, 0.1118465722787026, 0.17295913770713783, 0.1625642856034537, 0.1938428331314156, 0.09426495113202192, 0.09426495113202192, 
0.16163713985295464, 0.16400468268239507, 0.18759573578539002, 0.14842719691644138, 0.1771023429056349, 0.08061645092859203, 0.08061645092859203, 
0.16134997575109472, 0.16695707600820447, 0.1789994477247113, 0.1484940097551426, 0.17712328669686805, 0.08353810203198937, 0.08353810203198937, 
0.1663194106127023, 0.1467537333652312, 0.13824752772343074, 0.12789111925624727, 0.19549165013312253, 0.11264827945463304, 0.11264827945463304, 
0.15927634972948154, 0.17378244900499046, 0.16740693664819897, 0.15377657561698851, 0.17278743996431886, 0.08648512451801084, 0.08648512451801084, 
0.1555665241402015, 0.1735309730465562, 0.1719025401547422, 0.14666106043584418, 0.16595630006058307, 0.09319130108103633, 0.09319130108103633, 
0.17652590962408818, 0.13002048348296416, 0.1485157543005554, 0.14072840849169457, 0.20802577758979965, 0.09809183325544907, 0.09809183325544907, 
0.1734818002039961, 0.13883172817034167, 0.15259678220672002, 0.13839026402871013, 0.2045731774451851, 0.09606312397252344, 0.09606312397252344, 
0.15922168656835076, 0.15832475013978636, 0.17663984109109704, 0.14443020885860738, 0.1764864318515892, 0.09244854074528465, 0.09244854074528465, 
0.16502368612970916, 0.12510983996581904, 0.13703263036236704, 0.12015038589529516, 0.1974562051495542, 0.12761362624862774, 0.12761362624862774, 
0.162644111183638, 0.18460374725388817, 0.1729615097292816, 0.1417464986965104, 0.1832381410412162, 0.0774029960477328, 0.0774029960477328, 
0.16318966914135277, 0.1788532188399521, 0.17516267616219738, 0.1508753707890936, 0.17866867682086743, 0.07662519412326832, 0.07662519412326832, 
0.16822884710396988, 0.16062538797569467, 0.1726635064880808, 0.13508394375484778, 0.19944110907087695, 0.08197860280326497, 0.08197860280326497, 
0.15859825967651914, 0.1891301801503956, 0.1912806472829564, 0.1438628548310405, 0.17646447077244334, 0.07033179364332255, 0.07033179364332255, 
0.16906957072793807, 0.15341323954106634, 0.1802508987978111, 0.14335032029747674, 0.19721758978330237, 0.07834919042620259, 0.07834919042620259, 
0.1680811969644954, 0.1636237146157378, 0.18497139152025685, 0.1480357431948248, 0.18996612569804164, 0.07266091400332171, 0.07266091400332171, 
0.18297551539884524, 0.1386455767650991, 0.12913094645791948, 0.10903086399576421, 0.2324123535327928, 0.1039023719247895, 0.1039023719247895, 
0.17909806833488098, 0.140905971441189, 0.13524451983967448, 0.11804994190826718, 0.21998150780574555, 0.10335999533512145, 0.10335999533512145, 
0.18871497352981675, 0.13887847571280953, 0.12765472622270907, 0.11341705034789228, 0.23519761358321017, 0.09806858030178109, 0.09806858030178109, 
0.15920207100652042, 0.16846716772500017, 0.1595888826802009, 0.14775266484429456, 0.18091509667187922, 0.09203705853605226, 0.09203705853605226, 
0.17142013268745837, 0.15542048782767812, 0.15057260168425143, 0.14043905865485107, 0.19891682814732964, 0.09161544549921571, 0.09161544549921571, 
0.1735358842463215, 0.15874655588571981, 0.15312402645260936, 0.14078748533393684, 0.2045703258930803, 0.08461786109416608, 0.08461786109416608, 
0.16279524735032203, 0.16853221598862217, 0.16582993662401113, 0.1457534791987078, 0.18256011694724905, 0.08726450194554393, 0.08726450194554393, 
0.15390216137611046, 0.19110323833429552, 0.17597128911090576, 0.1480200724309468, 0.16425489453537837, 0.08337417210618153, 0.08337417210618153, 
0.15622722347393353, 0.18729949853312755, 0.16822792990242608, 0.14722937590496768, 0.16645102083462177, 0.08728247567546168, 0.08728247567546168, 
0.1585371559861561, 0.19016452299448017, 0.1500591689826671, 0.11648486245721416, 0.17960241720320255, 0.10257593618813993, 0.10257593618813993, 
0.16232845379584002, 0.18626316630471287, 0.1738120114558866, 0.13551489761882757, 0.17766089643966138, 0.08221028719253573, 0.08221028719253573, 
0.15770825775917635, 0.19626682032387077, 0.17763759919508398, 0.14208058674793783, 0.16912866346730654, 0.07858903625331229, 0.07858903625331229, 
0.1626131820762556, 0.18141097156779712, 0.1642209755532422, 0.143732475909004, 0.17769849255532497, 0.08516195116918807, 0.08516195116918807, 
0.16420707444574528, 0.19384919919021368, 0.17116711012027214, 0.14541134318606388, 0.17928088064150724, 0.07304219620809892, 0.07304219620809892, 
0.16853505997186902, 0.19376970457123155, 0.17243053590081245, 0.13566516810307225, 0.19019092152211603, 0.06970430496544938, 0.06970430496544938, 
0.1620238822957107, 0.17812051668458972, 0.1730197377912054, 0.1475409087757004, 0.17397181271490755, 0.08266157086894309, 0.08266157086894309, 
0.15782068097295188, 0.1897605532928053, 0.18097022651331285, 0.14005837281254985, 0.16901370246531283, 0.08118823197153356, 0.08118823197153356, 
0.1532726006350378, 0.1895514388626426, 0.18121821725570103, 0.1442783689036701, 0.16130049828322693, 0.08518943802986076, 0.08518943802986076, 
0.156421245167296, 0.1763832050847013, 0.18247247208305292, 0.151389655152934, 0.1652915997019173, 0.08402091140504919, 0.08402091140504919, 
0.15467272324408968, 0.1849802357022784, 0.1760426646587065, 0.1453032353052443, 0.16115810834592575, 0.08892151637187762, 0.08892151637187762, 
0.16723297224757896, 0.17905192821512442, 0.15394732634093955, 0.13224795425066507, 0.187024874151366, 0.090247472397163, 0.090247472397163, 
0.16654347543314071, 0.1526936031638533, 0.14368426179970442, 0.133899762123432, 0.1902598770568077, 0.10645951021153098, 0.10645951021153098, 
0.17282012523638945, 0.11541701451385394, 0.148577289431574, 0.11726622692980118, 0.20732545904083755, 0.1192969424237719, 0.1192969424237719, 
0.11774828226120365, 0.12828622801037337, 0.11888158656827992, 0.10540774638497731, 0.1388301081538452, 0.19542302431066022, 0.19542302431066022, 
0.15139832139266501, 0.15532988482207713, 0.1546999539923137, 0.1435338307305373, 0.16547410104282356, 0.11478195400979169, 0.11478195400979169, 
0.15996967265530554, 0.14841235496530059, 0.16055406909250505, 0.14222834872239426, 0.17655967382016738, 0.10613794037216355, 0.10613794037216355, 
0.15683534813985459, 0.1486897042613921, 0.15669869380235998, 0.1390606290128432, 0.17412483626561762, 0.1122953942589663, 0.1122953942589663, 
0.1529225987310321, 0.13950218320121976, 0.1487407570826342, 0.12353827128295675, 0.17543786198611236, 0.1299291638580224, 0.1299291638580224, 
0.16542271468175584, 0.15080365309801183, 0.18334835994999824, 0.14772046769458244, 0.18180790682335923, 0.08544844887614629, 0.08544844887614629, 
0.16606796393208928, 0.1417973117204095, 0.1448555476751072, 0.1335503984294892, 0.1886349578642539, 0.11254691018932546, 0.11254691018932546, 
0.15767281184587997, 0.16076901218863854, 0.1668359538214857, 0.14615844314614657, 0.17025318542662968, 0.09915529678560987, 0.09915529678560987, 
0.16707910663511924, 0.10800415954083724, 0.1485116364193208, 0.11127810117247793, 0.20182819063079208, 0.13164940280072637, 0.13164940280072637, 
0.17870105689734855, 0.10459399639259488, 0.1561689874741378, 0.0945754135529035, 0.22295066449261777, 0.1215049405951988, 0.1215049405951988, 
0.17224561299334945, 0.1296010201745239, 0.1760114871449579, 0.12127992134999654, 0.20148976980207445, 0.09968609426754889, 0.09968609426754889, 
0.1417688887349364, 0.1487643013771294, 0.14956443092483956, 0.12874340597285272, 0.15435659950968622, 0.13840118674027788, 0.13840118674027788, 
0.15901173270231597, 0.1526594257153186, 0.16373346461571733, 0.12957446641867026, 0.17736566939543455, 0.10882762057627168, 0.10882762057627168, 
0.16357436219045143, 0.1517549545543705, 0.17025289683444877, 0.12632874014592538, 0.1856999109632058, 0.10119456765579905, 0.10119456765579905, 
0.1626493170937766, 0.15820596155866928, 0.18036784032095687, 0.1378779681363747, 0.17842188263567763, 0.09123851512727249, 0.09123851512727249, 
0.15646004530135252, 0.17448146551728297, 0.16741237516483845, 0.12694264454109833, 0.17639707071680394, 0.09915319937931188, 0.09915319937931188, 
0.16119900190769035, 0.16365498017515656, 0.16976264469918764, 0.12623236761617115, 0.18461698034686136, 0.09726701262746641, 0.09726701262746641, 
0.16290784289449858, 0.16775286192131475, 0.1616196266270625, 0.14869305652129686, 0.1796639073401974, 0.08968135234781495, 0.08968135234781495, 
0.16129400695826318, 0.16610108515605138, 0.1612259576159098, 0.14383157080046452, 0.18014770557757373, 0.09369983694586875, 0.09369983694586875, 
0.15717052184367056, 0.1769356514902548, 0.1707068867620593, 0.15021130724502388, 0.16695437449989342, 0.0890106290795491, 0.0890106290795491, 
0.1618685712028534, 0.16126197408631046, 0.15970113155069518, 0.15123194433057027, 0.17494892669360865, 0.09549372606798093, 0.09549372606798093, 
0.16514100296150055, 0.17873857484641167, 0.17613961322737345, 0.15612710424635634, 0.18354438416719296, 0.07015466027558244, 0.07015466027558244, 
0.1620247414252208, 0.1762279357406904, 0.17626578961335207, 0.15365014062771154, 0.17737202676024114, 0.07722968291639196, 0.07722968291639196, 
0.14955796197065496, 0.2018497799086849, 0.18331851929750315, 0.12220869933197438, 0.16808957387482737, 0.08748773280817762, 0.08748773280817762, 
0.1459260774049843, 0.19528135043114178, 0.1799010174601991, 0.12590671140166712, 0.15834679343867797, 0.09731902493166489, 0.09731902493166489, 
0.16392605618165082, 0.19732248310784903, 0.1665208348077629, 0.13093256858075267, 0.18348392879410638, 0.0789070642639391, 0.0789070642639391, 
0.16191744418604923, 0.1772039229338584, 0.1755376574433677, 0.14776382483149736, 0.17315256288935243, 0.08221229385793746, 0.08221229385793746, 
0.16629023693324538, 0.12003926508457942, 0.18501141767310575, 0.14798341242206212, 0.18725198904107393, 0.09671183942296667, 0.09671183942296667, 
0.16415715891207508, 0.18252510329645455, 0.19675378709899977, 0.13103476799816963, 0.18353573085043268, 0.07099672592193415, 0.07099672592193415, 
0.1635800971111122, 0.1798454691244238, 0.1900394093897328, 0.13813123904806143, 0.18033987046289396, 0.07403195743188792, 0.07403195743188792, 
0.17025223541123236, 0.1502154229811052, 0.18898767208631553, 0.14753354781115224, 0.19490684697544222, 0.07405213736737615, 0.07405213736737615, 
0.16728522611752303, 0.13299211037574793, 0.18076726151360886, 0.15514862370745464, 0.18576452517758674, 0.08902112655403942, 0.08902112655403942, 
0.14503635386452451, 0.11175382501289884, 0.1302287447779528, 0.11412599950880666, 0.1760181418412305, 0.1614184674972934, 0.1614184674972934, 
0.15666924125243484, 0.12457939418620081, 0.14016051404976068, 0.13475964276630373, 0.18173924636786556, 0.13104598068871723, 0.13104598068871723, 
0.16286903620370394, 0.15096700852489695, 0.1650533214056965, 0.15492565571125236, 0.17883594367137215, 0.09367451724153904, 0.09367451724153904, 
0.17106330634728728, 0.13733173659786008, 0.16662335071662648, 0.1550701111131559, 0.1957860496213318, 0.0870627228018692, 0.0870627228018692, 
0.17083340520312967, 0.12801375448207958, 0.15594980103932315, 0.14311254071791032, 0.199657474337695, 0.10121651210993117, 0.10121651210993117, 
0.16475315611426697, 0.11028755818164704, 0.1499864274140454, 0.12929316229287094, 0.19699777339303617, 0.12434096130206675, 0.12434096130206675, 
0.169893875766517, 0.11182496867616903, 0.1471439099889413, 0.1323465056999123, 0.2066067488199815, 0.11609199552423945, 0.11609199552423945, 
0.16633700941135746, 0.16498814342163684, 0.15968277775796863, 0.149895920775902, 0.18214319528696163, 0.08847647667308665, 0.08847647667308665, 
0.1571916964755161, 0.1415521892923451, 0.1710736021935228, 0.13964661060765513, 0.17944967395671857, 0.10554311373712111, 0.10554311373712111, 
0.1526610573287927, 0.11900762487778793, 0.15718101916049165, 0.12939930309220218, 0.18016693141077528, 0.13079203206497506, 0.13079203206497506, 
0.1586637768052347, 0.12639383125718914, 0.17110462017787414, 0.1399854623409734, 0.1824466433878354, 0.11070283301544658, 0.11070283301544658, 
0.15313354854818303, 0.1168314046432534, 0.15633650572986016, 0.12753307909204684, 0.17994846969529946, 0.13310849614567855, 0.13310849614567855, 
0.16418911914050652, 0.14469687494938732, 0.16875004041497677, 0.14988394036968103, 0.18056327227257266, 0.0959583764264378, 0.0959583764264378, 
0.17079407029736668, 0.14151811876614925, 0.1833656132731951, 0.1532054609918308, 0.1961055397113349, 0.07750559848006164, 0.07750559848006164, 
0.16366266067411023, 0.11109829493491466, 0.14664168405726086, 0.15206736479562943, 0.18831973536078006, 0.11910513008865234, 0.11910513008865234, 
0.1577046385669395, 0.14367470248723457, 0.15590612808104884, 0.14107382128574447, 0.1737057116946319, 0.11396749894220032, 0.11396749894220032, 
0.16748315732117525, 0.14021928492750238, 0.16748311435712387, 0.15091910588593993, 0.18620631108826785, 0.09384451320999541, 0.09384451320999541, 
0.1626462206289784, 0.1530700185186614, 0.18034762621752473, 0.15622170286750642, 0.17753607691123918, 0.08508917742804488, 0.08508917742804488, 
0.15812253321772787, 0.14117935089402295, 0.1666762082660305, 0.14999841315990783, 0.17319535132893854, 0.10541407156668613, 0.10541407156668613, 
0.1629016135430948, 0.1625482672204359, 0.1777703008992941, 0.1554974323623011, 0.17542305504885378, 0.08292966546301024, 0.08292966546301024, 
0.14483930852249088, 0.11899911864115612, 0.12879417004561197, 0.10925139119209733, 0.175328447641772, 0.1613937819784359, 0.1613937819784359, 
0.14512107272796856, 0.11527775588925342, 0.1384751713257627, 0.09376270244342544, 0.1800610498877611, 0.16365112386291442, 0.16365112386291442, 
0.16052662969093334, 0.13134115303608754, 0.13522956251909984, 0.12207517759509187, 0.1894364357967149, 0.13069552068103624, 0.13069552068103624, 
0.16653043857472946, 0.15804444312773017, 0.1613027236911045, 0.1500003575427303, 0.18474602079670785, 0.08968800813349884, 0.08968800813349884, 
0.16623510887609066, 0.12185690296567693, 0.14161068239021743, 0.11733013228363713, 0.19924463388622485, 0.12686126979907647, 0.12686126979907647, 
0.16784723523939224, 0.1531102034736806, 0.16307655054237208, 0.14333349702263512, 0.18704519217904925, 0.09279366077143536, 0.09279366077143536, 
0.17931401137886332, 0.14289418523839972, 0.13983511644514773, 0.12850738629719669, 0.21225060202542484, 0.09859934930748376, 0.09859934930748376, 
0.17257140011439964, 0.13099758989379787, 0.1368493024228758, 0.12612962009373002, 0.20195863066045733, 0.11574672840736969, 0.11574672840736969, 
0.17738742164834734, 0.11272326521568572, 0.1277347093564508, 0.11042809685788907, 0.21770085593365815, 0.1270128254939844, 0.1270128254939844, 
0.15875874571690643, 0.15488690556403942, 0.1697613003606755, 0.1540367394102374, 0.17064099659429757, 0.09595765617692181, 0.09595765617692181, 
0.15790355076590884, 0.16203077746423106, 0.16867774570252508, 0.15102410287362086, 0.16994135327367335, 0.09521123496002035, 0.09521123496002035, 
0.14785135173679018, 0.12173548739219303, 0.14835291756840777, 0.1361625512378013, 0.16808205584206443, 0.13890781811137162, 0.13890781811137162, 
0.16231574814905175, 0.14540938548962118, 0.1685635776011682, 0.14398604827406358, 0.18140379337184023, 0.09916072355712759, 0.09916072355712759, 
0.1617676189202469, 0.16196005721514772, 0.1766050068751168, 0.15129740378316686, 0.17290480169497296, 0.08773255575567426, 0.08773255575567426, 
0.1562443667954208, 0.1805361437765412, 0.18298595972468623, 0.14443550116725556, 0.16458528757991728, 0.08560637047808944, 0.08560637047808944, 
0.1544082186279685, 0.12173868461316434, 0.15183431949758505, 0.13255409136044458, 0.1792868100878399, 0.1300889379064988, 0.1300889379064988, 
0.16415531521611929, 0.15007593818835221, 0.17691217570362774, 0.14530220659693255, 0.18392686219656967, 0.08981375104919924, 0.08981375104919924, 
0.15050043259905435, 0.13686846016011123, 0.16320745533420597, 0.1358200361397085, 0.16755480317154245, 0.12302440629768871, 0.12302440629768871, 
0.15313233175281607, 0.16993237728375263, 0.1976464878561937, 0.12602738211584535, 0.16991271689123028, 0.09167435205008091, 0.09167435205008091, 
0.15588661662550415, 0.1450797194014127, 0.14077149192575683, 0.128782539687612, 0.17693250046504727, 0.1262735659473335, 0.1262735659473335, 
0.1702807528247453, 0.14409553220653698, 0.15782146950551482, 0.13555230806518828, 0.1979899151111134, 0.09713001114345063, 0.09713001114345063, 
0.15518587760477776, 0.16553072075687603, 0.16347703954783496, 0.15476214310729863, 0.16371304552260427, 0.09866558673030415, 0.09866558673030415, 
0.16401898995498887, 0.11823022642794298, 0.1334609489127985, 0.12058904669366807, 0.19734597049245098, 0.13317740875907527, 0.13317740875907527, 
0.16714095112016014, 0.15411966007144887, 0.15794492694033302, 0.14071412963725985, 0.1919205036493199, 0.09407991429073904, 0.09407991429073904, 
0.1614549456936673, 0.1444107253931061, 0.13997975440590002, 0.118001776712078, 0.19794688129200655, 0.11910295825162105, 0.11910295825162105, 
0.1752258266989125, 0.14509390390276797, 0.15499410102517075, 0.13674904935974538, 0.20519239368242873, 0.09137236266548736, 0.09137236266548736, 
0.15975155791163936, 0.1664531984875482, 0.1789733925337975, 0.13842211506202398, 0.18049794952693599, 0.08795089323902751, 0.08795089323902751, 
0.1538706779623602, 0.15399204409358302, 0.15629668016741427, 0.1268724800826556, 0.17555149555223432, 0.11670831107087629, 0.11670831107087629, 
0.16375330775983743, 0.15218877168501915, 0.16664306818413854, 0.13853803899836878, 0.18274797402036133, 0.09806441967613738, 0.09806441967613738, 
0.1533841396176273, 0.15114518518865894, 0.17703361609040577, 0.13784900150413823, 0.17080222814633766, 0.104892914726416, 0.104892914726416, 
0.17815904450009906, 0.11358957588722952, 0.14051994045494065, 0.12375957221336005, 0.2157186434788736, 0.11412661173274849, 0.11412661173274849, 
0.15240100877559407, 0.0986214450917692, 0.1241476219273601, 0.10630848534996819, 0.1831510368052218, 0.16768520102504336, 0.16768520102504336, 
0.18028777270252253, 0.11158961693150479, 0.14218819769617816, 0.12235318678769211, 0.2160630411845981, 0.11375909234875212, 0.11375909234875212, 
0.15085712061016762, 0.12567388428879622, 0.16430142987324217, 0.13804372316883787, 0.17147860186474667, 0.12482262009710468, 0.12482262009710468, 
0.14934175468068786, 0.11721568038586405, 0.1535193116410574, 0.1347152915011702, 0.17074869265410308, 0.1372296345685587, 0.1372296345685587, 
0.14999234157430907, 0.15704240163176472, 0.1549900068632353, 0.10763871647899438, 0.17338037122551608, 0.12847808111309017, 0.12847808111309017, 
0.16445606128811982, 0.15664532313027998, 0.16888236180610847, 0.14666378478996578, 0.17846230600319354, 0.09244508149116613, 0.09244508149116613, 
0.1722635627799373, 0.12979928623497497, 0.16290873915912282, 0.13596150636365112, 0.20201988425597497, 0.09852351060316947, 0.09852351060316947, 
0.1681375677249514, 0.17513556553969212, 0.16322057946109947, 0.14663595214548775, 0.18624020312389142, 0.08031506600243894, 0.08031506600243894, 
0.16763153917617254, 0.14222523020814953, 0.17654481856436935, 0.13291298269194624, 0.1946186160019072, 0.09303340667872753, 0.09303340667872753, 
0.16422007462430097, 0.13646451883231278, 0.1711050117329931, 0.15613985315004408, 0.1832794999218559, 0.09439552086924664, 0.09439552086924664, 
0.16463213754640438, 0.16265441591310503, 0.17318663339870527, 0.14541561036943926, 0.18238897625941658, 0.08586111325646473, 0.08586111325646473, 
0.16195311353197056, 0.1169337171981516, 0.16618414572896822, 0.1468667032697287, 0.1887313156638737, 0.10966550230365374, 0.10966550230365374, 
0.16223582299088204, 0.1484252977192241, 0.1712812366724351, 0.1409766134866809, 0.18032235166936839, 0.09837933873070473, 0.09837933873070473, 
0.16984150373632834, 0.13392850691128627, 0.1608679932786094, 0.14916688125336336, 0.19625235533373184, 0.09497137974334034, 0.09497137974334034, 
0.15860107191051656, 0.1733902312502351, 0.1696973859695578, 0.14217818769232415, 0.17244910211741826, 0.09184201052997412, 0.09184201052997412, 
0.15387652042971559, 0.17138680138744522, 0.17081985604987293, 0.146232403453177, 0.16514645643941714, 0.0962689811201861, 0.0962689811201861, 
0.14008011810858448, 0.1517156393158046, 0.148899450615633, 0.11257665889205626, 0.15839343243774073, 0.1441673503150905, 0.1441673503150905, 
0.16056424880730172, 0.14839385379680323, 0.12826446339062192, 0.1085601909071442, 0.1893080339100773, 0.13245460459402578, 0.13245460459402578, 
0.16045858560166376, 0.1913423559497542, 0.1839081597452855, 0.14121052405522688, 0.1753583228651442, 0.07386102589146272, 0.07386102589146272, 
0.15849620587456273, 0.1865597778719406, 0.17879177903804178, 0.13740390861452212, 0.1709152253389011, 0.08391655163101586, 0.08391655163101586, 
0.16060507889162287, 0.1888672620324685, 0.18220650536129634, 0.13523996368382116, 0.17515994870169044, 0.07896062066455037, 0.07896062066455037, 
0.16103151398087143, 0.18745296876009643, 0.18142937265031156, 0.1368067947584161, 0.17526161982176028, 0.07900886501427219, 0.07900886501427219, 
0.16195965270930177, 0.16959194890293314, 0.16254380744442481, 0.15192040076279267, 0.17568493576231106, 0.0891496272091182, 0.0891496272091182, 
0.15770872802983546, 0.18181158698896954, 0.17849031589042946, 0.15000648554953197, 0.16810492441724434, 0.08193897956199463, 0.08193897956199463, 
0.16005171861639095, 0.18516698184265118, 0.1836437753816423, 0.15084233989240342, 0.17320104586475382, 0.07354706920107919, 0.07354706920107919, 
0.1591352120365421, 0.17013752958924383, 0.17804084919500426, 0.15007024872594354, 0.17055533361281097, 0.08603041342022753, 0.08603041342022753, 
0.16358248949376086, 0.15235974419455842, 0.18648094645848165, 0.14921449844514625, 0.18185041384344866, 0.08325595378230206, 0.08325595378230206, 
0.1619029021350872, 0.15746026711632005, 0.1827465301986178, 0.14930590438564986, 0.1773956456103261, 0.08559437527699941, 0.08559437527699941, 
0.16124334628213713, 0.16291233440715694, 0.1846255357768654, 0.14685878223091658, 0.17825926311943238, 0.08305036909174578, 0.08305036909174578, 
0.17082875832573305, 0.09669090390827755, 0.176705562050543, 0.13081689085777506, 0.21434870362497027, 0.10530459061635061, 0.10530459061635061, 
0.17406505085688218, 0.11745010351524021, 0.1844282428923202, 0.13155518124430207, 0.2109206640499671, 0.0907903787206441, 0.0907903787206441, 
0.16655173667003942, 0.1211057145467117, 0.1556016794540287, 0.1418695256160302, 0.19240172647921802, 0.11123480861698598, 0.11123480861698598, 
0.16168757371935805, 0.1273840606831304, 0.1663087092760116, 0.14870334794411094, 0.18797554416583895, 0.10397038210577501, 0.10397038210577501, 
0.163249667977239, 0.15797586347059786, 0.16678293953964823, 0.15083362066765682, 0.1805077827847154, 0.09032506278007131, 0.09032506278007131, 
0.16102723730088817, 0.14198435928801525, 0.17478633966022303, 0.15930100723640445, 0.17711674905251348, 0.09289215373097783, 0.09289215373097783, 
0.1577511896434861, 0.1473750196646289, 0.18322398868887949, 0.1593030623605365, 0.17030550469760167, 0.09102061747243365, 0.09102061747243365, 
0.15373353744910853, 0.16634343720136516, 0.19472689092052756, 0.15135799913241935, 0.16431753936210852, 0.08476029796723548, 0.08476029796723548, 
0.1535488253677575, 0.15103160242254812, 0.1592485641641936, 0.11054160514287242, 0.18126177928609508, 0.12218381180826665, 0.12218381180826665, 
