
0.20099637860715022,0.19881974220097673,0.20337075370129754,0.20205472769393412,0.19475839779664142,
0.0070394043202976955,0.007033170850567557,0.08031664870971986,0.8818466816166487,0.02376409450276597,
0.01449632924909934,0.01023645710565861,0.10329239764962832,0.8239226650935887,0.04805215090202552,
0.009499600521026478,0.008443498777166939,0.011894664724004272,0.9591568886694909,0.01100534730831071,
0.007052791858902333,0.004915693478043855,0.10118828970462172,0.8581586108454617,0.02868461411297005,
0.017515939502940638,0.011464312107977976,0.060344329347715615,0.8464231689899127,0.06425225005145276,
6.159159666302678E-4,5.787103482264986E-4,0.004512248236910927,0.9929756092030513,0.0013175162451812422,
0.008167110633448738,0.0048676700538787645,0.26702249325543204,0.7024303094353128,0.01751241662192738,
8.605344487279693E-4,9.292279685438931E-4,0.014944602725111323,0.9684008302964011,0.014864804561215752,
5.343866240162694E-4,3.4813970358093166E-4,0.0025420037308853424,0.9950869402224074,0.001488529719109983,
0.02651160581783098,0.0033281168844405793,0.10203561840737416,0.8232087522091469,0.044915906681207395,
0.0012624411876966122,0.001610495857328191,0.016944872860601666,0.9566537930064676,0.023528397087905908,
0.0028219342393850824,2.439550943404621E-4,0.017393891703569992,0.9629740094949364,0.016566209467768354,
3.018743642818861E-4,2.87969002479811E-4,9.997558115251541E-4,0.9964115044544462,0.001998896367266807,
0.007245742571952875,0.0015860217198777656,0.01716809670769908,0.920699498200386,0.05330064080008471,
0.001053493853276472,8.713006837875258E-4,0.19971796571603453,0.7902720582410772,0.008085181505824523,
4.530164421298055E-5,4.181295746858354E-5,0.0024249602574542258,0.9969334868155815,5.54438325282079E-4,
3.2297631318494715E-4,2.2066813240591217E-4,3.6108063646330914E-4,0.999049950619727,4.5324298219073136E-5,
4.1743868832172683E-4,6.500053882876566E-4,0.0022090543246761976,0.9887688504562175,0.007954651142497262,
1.2066889150814228E-4,2.799440335281738E-4,7.400876731157976E-4,0.9955603149197486,0.003298984482098004,
0.0026236433267894767,0.001705111233219179,0.16984297542458407,0.7990927611517759,0.026735508863631303,
1.4924930565961557E-4,6.541085746406637E-5,0.09249006916140992,0.9017083656591882,0.005586905016276852,
8.713691295467922E-4,3.33712837774694E-4,0.26032442057159066,0.730843555229843,0.007626942231244694,
0.002008359723534988,0.0017662380675225575,0.17136410964545534,0.8020807541192904,0.022780538444197397,
1.325521667533773E-4,9.1385984084201E-5,0.13924509219957223,0.8587722067417164,0.0017587629078750912,
0.0028521637778812113,9.308816578561252E-4,8.727752473461301E-4,0.9937536493656558,0.0015905299512602377,
5.75114722666248E-4,2.273587662928897E-4,0.10613135290242504,0.8832793700189541,0.009786803589662524,
8.849115921741698E-6,3.541887436993861E-5,0.007396750131616682,0.9921942267174348,3.6475516065664833E-4,
1.7748426564668587E-5,1.846287504048702E-5,0.001023529480466479,0.9985846003695652,3.556588483639998E-4,
0.001141898527267,2.0705755995031934E-4,0.20031102810543017,0.7857648514268702,0.012575164380482675,
5.2109898487800415E-5,6.424072185951538E-5,4.62195555251294E-4,0.9981033713771937,0.0013180824472082252,
7.301963310456535E-5,2.5944892444331954E-5,0.15227595099534674,0.8468449343373533,7.801501417511944E-4,
8.009314530493264E-4,5.837970549625079E-4,0.3034970884137097,0.6814410717353349,0.01367711134294366,
6.972908917274597E-5,7.297193305477185E-5,0.22608111651581092,0.77155237887337,0.002223803588591494,
3.4468721180834805E-6,1.1068541832358073E-6,0.023490928302771656,0.9752524256253472,0.0012520923455799301,
9.051882595260411E-6,4.77344913419949E-6,0.12381779752667849,0.8756919567922954,4.76420349296952E-4,
3.924491226808976E-5,4.959034674234077E-5,5.262804787864793E-4,0.9987985493553083,5.863349068934294E-4,
3.308333235733781E-4,1.3238129487039895E-4,0.18694307158830165,0.807713613417293,0.004880100375962391,
2.4377835384026464E-5,1.6945496072337655E-5,0.025929813463651308,0.9681046554493544,0.005924207755539259,
1.7166433606488315E-5,3.150005557871119E-5,2.7105845421502135E-4,0.999349594296976,3.3068075962387343E-4,
3.906374515277491E-6,2.6092319639541982E-6,1.4119752148231271E-5,0.9999753862541503,3.978387221901949E-6,
8.877983020118166E-6,5.557971506347482E-6,4.7501011298621914E-5,0.999917401806131,2.0661228042999365E-5,
5.362838686553226E-4,2.743695524255099E-4,0.15102678521244592,0.8399478536446764,0.008214707721796423,
9.160272126520246E-7,5.937423413650224E-7,6.78164602943892E-5,0.9999277703586928,2.90341145812048E-6,
2.4146761557195187E-5,7.629624360967596E-6,0.12383169807990109,0.873325562548798,0.0028109629853824863,
5.435673434024219E-5,5.0453642275426386E-5,1.4466977783728245E-4,0.9993944272987055,3.560925468411966E-4,
1.1128688592020832E-6,1.0348794122825919E-6,3.202542316524683E-6,0.9999838692692621,1.0780440149768043E-5,
1.2515313160554886E-7,1.30948704694414E-7,7.578407975866335E-4,0.9992403182462442,1.5848543325266112E-6,
2.019303944823466E-5,4.7793893532030526E-5,2.2195370987577139E-4,0.9982811376698841,0.0014289216872600135,
6.081872221238213E-5,4.2609550241428625E-5,0.14013502800230193,0.8549468400879019,0.004814703637342418,
5.087500716649732E-5,2.649399777697512E-5,0.05076590940837435,0.9421537043378078,0.007003017248875006,
7.61623609180562E-10,5.633163534063356E-10,0.02993557266909556,0.9700226347513222,4.179125464258736E-5,
1.790399701886835E-4,5.4036580112327765E-5,0.1400266523244362,0.8584425960001252,0.0012976751251370887,
2.4224055153217485E-6,1.9206335317645324E-6,0.0012209263500165544,0.998043257865884,7.314727450527399E-4,
7.074599503658987E-5,3.3749103022306735E-5,0.09113026894711856,0.9056869876087325,0.0030782483460893672,
2.7115466414365804E-9,7.00233459699402E-10,3.4395593010319507E-8,0.9999999572274092,4.965215413774002E-9,
7.90749418697072E-6,1.0009037991938951E-5,0.013740821156315,0.9844316535785956,0.0018096087329097113,
1.9904816106488986E-6,1.650755479415102E-6,5.1223682622187495E-5,0.9999344003027012,1.0734777586728774E-5,
1.4312080607449375E-4,1.356319649064282E-4,0.13795086978687832,0.857487990247746,0.0042823871943941105,
6.431736397502574E-8,6.415443742809276E-8,5.427721825491242E-6,0.9999933234089441,1.1203974308593212E-6,
1.1905724444633224E-4,1.1213113104748691E-4,0.139063632245239,0.858315660509672,0.0023895188695949817,
1.387149472848263E-4,1.0178537783882396E-4,0.10339964668686889,0.8929753476549426,0.003384505333065123,
3.905284577379233E-5,6.041277081427993E-6,0.00228017731632478,0.9953026709873134,0.002372057573507487,
1.750496719227411E-4,1.5704659725696073E-4,0.11487253481676445,0.8807021131292894,0.0040932557847668275,
9.768518050375059E-5,6.535527013978984E-5,0.13881802959899678,0.8594248883144788,0.0015940416358811748,
1.2904679010335883E-4,1.1069850156839005E-4,0.08732491120275122,0.9094385362371246,0.0029968072684521565,
7.427661082708063E-6,3.5801035324752947E-6,0.02723943055372739,0.9709105820429333,0.0018389796387240733,
1.3053045647116004E-4,4.157267615462916E-5,0.09253809573536871,0.9015302500412941,0.005759551090711401,
4.214727950104375E-7,1.0922386641290693E-7,1.4103997132911035E-4,0.9998542721647042,4.1571673050777475E-6,
1.2452503622639033E-4,7.287758068231712E-5,0.11273191179225438,0.8862356957199217,8.349898709153161E-4,
1.3467736966713895E-5,8.522400075638334E-6,0.012864866074889252,0.9866464811543826,4.666626336865504E-4,
7.415277589181653E-7,4.883501613058829E-7,6.0815113058905535E-6,0.9999914066366251,1.2819741491981976E-6,
2.0149159980280556E-6,4.407081391842808E-6,0.012910671233574863,0.9854270870240905,0.0016558197449449822,
6.028543007386529E-5,5.221193467126158E-5,0.06168020759158223,0.9363801103640385,0.0018271846796341046,
4.598106474136354E-5,3.322057623995671E-5,0.06264131879063503,0.9359895803348568,0.0012898992335276906,
1.5378646554465658E-8,1.2232785761920496E-8,4.93952996472088E-5,0.9999504371706466,1.3991827388047532E-7,
1.2076072383937363E-7,9.331785250678293E-8,0.0025126874105439083,0.9974159292070086,7.116930387031416E-5,
1.7999963397413992E-7,7.053784440500771E-8,0.009279406937992831,0.9904461548090824,2.741877154457051E-4,
2.1448011780035604E-5,1.2752898569985949E-5,0.032765159540938296,0.9666827423150902,5.178972336208501E-4,
1.8128288956513043E-6,6.324633843882815E-7,0.019866948665037232,0.980027629313503,1.029767291802575E-4,
7.312689673971752E-7,1.6067370560743328E-7,8.273015541249848E-4,0.9991589677539561,1.2838749245856192E-5,
5.983154663882938E-5,3.9575964808516384E-5,0.048168032684843785,0.9506605207994017,0.0010720390043074764,
2.518554833535645E-5,3.161798536643063E-5,0.042916279236449806,0.9556326827221747,0.001394234507672757,
3.4460653738887077E-9,8.435731378034525E-10,0.026816105377892353,0.973182937630483,9.527019852774339E-7,
1.578480599787927E-5,1.4184993640489714E-5,0.030385540783652635,0.9691173950090001,4.670944077105E-4,
1.6748399855034213E-6,9.067071164218218E-7,0.01397341656772791,0.985624836725591,3.991651595796861E-4,
2.3099348859953065E-5,7.544543193473393E-6,0.022068414632276698,0.9773884656230627,5.124758526077662E-4,
3.953404323207817E-6,2.3589262195417097E-6,0.0024080667750042985,0.9970844782728981,5.011426215530884E-4,
1.0646620015085413E-5,6.2607486060707895E-6,0.015423673527867984,0.9840248367740222,5.345823294895637E-4,
2.281137671776764E-5,1.6615491722938337E-5,0.01671743939984685,0.9828846255110266,3.585082206875762E-4,
1.666665187650006E-6,7.915200367731536E-7,5.659703745881477E-4,0.9992990479555974,1.3252348459095184E-4,
7.328588043786681E-6,5.756148076337526E-6,0.014690276846612787,0.9849405008637757,3.5613755349080594E-4,
2.432458188887286E-6,4.892129307963805E-7,0.002717614678569884,0.9969894304253731,2.9003322493688333E-4,
6.0261912120570924E-6,3.518832611043752E-6,0.026972029602262616,0.9728013243699406,2.1710100397398597E-4,
1.9192073192747748E-8,1.1463325153189122E-8,5.981575800888007E-4,0.9993915112835068,1.03004810082193E-5,
9.468290512050703E-6,6.027970169100485E-6,0.023852682424618306,0.9755734686267693,5.583526879308518E-4,
3.782801954285277E-6,7.122414740216811E-6,0.0023771792384536393,0.9972649662945565,3.4694925029438856E-4,
8.180056166887058E-7,3.152497812900932E-7,0.025614941184959748,0.9742337324672574,1.5019309238510292E-4,
1.3379129005094229E-5,5.0674447205105885E-6,0.03538309534684192,0.9642205688289,3.778892505323691E-4,
2.22866071736741E-5,1.3058299507829592E-5,0.05460359277343043,0.944601066242656,7.599960772334724E-4,
1.8732656034150257E-7,1.4155052653148665E-7,0.0292271094434354,0.9707698037306035,2.7579488746121227E-6,
1.4577561404043705E-5,9.12166869245971E-6,0.033872870774475226,0.9657440104857714,3.59419509656577E-4,
7.360873024277167E-6,6.851409954423672E-6,0.03892272724396824,0.960957392753727,1.0566771932556338E-4,
1.4683873903554457E-8,6.779132585578281E-9,8.444454048601948E-4,0.9991171912489697,3.834188316349279E-5,
9.728820285817526E-6,1.0019055258215643E-6,1.7293365530865072E-4,0.9997727488520091,4.358676687111463E-5,
4.1837047203295273E-7,6.095965817018406E-7,1.2646384919048457E-5,0.9999725810987158,1.3744549311599043E-5,
6.085684862637888E-8,2.364117065559926E-8,0.0024510091518231206,0.9974239024761523,1.250038740056696E-4,
1.6630279559909352E-6,1.3867085684505948E-6,0.030664791794080593,0.9691921067907179,1.400516786775435E-4,
4.4320963363315115E-6,2.432261190732075E-6,0.010658666130903544,0.9891951773267439,1.3929218482690523E-4,
5.9724102358752245E-6,3.873573529376913E-6,0.011446310499664453,0.988268330441261,2.7551307530995127E-4,
6.847030681445522E-6,3.6870009319721928E-6,0.021578746156736807,0.9781738196342513,2.3690017739734975E-4,
3.878442354782046E-6,2.736470787025875E-6,0.026882979213753915,0.9728692361224204,2.4116975068454202E-4,
5.639265109261845E-7,3.072619865850856E-7,0.003749966847413816,0.9960827180519465,1.664439121419529E-4,
1.581465630033098E-13,1.1621950804735144E-13,3.389302761160706E-5,0.9999661069699183,2.196545175550415E-12,
6.147116557617197E-6,5.725168268436195E-6,0.01808761897846197,0.9816364813415608,2.640273951527516E-4,
4.075128331781217E-6,2.810593158955341E-6,0.028136828526072726,0.9717579175140558,9.836823838094879E-5,
1.3973780256854015E-5,6.009604484738012E-6,0.019490863687049022,0.9802777773860201,2.113755421887586E-4,
7.5475926428208035E-6,4.750280926141916E-6,0.013174205602192728,0.9866303004532776,1.83196070960253E-4,
1.0023048983610576E-5,8.491616313150031E-6,0.029872165019256006,0.9698714422488564,2.3787806659041156E-4,
8.239918423018552E-6,6.999691904494296E-6,0.027019522693227323,0.9728046764426737,1.6056125377292654E-4,
3.451337883409042E-5,1.819005449539485E-5,0.038075021106834576,0.9614760696851331,3.9620577470309996E-4,
2.1122554374136143E-6,1.4877682660815646E-7,1.2906115580990354E-5,0.9999603200359138,2.4512816240324664E-5,
3.174584118117474E-6,1.8634805669615116E-6,0.02465836735375843,0.9751325997651802,2.0399481637492647E-4,
1.250356623828486E-6,6.559243098685209E-7,0.017530382189278732,0.9822979467674511,1.697647623369506E-4,
1.4708096374417605E-5,1.175847263473645E-5,0.04404710170874104,0.9555446683165355,3.817634057141747E-4,
1.1306032850385996E-5,4.10409412426909E-6,0.04980092030042484,0.9498841080697237,2.995615028768057E-4,
1.8442819905377052E-7,2.668418772532762E-7,0.0015378490676799964,0.9983976827521394,6.401691010485108E-5,
7.731142356282286E-9,2.8844114556334052E-9,0.020745993835398192,0.97922561891816,2.8376630888832066E-5,
9.67743526265176E-6,7.236387495992418E-6,0.046907252168205404,0.952802625150592,2.7320885844404576E-4,
1.7357303524484298E-6,1.3106984398140863E-6,0.028950292891336375,0.9710074302446124,3.9230435259555424E-5,
1.2455797480558314E-5,8.456526908088867E-6,0.06825151298288433,0.931600670697065,1.269039956630365E-4,
2.775503709722167E-6,1.0396953478397087E-7,8.628207261614205E-4,0.9990474826246744,8.681717591884014E-5,
6.224602567084584E-7,1.0012118115124386E-6,0.021649134388066395,0.9783203892008868,2.885273897830268E-5,
1.22745090452869E-7,4.443345877857855E-8,0.007720600494085556,0.9922298037784354,4.942854893057409E-5,
2.769422665018354E-7,1.756698491950254E-7,0.055270904633838325,0.9446392562159507,8.938653809554118E-5,
1.816213550364072E-6,1.1884514966152008E-6,0.06911824279755283,0.9308411901431369,3.756239426380613E-5,
2.2388579497709754E-6,2.279751072313201E-6,0.03800374160702006,0.9619095244450624,8.221533889486887E-5,
4.929305065935836E-7,4.105246938897555E-7,0.0038756329907972606,0.9960165507871072,1.0691276689534972E-4,
5.156052027688344E-8,2.3946779298707917E-8,0.014843082166952438,0.9851507716317742,6.070693973336099E-6,
2.508730271392751E-7,1.2748538622858717E-7,8.385869340674427E-4,0.9991552408261504,5.793881368040427E-6,
1.494540158877897E-6,1.3341881782466524E-6,0.13269526847715418,0.8672504167380106,5.148605649805774E-5,
2.638257461160652E-7,1.454448483623552E-7,0.07222092912925564,0.9277672120076698,1.1449592480545707E-5,
4.625573841182648E-9,2.8038802139844826E-9,0.03214612311215928,0.9678413484045133,1.2521053870902486E-5,
1.9409909265958136E-6,1.351620308047927E-6,0.04247514434965319,0.9574707475152264,5.081552388507998E-5,
2.7683341409162402E-8,6.741897365006013E-9,0.020229474379390957,0.9797570266676466,1.3464527722861116E-5,
2.267389387822423E-6,1.9622118796235755E-6,0.055383090027267365,0.9445483621895264,6.43181819394039E-5,
1.5813578904000737E-6,1.0964236265522993E-6,0.01834431897991909,0.9816071080759899,4.5895162572906255E-5,
3.443644348167224E-6,3.3357005177129804E-6,0.041571146010249416,0.9583982857475118,2.3788897371410443E-5,
2.8765691736902577E-6,2.1338411815690202E-6,0.03637581036667604,0.9635389133982881,8.02658246813385E-5,
1.27464044820077E-7,1.9218195898098173E-7,0.041308210367782455,0.9586735431962591,1.7926789954503304E-5,
3.3774221674561134E-8,8.529831120140268E-9,0.020169957054734636,0.9798279152875203,2.085353692920878E-6,
1.5401296382296112E-6,1.2617717587707652E-6,0.028227057770803782,0.9717154187199967,5.4721607803046E-5,
9.272717261616092E-10,1.8178685872581915E-9,5.158366658248274E-4,0.9994787771330669,5.38345596983595E-6,
1.0489693012053076E-7,3.549816923358122E-8,0.002465672491711487,0.9974784890941288,5.5698019058892534E-5,
1.3565195615181294E-8,3.58964889319535E-8,2.22088094257997E-5,0.9999774337347923,3.079940949185896E-7,
2.0896968226781788E-7,9.451818811116233E-8,6.163472583249946E-5,0.9999271469967049,1.0914789593558979E-5,
3.9943642471719315E-7,1.472961674643616E-7,0.00669198965715713,0.9932826655906638,2.4798019586358125E-5,
4.054052919069404E-6,3.6950741184546105E-6,0.040604147943808844,0.9592526431331951,1.3545979595913478E-4,
1.3060556950802302E-7,5.4508428931099344E-8,0.006500139267133367,0.993496457493931,3.2181249386201266E-6,
4.925708916383706E-6,2.6226967314809356E-6,0.08958542216588153,0.9102819637459832,1.2506568248841392E-4,
5.876703601766318E-6,4.550389236074807E-6,0.11877968166805637,0.8811041916363758,1.0569960272969618E-4,
1.285262296656539E-7,8.860270461502464E-8,0.02336120751100929,0.9765897544589012,4.882090115498776E-5,
2.711686234997579E-8,1.7409965545053413E-8,0.09376710850653841,0.9062181310273227,1.4715939312702478E-5,
6.801585822898404E-6,6.915047408087395E-6,0.1461997996273148,0.8535104720099882,2.7601172946539146E-4,
4.42376372980427E-6,3.0633823617180803E-6,0.15079900996145934,0.849102834270452,9.06686219959606E-5,
1.969752930259083E-6,1.263236091576952E-6,0.13208941844098268,0.8678967090520373,1.0639517957161708E-5,
3.0016106101164046E-8,6.992421357476751E-9,0.10169328112931139,0.8982987086068117,7.973255350837105E-6,
4.7851778798000475E-6,3.3626305751822737E-6,0.13096837000823433,0.86890995938328,1.1352280003049883E-4,
8.81319144280888E-13,9.206633524007152E-13,7.484681273445969E-4,0.9992515318017814,6.907098121118243E-11,
2.3672106984751194E-6,2.0211349701676948E-6,0.0997387157224324,0.9002268373250646,3.0058606835195062E-5,
1.6737456268035E-8,6.597297006730699E-9,0.010777877545453445,0.9892180617168981,4.037402894427085E-6,
1.8820769413083962E-8,2.0641531316372192E-8,9.137018538804068E-4,0.9990730598194382,1.319886438138225E-5,
3.9097361927031274E-8,9.986103809658643E-9,2.1066663605947807E-4,0.9997873157147438,1.9685657316271364E-6,
8.77388153788378E-6,6.930797254058856E-6,0.0734325054739026,0.9264202565506804,1.3153329662538834E-4,
5.644029599924959E-6,2.6613568586744034E-6,0.08092072935382473,0.9190137108158882,5.725444382979517E-5,
1.4915094955936395E-6,5.349696052054481E-7,0.06346401730922852,0.9364361979601158,9.77582515543848E-5,
1.6117665254248651E-6,1.4939133411890254E-6,0.07813615050726562,0.9218051564839067,5.5587328960151885E-5,
4.49851918556089E-6,3.188564750796854E-6,0.07219687981779577,0.9276777245443407,1.1770855392867008E-4,
1.1163742139473723E-7,4.4346849567267204E-8,0.0173221272806071,0.982625004656955,5.271207816769338E-5,
5.318487047915792E-6,3.8596040510433256E-6,0.1412004539551606,0.8586261412565529,1.6422669718766883E-4,
7.675070127228665E-6,4.274950037709063E-6,0.11429811552583728,0.8854980602931657,1.9187416083340313E-4,
2.9798229070422872E-8,2.1502285762862348E-8,0.1438347635450434,0.8561649277305668,2.5742387380547063E-7,
2.667806126388519E-6,1.0808628880434508E-6,0.2547880341757749,0.7451198608764124,8.835627879839814E-5,
7.257951189184931E-8,4.669423970571255E-8,0.018421648099814274,0.9815777877619802,4.448644551298924E-7,
3.6913924064187978E-6,2.165863811108815E-6,0.137049619260401,0.86284341310147,1.0111038191130728E-4,
3.2796157226140235E-6,1.875941983521741E-6,0.18190032358922945,0.81803768713964,5.6833713423507976E-5,
5.712012062829674E-7,3.412970379037098E-7,0.17187364274815853,0.8281084396712108,1.700508238697946E-5,
7.693446814658908E-8,3.7389296868532635E-8,0.009646147894963588,0.9902856248748544,6.811290641588177E-5,
2.1809398670003663E-12,4.6319830765346135E-12,0.0010371287891543768,0.9989628711904608,1.3572681093431738E-11,
2.855383803491519E-16,2.2029415781994578E-16,9.307641407083424E-6,0.9999906923585494,4.494167730634434E-14,
3.734387311408813E-9,9.770749364461414E-10,0.05445656652031356,0.9455408872359782,2.54153224457521E-6,
2.8541391372278344E-6,2.3670784951392452E-6,0.23567325668372482,0.7642508288774554,7.069322118811716E-5,
5.169440099441937E-7,2.6522588610269894E-7,0.03645354451970585,0.9634576137614345,8.805954896265283E-5,
2.4616806659456243E-8,6.611903493821635E-8,0.07182140411961672,0.9281525822829892,2.5922861554966635E-5,
2.0330941926814468E-13,2.335847623839318E-13,0.2016596572597646,0.7983403427375908,2.2066775574289336E-12,
3.5352944911243644E-8,3.656064991557605E-8,0.02254060850197078,0.9774563980872303,2.9214972047192495E-6,
3.284723559582437E-11,6.227303066475699E-12,0.373509999239606,0.626489529450244,4.712710762801422E-7,
1.3088977038379389E-8,2.8560528306465015E-9,0.19100344937590508,0.8089952166690711,1.3180099949204334E-6,
3.030364266628944E-8,1.4721186262847062E-8,0.04811025589816671,0.9518893505123638,3.485646380065458E-7,
1.7865906217971767E-6,3.9085152088624575E-7,0.18316042031967025,0.8168054079281454,3.199431004224863E-5,
1.136812377944742E-6,3.5135843364443285E-7,0.14299965679722673,0.8569726751189017,2.6179913059449135E-5,
4.805213925619193E-7,3.3335214071556204E-7,0.17178515684216686,0.8282037972414871,1.023204281205491E-5,
4.5212669112938923E-7,2.649023930829378E-7,0.05795573554692384,0.9419741830694106,6.936435458138142E-5,
5.498949500826122E-7,4.7394819779208523E-7,0.16426244238922674,0.835720285148113,1.6248619513838606E-5,
1.2963204646912057E-6,8.973281165426387E-7,0.14321086773364042,0.8567530955861445,3.3843031633717246E-5,
1.2444434235253688E-6,3.245525634040211E-7,0.17228128274941001,0.8277011608430727,1.5987411531081217E-5,
7.104582333202409E-10,3.7967978090136633E-10,0.316862778111398,0.6831371549877359,6.58107284250663E-8,
5.228361176403877E-7,3.745855132073236E-7,0.5610703885718265,0.4389061462851814,2.256772136148561E-5,
5.368312836288261E-7,3.133650715189662E-7,0.5668876149849632,0.43309088903595194,2.064578272826606E-5,
5.343676907276294E-7,3.2731300422409387E-7,0.5637867692976322,0.4361917640939356,2.0604927738572347E-5,
5.768596213715365E-7,4.749042705173015E-7,0.28668142821469084,0.7132846112452816,3.29087761361112E-5,
1.0314730250292532E-8,5.948550207698266E-9,0.0031965767616899663,0.996798536723085,4.870251944825353E-6,
6.501140422269206E-7,4.114585108116738E-7,0.2031405346278005,0.7968095465824078,4.8857217237979026E-5,
7.263712967181635E-7,4.2905485717632985E-7,0.23181806208951503,0.768157008099762,2.3774384569672995E-5,
6.933184168736088E-7,4.549998720895222E-7,0.36932271754546364,0.6306386687165308,3.746541971664841E-5,
2.8680215672590166E-7,1.493059889105414E-7,0.14092639895106873,0.8590601318071508,1.3033133633573627E-5,
3.5067361149081512E-12,3.0639235424262585E-12,0.02040186112599863,0.9795981168979194,2.196950919504868E-8,
2.1738550622290337E-10,8.106923884699864E-11,1.6783026888602106E-4,0.9998321533639368,1.6068724382516123E-8,
1.7185190221709637E-14,6.926059540680033E-15,0.004118387025710311,0.9958816129530896,2.117341368663938E-11,
2.6220750139903143E-9,3.83889451254244E-9,0.04938642976092496,0.9506133268203292,2.3695777835527284E-7,
1.1851327020810625E-6,9.377547898028317E-7,0.14863166321473692,0.8513282423083338,3.797158943665674E-5,
2.116434694789881E-10,2.3437384443268015E-10,0.10615647213471703,0.8938435167828338,1.063643409810656E-8,
1.7102077564587439E-7,2.7851260654275717E-7,3.37878086172569E-4,0.9996458620754408,1.5810305003261938E-5,
1.136303849769962E-6,7.241678065233701E-7,0.20109146488566684,0.7988706491280596,3.6025514617494656E-5,
2.417009185990752E-6,9.333924645559022E-7,0.19138887303439683,0.8085537492588413,5.4027305111672645E-5,
1.7972574814640997E-6,1.4665910789116121E-6,0.15149581524394223,0.8484375450301285,6.337587736819789E-5,
1.4116455180111896E-6,5.646563568135824E-7,0.2786870291631161,0.7212796553631722,3.133917183728156E-5,
4.983152812971992E-7,2.3121405257283073E-7,0.35258000180684856,0.6474016164413965,1.7652222419751853E-5,
2.334363342317785E-6,3.08809395016195E-6,0.454902303102562,0.5449184397408028,1.738346993430932E-4,
4.2073623473241905E-6,2.7146190608973246E-6,0.28708232958307467,0.7127519844876565,1.587639478608056E-4,
2.7414644128508827E-6,2.712894483169943E-6,0.13293629500042292,0.8669518061332369,1.0644450744290203E-4,
3.0001080019213586E-7,8.685313660450535E-7,0.005531677318652421,0.9943997291109309,6.742502825029732E-5,
1.879589212251453E-6,1.1753928865146943E-6,0.5758424533341646,0.4241147946633201,3.969702041587774E-5,
4.186406619969706E-8,9.163024610216262E-8,3.1065862926089584E-4,0.9996862392304122,2.9686460137394274E-6,
1.3525775594516642E-6,6.153297085767032E-7,0.33455493768362365,0.6653556381533938,8.745625571437997E-5,
1.5147191608559568E-6,1.140978394955815E-6,0.43060982621041,0.569327521681168,5.999641086495531E-5,
1.2999121434294228E-7,2.1136194518906697E-8,0.07489853980804051,0.9250502894393867,5.101962516428321E-5,
1.4479215978450704E-8,2.1347103980999594E-8,0.01682970311312106,0.9831206308811938,4.963017936634046E-5,
1.5458115906300555E-6,1.4258438649720322E-6,0.48403554103800134,0.5159103479826381,5.1139323905095114E-5,
1.3119657559972164E-6,6.710982517509689E-7,0.5003739966506912,0.49960116858605286,2.2851699248920097E-5,
1.1575786825814823E-6,8.575224104406466E-7,0.413117410307394,0.5868457489759799,3.482561553179762E-5,
4.143197147957202E-8,1.8136898673599907E-8,0.39373206409969647,0.6062183828706935,4.9493460739448305E-5,
2.474833894639247E-7,1.3361006461649889E-7,0.3192503260635882,0.6807075657535168,4.172708944175115E-5,
1.065992457471116E-6,5.8570687755438E-7,0.15610100940274999,0.8438450387936738,5.230010424118775E-5,
5.741437046209891E-10,5.440252778395595E-10,2.8300377344584154E-4,0.9997169895949771,5.513409510049289E-9,
8.769172564916446E-9,3.4817951879049016E-9,0.2733777776901952,0.7266178720141631,4.338044675784506E-6,
3.4873606425608067E-7,1.7189142965734482E-7,0.336989117465229,0.6630026923026786,7.669604598628378E-6,
4.309161799664831E-7,2.120330312646353E-7,0.21732686979745447,0.7826589227865639,1.3564466769827667E-5,
1.102907132050822E-7,7.841908042464771E-8,0.2647106927950739,0.735265138419544,2.3980075588428316E-5,
7.848771291765241E-7,4.7615572266065085E-7,0.375564321423231,0.6243872721817454,4.714536217078395E-5,
9.412470860418299E-9,2.6995097956230613E-9,0.05863951810098417,0.9413601738963266,2.958907087690995E-7,
2.7647550196037252E-8,5.681720328454977E-9,0.0046491516290849974,0.9953432204577657,7.594583878930532E-6,
1.447628435373312E-7,5.689281060386484E-8,0.08479793904716013,0.9152001981018606,1.6611953250200156E-6,
3.6843846308047406E-8,5.32939620780372E-8,2.9573447229224586E-4,0.9997020079877935,2.1674021059009615E-6,
5.654400181169369E-7,4.19338860080319E-7,0.24528887253631415,0.7546695677111726,4.057497363551944E-5,
5.703400395253749E-7,3.303923440770983E-7,0.24671485523819392,0.7532649420455266,1.930198389696698E-5,
2.014721587080643E-6,1.1300963517153888E-6,0.4044424393411954,0.5954486079206235,1.0580792024226044E-4,
4.939505678738927E-8,2.1173001797110216E-8,0.10281603693580973,0.8971823761428712,1.5163532582162683E-6,
2.0613562264889057E-7,1.347335863918582E-7,0.13851063162818356,0.8614785179142032,1.0509588404631981E-5,
4.741991279312369E-10,2.169021031865876E-10,1.1018299941475179E-4,0.9998898054378993,1.0871585442378201E-8,
5.562651284551984E-7,3.143906441844233E-7,0.2942175660966036,0.7057546777074916,2.6885540133033014E-5,
9.04431081717205E-7,7.727677807623679E-7,0.45511601515098055,0.5448455396730842,3.676797707185141E-5,
1.43672870710617E-8,3.2592713585869326E-9,0.3387245779124517,0.6612695438927295,5.860568260188693E-6,
1.3732601649523714E-6,1.0211581055588156E-6,0.28451330562450566,0.715403402809451,8.089714777354269E-5,
1.2116687031522455E-7,5.822925021779738E-8,0.2111442893651629,0.7888427776211248,1.2753617591768555E-5,
5.528408894317322E-7,2.6268973604099303E-7,0.32373246451312615,0.6762457079181055,2.1012038143682286E-5,
1.6768717186395356E-7,1.8321952202774272E-7,0.2844668185754667,0.7155200770071025,1.2753510738252414E-5,
6.197654338679088E-7,3.136097620420043E-7,0.2361935757343543,0.7637584313433952,4.7059547054519216E-5,
4.4796662042244265E-8,7.485130744829456E-8,8.537512536079817E-4,0.9991414006558673,4.728442551774613E-6,
3.5824256330150427E-8,1.7866550074198928E-9,0.00837311674252144,0.9916115858306693,1.5259815897911418E-5,
7.417692650774142E-7,3.5262112207294736E-7,0.18023359112195908,0.8197458966650949,1.941782255855679E-5,
1.4290029581643833E-7,7.618692831436532E-8,0.02042807990203399,0.9794676396158498,1.0406139489219324E-4,
1.2832878920868553E-8,4.333009627905757E-8,6.044734707886722E-5,0.9999380459908777,1.450499069037735E-6,
1.383033779747509E-6,7.153353480373845E-7,0.22116573734979988,0.778743121598434,8.904268263948566E-5,
1.2823848844965123E-19,1.140242297793932E-19,4.996621458848414E-13,0.9999999999995053,8.329275862290923E-19,
4.6128029296037406E-14,6.40418356729617E-14,6.113953934415845E-10,0.9999999993880948,4.0103961814187383E-13,
3.109340364141594E-6,1.2312241950973668E-6,0.23961513975085066,0.7603025081912793,7.801149330998426E-5,
4.640836023385073E-8,1.5983839218229513E-8,0.13135233974860538,0.8686453270659135,2.2707932828414717E-6,
1.8510918482295994E-8,8.785107621752043E-9,0.20118000814385373,0.7988197277413281,2.3681879114335512E-7,
3.8241165356422914E-7,1.1586637238674837E-7,0.1633355055973221,0.8366490523192223,1.4943805429182209E-5,
5.821136628991683E-7,2.503326234123488E-7,0.32241355098064867,0.6775713803261042,1.4236246961796706E-5,
7.698219417275055E-8,2.8165874195781344E-8,0.41063575006299746,0.5893566993854481,7.445403484471655E-6,
5.211183452577378E-7,2.510183711928078E-7,0.8598757682216185,0.14010274132568937,2.0718315974134634E-5,
7.784846671770188E-8,4.1594585952176775E-8,0.6943091368380073,0.30568439484566046,6.348873280286066E-6,
5.172580578459431E-8,2.834821371365434E-8,0.0011125628905104168,0.9988871105920186,2.464434511226049E-7,
8.959309412420475E-7,6.244010990995217E-7,0.743598185792521,0.2563641750729479,3.61188024907721E-5,
2.450789558553409E-7,1.1358265669454706E-7,0.47556274516886526,0.5244290080215733,7.888147948787398E-6,
6.132338772312675E-7,2.627195684719379E-7,0.5763593107780264,0.42361247879704494,2.7334471483066398E-5,
3.3088985934187386E-7,1.3496731026616852E-7,0.3732264389724121,0.6266965839996441,7.651117077257228E-5,
1.1944323454059E-7,3.893784426773534E-8,0.01613887125262541,0.9838474162145755,1.3554151720426112E-5,
3.554756556288024E-7,3.78663261672121E-7,0.7229048762502809,0.27707637848327804,1.801112752446547E-5,
3.028705882696566E-8,1.1575598568411483E-8,0.42025425412381706,0.5797190384337539,2.6665579770739172E-5,
2.254018307860477E-8,1.6745673289736254E-8,2.8906801173709726E-4,0.9997106467548084,2.459476001605448E-7,
3.419727942732639E-8,3.1665778901805247E-9,0.16344379497754644,0.8365316334668362,2.4534191760152563E-5,
1.2590004588252954E-6,5.294816736235474E-7,0.7201765051598378,0.279799794017756,2.1912340273707848E-5,
1.3462712089908103E-6,6.603816181449277E-7,0.7791853067580488,0.22076921034099395,4.347624812973471E-5,
2.3647830184570185E-7,5.441964099916033E-8,0.4084376324953624,0.5915540978831063,7.978723588730441E-6,
2.927290576804156E-7,2.236445308328622E-7,0.24652801825844975,0.7534574499441612,1.4015423800433871E-5,
1.128614570379099E-8,9.374141559397835E-9,0.015200056550462231,0.9847860560197303,1.386676951894573E-5,
4.272724473704133E-8,1.2493670489571352E-8,0.2258854654504852,0.7741134904864342,9.888421675784195E-7,
2.3274105077675557E-9,1.058916188117862E-9,0.05526082265679228,0.944738378981364,7.94975516782782E-7,
1.1863954504178105E-7,7.094542856319649E-8,0.19810035034411705,0.8018953963455346,4.063725374772136E-6,
5.577091896635781E-8,1.6785549614717923E-8,0.10099571661668602,0.8989890543681802,1.5156458665110878E-5,
2.0547447207732653E-7,1.811849719103278E-7,0.24440404817601125,0.7555697194871245,2.5845677421739672E-5,
3.045918320750785E-7,2.0424863074516395E-7,0.2110751905531019,0.7889063730185739,1.7927587861272888E-5,
1.9853034617648408E-7,8.419911071436073E-8,0.13996932380432214,0.8600024833040626,2.7910162158727247E-5,
6.621498368175325E-7,3.606294925613281E-7,0.265967442247729,0.7340010684013142,3.0466571627136958E-5,
1.0070521496579331E-9,8.794385544106688E-10,0.06442825506045216,0.9355702107927034,1.532260354351512E-6,
7.922356906829939E-10,1.6978511621594066E-9,0.0017170871349683923,0.9982822886270165,6.217479290425367E-7,
3.3260103974325506E-7,2.6919403670810696E-7,0.1981025601425342,0.8018819246018929,1.4913460497336606E-5,
2.494101942224942E-8,1.6375453820089152E-8,0.09144553563745159,0.90854234207145,1.2080974625034682E-5,
7.615725409551482E-8,6.265432922034965E-8,0.06577849315741613,0.9342061940582606,1.5173972739140261E-5,
1.5272043865044355E-8,8.228038968136161E-9,0.06743453125880759,0.9325597678410913,5.677400018858185E-6,
1.6425368954902988E-8,8.67422159742907E-9,0.07400273009598916,0.9259967356618949,5.091425271198661E-7,
1.0361148152668515E-8,1.3640039666700616E-9,0.05162419784871094,0.948374835124406,9.553017318100706E-7,
3.1561235648551264E-7,2.0664225994829014E-7,0.17992944825963147,0.8200602888058544,9.740679897603718E-6,
6.407132867687259E-7,6.020903336276072E-7,0.29771650431942087,0.7022610533292327,2.119954772530886E-5,
5.882977344318257E-7,3.5730234236173635E-7,0.3470478135376972,0.6529121877005619,3.905316166353747E-5,
1.0359544534399417E-6,6.522382911659832E-7,0.33857614321679363,0.6613956549788204,2.6513611642899918E-5,
7.225885130781848E-9,2.1071772344866475E-9,2.646454578874059E-5,0.9999734921233842,3.399776469684413E-8,
3.557522017205394E-11,9.860007994041773E-12,0.02578932598433782,0.9741983427220379,1.2331248189874777E-5,
1.406556128377252E-10,8.031501437586249E-11,5.1664184546012905E-6,0.9999948318436246,1.5169498680185836E-9,
1.9873676822229026E-7,1.615050268151781E-7,0.04110924217814924,0.9588694667335554,2.0930846499938655E-5,
1.7281692452274617E-7,8.169407765109464E-8,0.1502513385461587,0.8497109540468729,3.745289596691584E-5,
5.222288430645086E-7,4.1368102111738175E-7,0.25077141171613504,0.7491899698392656,3.768253473554175E-5,
8.067064496407767E-7,7.879579530267629E-7,0.32937595552799087,0.6705765045211024,4.5945286504826036E-5,
2.05790607789725E-9,1.1427085606864496E-9,0.2529141608147565,0.7470843578625584,1.4781220709483958E-6,
3.182125722064213E-7,3.314010840169161E-7,0.39744882670755927,0.6025179199519286,3.26037268562014E-5,
9.790828381603341E-11,1.598191746522502E-10,0.001410743302868276,0.9985892158949944,4.054441005445717E-8,
2.6409930638857746E-8,1.6751218385340856E-8,0.03040234894686306,0.9695820043919997,1.5603499987161776E-5,
4.773670311327469E-7,3.354582858645382E-7,0.18413809578132978,0.8158331916833594,2.789970999329407E-5,
3.699470586294136E-9,6.761532746534938E-9,2.4517342111180384E-5,0.9999748274127537,6.447841332099184E-7,
2.192365028287813E-7,1.4695589313507022E-7,0.13525694971383717,0.8647304119828704,1.2272110896304535E-5,
4.0323986095897166E-7,1.6169012981035044E-7,0.10393548857090608,0.8960336607938464,3.028570525678644E-5,
1.4030921873528645E-6,9.170490047789023E-7,0.26590882478879446,0.7340273791893344,6.147588067891817E-5,
2.586671906976248E-7,1.1445735357065316E-7,0.051013238686273166,0.9489700655100567,1.6322679125448976E-5,
6.326396269895139E-7,3.0650105706881245E-7,0.11484702201444498,0.8851091271477488,4.291169712273848E-5,
2.5272319286399487E-8,1.830128012962534E-8,0.04284519376990983,0.9571297067652739,2.5055891218645096E-5,
4.3371426853562455E-8,3.829540395694409E-8,0.1000767608747715,0.8999186301312051,4.5273271919589555E-6,
3.5426671141205666E-9,5.343529127963816E-10,0.007117527486898103,0.9928804936579213,1.9747781583423266E-6,
2.6490031390685815E-8,1.3144459272430356E-8,0.058882872712485636,0.9411122684052986,4.819247724984868E-6,
1.5799450891327068E-7,8.536266479885042E-8,0.07320400208088113,0.926792020852376,3.7337095693948197E-6,
2.4098445995712834E-7,2.4978451519634922E-8,0.01725832479529693,0.9827317366025057,9.672639286475728E-6,
1.6070455517794564E-7,1.2095304715632337E-7,0.05446387020228019,0.9455277376260156,8.11051410420445E-6,
2.9131511404938636E-7,2.905519100206623E-7,0.06484086256729704,0.9351418167726098,1.67387930685824E-5,
6.21661834782994E-7,7.922893707377007E-7,0.09426476642217493,0.9056891225416716,4.469708494723005E-5,
2.2951057096677498E-8,2.5845466069561493E-8,0.05139574229525137,0.9486009860461051,3.2228621212796587E-6,
1.0730740099573876E-7,1.2179959058584196E-7,0.05958173701111759,0.9404129827753066,5.051106584267235E-6,
5.533931004036857E-8,4.736175336107462E-8,0.11177537532427477,0.8882231589162809,1.3630583793888208E-6,
5.753819356288742E-8,2.2476157175405673E-8,0.07331525966690688,0.9266826087909417,2.051527797758428E-6,
8.912999613457895E-8,3.440215776348064E-8,0.2325815162400877,0.7674151628891158,3.197338642318862E-6,
7.745024561760827E-9,9.199551288496538E-10,0.009840623222241489,0.9901586700523921,6.980603859400631E-7,
1.7167795639262207E-8,7.132309221112239E-9,0.03948027907178509,0.9605181240301136,1.5725979963591093E-6,
1.7749625716125232E-8,6.512839964673974E-9,0.13694330618166287,0.8630555239310765,1.1456247933513026E-6,
4.0772028931677665E-7,3.931119110527318E-7,0.2896044709190496,0.710356129647424,3.8598601324840614E-5,
2.2970386566798402E-7,1.576620861497655E-7,0.2998925465900965,0.7000960635148291,1.1002529122012687E-5,
1.5670687556916643E-7,8.258379256164918E-8,0.29523815539838605,0.7047452894486832,1.631586226293161E-5,
5.5111358375167E-7,4.6030124925506776E-7,0.2887707002037164,0.7112229733954092,5.314986041245543E-6,
7.229347063184748E-11,1.1079841173273989E-11,0.0722190702304019,0.9277809230259453,6.660281288867228E-9,
3.4223146327843016E-9,1.77538693799103E-9,0.043657950575910355,0.9563419063710074,1.3785537764753406E-7,
4.925776395916896E-8,3.655749184713748E-8,0.07251919140371593,0.9274774230669978,3.299714031960018E-6,
4.5433463998588753E-8,3.016382297756981E-8,0.021879821605346322,0.9781186978593333,1.404938033158729E-6,
3.260892209873962E-13,1.803096222761251E-13,0.004424205663962859,0.9955757943183937,1.713616869967469E-11,
4.245974097828528E-9,3.260112567644832E-9,0.016833206449460833,0.9831662292650318,5.56779420394318E-7,
9.017210415737712E-9,3.1585778975125478E-9,0.007193317572950316,0.9928052192145769,1.4510366825325724E-6,
1.570716805589985E-8,5.830324641550459E-10,0.03050849284821217,0.9694887926616407,2.698199948278532E-6,
1.2678451762582544E-9,2.6698897953358633E-10,3.7707363632592688E-6,0.9999961999599674,2.7768834990724608E-8,
1.2120409207062817E-8,1.5564303155198727E-9,0.016084214250980156,0.9839074283167232,8.343755456856675E-6,
2.1649919199488204E-7,1.5079613983933109E-7,0.2151074770868732,0.7848846925868981,7.463030897162299E-6,
1.7927771739658567E-8,1.971869750880078E-8,9.022238078148324E-5,0.9999094634343262,2.76538423707632E-7,
1.6777854474897756E-10,9.310492182110467E-11,1.4132612495594093E-4,0.9998586686400333,4.974127400312716E-9,
1.2540356198325016E-7,1.1917827666264555E-7,0.06385035537528899,0.9361453925801271,4.0074627461041236E-6,
7.332187087572892E-8,2.461089541163645E-8,0.08351367899319004,0.9164820731670295,4.149907012701618E-6,
1.8461643812374772E-7,4.513003998036833E-8,0.052054992684465576,0.9479405641918787,4.2133771776752994E-6,
6.203962420984634E-8,2.3221172261755543E-8,0.23943871676413786,0.7605576333868239,3.5645882422471473E-6,
2.2856390209219342E-7,1.5853662850972962E-7,0.3638480363986705,0.6361345017339161,1.7074766883392312E-5,
1.2741229860135093E-7,5.080969649884043E-8,0.4327741922669594,0.5672107890763001,1.4840434746121566E-5,
1.7118371253497388E-7,8.784016916345567E-8,0.15317909962649656,0.8468155043427594,5.137006863077418E-6,
2.8204389848962587E-7,3.194142467480634E-7,0.2854974674746908,0.714470607054559,3.132401260427022E-5,
4.1381901258681415E-7,2.3999127813322865E-7,0.3322429369153255,0.6677408863593336,1.552291505077038E-5,
1.1469435678808799E-7,2.5754983387790807E-8,0.5109389948025566,0.48905912165532917,1.7430927746043145E-6,
7.478456526866799E-9,4.5927408345814595E-9,0.025208211548019156,0.9747841468815464,7.629499237609732E-6,
1.5291115432358227E-7,1.8874553068731594E-7,0.05478780308120616,0.945191217537461,2.0637724647857547E-5,
