
0.291969745451454, 0.17207890659427377, 0.17207890659427377, 0.17207890659427377, 0.1917935347657245, 
0.25189390251044874, 0.22205945477114247, 0.16770921648097212, 0.16770921648097212, 0.19062820975646458, 
0.25850303536801095, 0.235943684676685, 0.1803961952367879, 0.1803961952367879, 0.14476088948172847, 
0.23591020628128906, 0.2129806953451686, 0.17233219342291287, 0.17233219342291287, 0.2064447115277166, 
0.24417625239855065, 0.23128641952112938, 0.18723691799916517, 0.18723691799916517, 0.15006349208198969, 
0.24977423943153834, 0.2196093657039985, 0.18264794609081392, 0.2269309694619264, 0.12103747931172289, 
0.22374926220032823, 0.20211706878505922, 0.18238336779654604, 0.21494696422325296, 0.17680333699481354, 
0.23008043749370855, 0.2178502658657841, 0.18597629934668478, 0.22459792314421584, 0.14149507414960674, 
0.243078362027414, 0.20539802324939196, 0.17891070510703755, 0.239780735525002, 0.13283217409115444, 
0.2364120225873156, 0.2016955596088656, 0.1925849662341781, 0.2067285093316441, 0.1625789422379965, 
0.24053342800215413, 0.215000313496298, 0.18559127236521827, 0.25127908489413214, 0.10759590124219745, 
0.23841625547355588, 0.20943653265075604, 0.1880673973636834, 0.24828575684224086, 0.11579405766976399, 
0.23350832710830666, 0.21756359949643075, 0.19920652406390138, 0.23027670375179335, 0.11944484557956771, 
0.2576715373902249, 0.16928483667748176, 0.17797098391915311, 0.16332572169256185, 0.2317469203205783, 
0.22706997523111366, 0.21095270153371437, 0.18742789791169986, 0.27525153890806087, 0.0992978864154112, 
0.20021439526888268, 0.20568955207602393, 0.17867569797544114, 0.28365556976554424, 0.13176478491410804, 
0.22453784715323874, 0.19917771247014918, 0.19281420625444265, 0.22412595823377318, 0.15934427588839628, 
0.20753762389002076, 0.18459483916347405, 0.18664765430158428, 0.2300704465646323, 0.19114943608028864, 
0.2197202892928002, 0.20712382187595288, 0.1959062456239746, 0.24778531536794862, 0.1294643278393237, 
0.2175086579529965, 0.21459035748271266, 0.19479812164546423, 0.23523245546665242, 0.13787040745217422, 
0.20165860182869205, 0.22863667327001402, 0.18999430138919537, 0.25239639924049506, 0.12731402427160346, 
0.213427442153677, 0.21472557467720152, 0.1933538304225088, 0.24524753118050868, 0.13324562156610395, 
0.20985887349122942, 0.21886202777094244, 0.1890422353871163, 0.24451398868819932, 0.1377228746625126, 
0.2046407997665863, 0.20554050343264696, 0.19466599520403954, 0.28205800798396546, 0.11309469361276181, 
0.2099064344457812, 0.2157791600289557, 0.1906619233969594, 0.23658448242675376, 0.14706799970154996, 
0.22428253632747772, 0.20177535826121032, 0.19207651129398298, 0.24180833339984223, 0.14005726071748678, 
0.22706815746183157, 0.22963031010661486, 0.1902185089013366, 0.23158100195817707, 0.12150202157203992, 
0.19799415525118655, 0.2016312433140192, 0.21975408918497255, 0.20851767130565851, 0.17210284094416334, 
0.20671977306266212, 0.20641796124129855, 0.22800789996126083, 0.20090636559011538, 0.15794800014466304, 
0.19595778827739055, 0.19701390350240006, 0.2364662245651809, 0.25256643179442073, 0.11799565186060774, 
0.18711516744796944, 0.18473949415054045, 0.23006917906666308, 0.25551753198919563, 0.14255862734563143, 
0.2002686110323041, 0.19733158872703632, 0.24749278679130646, 0.174318413173304, 0.18058860027604917, 
0.1926129631654765, 0.1918203426127314, 0.25706774023003254, 0.25211412688840384, 0.10638482710335571, 
0.19705767566125523, 0.21627561799443618, 0.22178910452121256, 0.18803743268890571, 0.17684016913419032, 
0.2169135189544899, 0.21574103347004786, 0.23995690117313345, 0.19095085784118096, 0.13643768856114769, 
0.18909504580663786, 0.21768783577931958, 0.23499726564081883, 0.20034063216662146, 0.15787922060660228, 
0.19358836232776205, 0.19608220707364143, 0.2479347043451566, 0.22639970994694267, 0.1359950163064972, 
0.184106549996865, 0.1836303986379696, 0.2454065577759657, 0.256822208164646, 0.13003428542455372, 
0.22225785173889723, 0.1966944858652693, 0.25246686173521166, 0.2183146779933649, 0.11026612266725676, 
0.22509614330439767, 0.18805092606956073, 0.2309258430419692, 0.21084787409779984, 0.1450792134862726, 
0.20931669173694467, 0.17972439040269422, 0.2109318975071075, 0.1911688304460501, 0.2088581899072036, 
0.22196070587838168, 0.17586710095718366, 0.2141388780535517, 0.16613573331479942, 0.2218975817960836, 
0.15433595339554818, 0.16799645465191876, 0.2486372127248198, 0.31068593601712524, 0.11834444321058794, 
0.18531025952179894, 0.169675762617506, 0.22118872561460642, 0.19374960703112645, 0.2300756452149621, 
0.19504815791953417, 0.220776471582353, 0.22436858746895552, 0.1993341649074321, 0.1604726181217252, 
0.19831269253617007, 0.1870609090969161, 0.24828829365901064, 0.22900433296665387, 0.13733377174124925, 
0.19958657987639075, 0.16958084713063357, 0.2343674370700863, 0.2071767690864221, 0.18928836683646727, 
0.22256561525927476, 0.19324547402581144, 0.21767343125364558, 0.15093936945800682, 0.21557611000326143, 
0.23023379443569242, 0.1881201904918877, 0.24175606169108255, 0.21032338974394987, 0.1295665636373875, 
0.1901042289140075, 0.18951039160357233, 0.2616883472723106, 0.24658573046376867, 0.11211130174634085, 
0.2207977847228093, 0.1963583558459036, 0.2587461858582174, 0.20056413091625966, 0.12353354265680995, 
0.22766073014023608, 0.20141370998085484, 0.24435720312797976, 0.18824767810155166, 0.13832067864937764, 
0.17873764089136798, 0.18349638256654846, 0.24869446711331866, 0.25722896483120483, 0.13184254459756017, 
0.21572526322521487, 0.1974017857984642, 0.25139525981760824, 0.19517072502293684, 0.14030696613577595, 
0.2105120877715339, 0.20819012526136096, 0.24725288833238593, 0.2169522281948532, 0.11709267043986595, 
0.18883093130072595, 0.17594972209020546, 0.21272779112160695, 0.2187314522271428, 0.20376010326031893, 
0.22120335897789012, 0.1990637145724174, 0.24213679957434184, 0.21640249517747304, 0.12119363169787764, 
0.21689765743782924, 0.1958930673109013, 0.22811518048901644, 0.18699638902850516, 0.17209770573374786, 
0.18397836163675235, 0.20740032624692642, 0.2518893724529686, 0.22665995945888137, 0.13007198020447125, 
0.1890778441798412, 0.17118435568600782, 0.2182604314813301, 0.2267243964983598, 0.19475297215446125, 
0.17916966145323115, 0.18571666791080513, 0.26878406121462184, 0.24882628211034266, 0.11750332731099931, 
0.17326304209380589, 0.21213044872357215, 0.2638662786998032, 0.2319524091332719, 0.11878782134954671, 
0.22042236367915968, 0.22422181738487545, 0.24564656229191584, 0.1925248681722607, 0.1171843884717882, 
0.19866786289335578, 0.21417747457043837, 0.2582816873800799, 0.21793121979678087, 0.11094175535934504, 
0.1888557136288797, 0.21095067187493277, 0.2576244850657504, 0.21099056991856546, 0.13157855951187164, 
0.17968923467679884, 0.21446325196409782, 0.25937470155916303, 0.22913943156716002, 0.11733338023278021, 
0.2000718729668806, 0.18225600381285714, 0.23153716040880845, 0.24134957474407923, 0.14478538806737454, 
0.15786256974695376, 0.17703690993578047, 0.2500227255524068, 0.2649697004771641, 0.1501080942876949, 
0.1985539977237881, 0.17021749490354993, 0.19604379821650703, 0.19586971489704566, 0.23931499425910935, 
0.16933358186370917, 0.186568309834685, 0.23970816427392536, 0.26063506584493434, 0.14375487818274618, 
0.20081774935590152, 0.2076212961970001, 0.2234204835584516, 0.229738260780096, 0.13840221010855078, 
0.1896462437718962, 0.1924969477508533, 0.21956823750753995, 0.22990490150687148, 0.16838366946283914, 
0.19674271227443604, 0.2191350152351538, 0.23590430152721412, 0.20304865944538397, 0.14516931151781204, 
0.1862639504346727, 0.19254150077313947, 0.2679381055150338, 0.21793470466543793, 0.13532173861171606, 
0.18181638565400568, 0.18548420210030883, 0.27827220564131, 0.20642624226944356, 0.14800096433493187, 
0.21586811943409012, 0.19050937360240383, 0.24853160240708227, 0.20500801385851575, 0.14008289069790802, 
0.2018168495335572, 0.20415662599660397, 0.24861990409568735, 0.2106743450955631, 0.13473227527858833, 
0.1809920102410799, 0.19767480979610466, 0.2506241832626281, 0.22239506574173143, 0.1483139309584559, 
0.16992487548632634, 0.20629435157100487, 0.2625724619187866, 0.22857596764252125, 0.13263234338136098, 
0.19633800770884988, 0.21598011179385246, 0.2524237727778964, 0.19783617034966436, 0.13742193736973682, 
0.20267247430606572, 0.19891367185584752, 0.2505119250563793, 0.21411631796136715, 0.13378561082034016, 
0.17907134649403927, 0.19129996291751952, 0.2825658794858678, 0.23396600214724214, 0.11309680895533118, 
0.18045121535394715, 0.18297989747815546, 0.2521027895459244, 0.24484018526828613, 0.13962591235368693, 
0.20564101247281596, 0.218242788163801, 0.23620062330752692, 0.15910907361677584, 0.1808065024390803, 
0.16652126592287542, 0.2001082138312118, 0.2536278434998478, 0.22784054109390478, 0.15190213565216018, 
0.18118960026995198, 0.18126368474570195, 0.25683663144503704, 0.2158776871413646, 0.16483239639794436, 
0.17490770802793115, 0.18191469213336478, 0.26589049029308637, 0.23001491196379595, 0.1472721975818218, 
0.20948784643367824, 0.2155850006647834, 0.2789943380209962, 0.18573790616323557, 0.11019490871730651, 
0.1923231329020624, 0.21078329571686916, 0.2674002298254433, 0.19106254703383546, 0.13843079452178966, 
0.15495301293281966, 0.1775351270200426, 0.26320264261070414, 0.26233412149051166, 0.14197509594592192, 
0.20739951944695448, 0.20726979136024118, 0.2596640754976799, 0.20644850221460845, 0.1192181114805161, 
0.1772399096978161, 0.1715593748815457, 0.26828798479983346, 0.24265751969126007, 0.14025521092954457, 
0.19710252945482548, 0.1924296715208187, 0.2829713146184288, 0.20753535861896064, 0.11996112578696648, 
0.19694541459349396, 0.18904694397095342, 0.2658661552130071, 0.20310200119716915, 0.14503948502537636, 
0.2344015034459875, 0.18646320578214343, 0.23435515890249498, 0.1798284652907497, 0.16495166657862442, 
0.2026826126689494, 0.20628217405978608, 0.27035777514414727, 0.17245707213419428, 0.14822036599292296, 
0.20250274489749998, 0.19965604045187266, 0.26647871965662606, 0.2238737024748835, 0.10748879251911773, 
0.19323181885855129, 0.21265464091720343, 0.2737934878453346, 0.17071690158141084, 0.14960315079749986, 
0.1908023296231302, 0.2168888208646433, 0.28074023348987615, 0.18430279017650758, 0.12726582584584276, 
0.17416814663935035, 0.1919907105980735, 0.2888544715839845, 0.21690575537350038, 0.12808091580509146, 
0.22058172835020196, 0.18109511217461335, 0.24780728409649022, 0.16443421536175293, 0.1860816600169416, 
0.17987380734412614, 0.1778091587865827, 0.28085026956805037, 0.2361962306107308, 0.1252705336905098, 
0.1913398669859847, 0.1917166643811783, 0.27240420319979114, 0.19447910497166798, 0.15006016046137774, 
0.19661561694464094, 0.2048600224621753, 0.25241463210430665, 0.22077271803747284, 0.12533701045140433, 
0.19961791712129398, 0.2014795122751932, 0.255336551272407, 0.22128742119585623, 0.1222785981352496, 
0.1943906641099431, 0.1906379156611528, 0.24620833244080959, 0.23440255762039394, 0.13436053016770058, 
0.20556344341148566, 0.21123859711960474, 0.2753047156855126, 0.19399607915205763, 0.11389716463133928, 
0.2012751520616555, 0.21123247412893692, 0.2777153615661934, 0.16358420696910847, 0.1461928052741056, 
0.17946353236155654, 0.1956567107997302, 0.2744234875889252, 0.2320513538913889, 0.11840491535839927, 
0.17566641050027498, 0.20413195886295588, 0.26299460263730934, 0.2193236975534179, 0.13788333044604187, 
0.17011418233215725, 0.20132212214454281, 0.27464471122071127, 0.22194179099116787, 0.13197719331142077, 
0.1697855976332315, 0.20640688635807633, 0.2595330187033038, 0.19608282165117505, 0.1681916756542133, 
0.1927117474623688, 0.1972951203775342, 0.2526326055477726, 0.23777818287811278, 0.11958234373421164, 
0.2062938860421343, 0.1758530606465639, 0.1995987146842444, 0.19424909718451594, 0.2240052414425415, 
0.16423912166729923, 0.17194036953239702, 0.2620622950126096, 0.2696882826657033, 0.13206993112199084, 
0.17404790011814045, 0.19418588427821265, 0.26302733560635977, 0.20382783932795892, 0.16491104066932824, 
0.17273971790518697, 0.15990363492064052, 0.2502992107596842, 0.26134304090916105, 0.1557143955053273, 
0.1807505492459239, 0.18760196111013236, 0.2556903665222353, 0.23636310599321725, 0.13959401712849115, 
0.15402142036258376, 0.17183844818497548, 0.2782744673261815, 0.25064221707348355, 0.14522344705277573, 
0.1712857865052031, 0.19746842061723513, 0.2880423396283685, 0.22488657487233796, 0.11831687837685545, 
0.17674914789808688, 0.19643313719429767, 0.29860923794649247, 0.19354232337522895, 0.13466615358589407, 
0.20856283154842287, 0.19375877243935102, 0.2609695258754977, 0.2134383382472198, 0.12327053188950855, 
0.18172086901137105, 0.20055552724217462, 0.29570716703539335, 0.18211746838514908, 0.1398989683259119, 
0.1890562693202988, 0.2201221372947169, 0.28832181720422095, 0.17070731929809807, 0.13179245688266525, 
0.17830752053362503, 0.20566975580302574, 0.29894004971543514, 0.1951085254440672, 0.12197414850384704, 
0.16662047454202059, 0.21412366556073553, 0.3166572839226358, 0.17901289943526494, 0.12358567653934313, 
0.1959991944555583, 0.2029755965813067, 0.25191105868440217, 0.21108725120296823, 0.1380268990757646, 
0.16235098984854435, 0.14802383820340412, 0.25318890726958915, 0.2393855758065783, 0.19705068887188415, 
0.1763193127892583, 0.1926872735039986, 0.3032098137777299, 0.19179809099478828, 0.13598550893422479, 
0.18986479159068248, 0.19257100971340693, 0.2579491197728956, 0.18354176143079942, 0.1760733174922155, 
0.17235454976421835, 0.1893546809880541, 0.30211346601283545, 0.2251816749346494, 0.11099562830024258, 
0.19931161224885438, 0.20012446670828035, 0.27416314402550285, 0.2253708545951766, 0.10102992242218575, 
0.16194817490932037, 0.17836135347203, 0.26516491653542906, 0.2348238233067351, 0.15970173177648558, 
0.1859042027854497, 0.1779596399283945, 0.25368938077139563, 0.20243371627279058, 0.18001306024196972, 
0.1485309317107001, 0.16635052791607124, 0.27251518204702624, 0.22880631243096414, 0.1837970458952382, 
0.16156217881770202, 0.17731927316433727, 0.2731461963226843, 0.20853657557712316, 0.17943577611815337, 
0.17658326676760705, 0.18537226701122014, 0.28818413449435504, 0.21159639813936285, 0.13826393358745495, 
0.18120964240242385, 0.19861449538107873, 0.27674364549332475, 0.22237169777770976, 0.12106051894546292, 
0.17438713255370794, 0.18885258143143852, 0.2751595267274227, 0.20100478855461268, 0.16059597073281817, 
0.19184335573606934, 0.1855218855194035, 0.25887198760182906, 0.21982604919899557, 0.1439367219437026, 
0.14021458221124036, 0.17233624610280115, 0.2941872152749478, 0.18850920966203022, 0.20475274674898053, 
0.1835484533249395, 0.20682194052449918, 0.24628476167391058, 0.17469804956581492, 0.18864679491083586, 
0.17313569832065392, 0.17967350859300715, 0.28079868687279036, 0.20104526441820286, 0.16534684179534573, 
0.14495894865036701, 0.17499228539786582, 0.29923474822984225, 0.2226498715795154, 0.15816414614240962, 
0.18925512148306164, 0.19118323053395295, 0.2912472604982219, 0.1714603729371372, 0.1568540145476261, 
0.15853104007108546, 0.18357732196744328, 0.30669655600913864, 0.21204922683748734, 0.13914585511484528, 
0.1793180516251184, 0.1957309376591338, 0.3013882659939466, 0.18464341676770046, 0.1389193279541008, 
0.1513850340990485, 0.17488926136778676, 0.2971849738550642, 0.2656344529834971, 0.11090627769460354, 
0.17559509127199982, 0.2037905628577033, 0.29848914700895074, 0.20350218551745247, 0.11862301334389372, 
0.18775744154887025, 0.20479384422646948, 0.27497469621082743, 0.19004161939867112, 0.14243239861516155, 
0.17316980305026086, 0.17013225778313798, 0.2831313941155905, 0.21921866676968663, 0.15434787828132393, 
0.18154742812852778, 0.17626780071517326, 0.29734000162006274, 0.19253472912032008, 0.1523100404159162, 
0.19256490363114315, 0.2012537796957527, 0.2626789888328128, 0.2056142127686689, 0.1378881150716223, 
0.18992193512004288, 0.1982920422180252, 0.27180881334815327, 0.22163159141478528, 0.1183456178989935, 
0.19653366244413223, 0.19117425294119306, 0.2566000534579031, 0.2192224300757662, 0.1364696010810054, 
0.18992116589775843, 0.19686719791688356, 0.2701493775514355, 0.22404004205287092, 0.11902221658105144, 
0.18021102439461367, 0.20604865912117348, 0.2894497323851752, 0.18686008963901357, 0.13743049446002412, 
0.15286849048326218, 0.19161207316596932, 0.2964021686123327, 0.2162027221401619, 0.14291454559827402, 
0.19565366740794038, 0.17122000356628989, 0.25483704007186875, 0.22257751807868886, 0.15571177087521237, 
0.16489103095625857, 0.17397584375214095, 0.26547481769097664, 0.2181482146742805, 0.17751009292634332, 
0.16288284641889456, 0.1718760839040868, 0.2866175156174383, 0.24230722098063126, 0.13631633307894914, 
0.18687110267312368, 0.20357328782596373, 0.27603579996475597, 0.21119985137111352, 0.12231995816504306, 
0.15816695528716174, 0.1664705481960122, 0.2768391831360114, 0.22828423466256778, 0.17023907871824687, 
0.1564519755405888, 0.17401935091240145, 0.28682016031171487, 0.24015043036810452, 0.14255808286719038, 
0.17047372595422886, 0.1820280534443028, 0.2800813171537505, 0.2354894068597186, 0.1319274965879993, 
0.18498398442477396, 0.21758901701596262, 0.26733356412736325, 0.1501308417693956, 0.1799625926625045, 
0.169928603518088, 0.21225986528778235, 0.29684432168927033, 0.20220240018182686, 0.11876480932303261, 
0.1442666671814564, 0.16304128361039458, 0.2841518939763282, 0.27077179844437144, 0.13776835678744936, 
0.18743900553272191, 0.17809003761561512, 0.24391160130591752, 0.19712617344245192, 0.1934331821032935, 
0.15164566824759823, 0.1803642339219983, 0.3065982244629989, 0.2295014070962931, 0.1318904662711114, 
0.17697819940329043, 0.194187392648678, 0.279043795677233, 0.21442388361005915, 0.13536672866073943, 
0.18295002487012638, 0.19417316599909787, 0.26783087444693016, 0.21262496870248615, 0.14242096598135942, 
0.1851530189541198, 0.19384478614398853, 0.27668649417380187, 0.21389393757248829, 0.13042176315560147, 
0.1780394123257573, 0.1815535838965291, 0.2892978351017615, 0.25085980808884584, 0.1002493605871063, 
0.17032320460859396, 0.18433480088439602, 0.3053298646105352, 0.22886782351827414, 0.11114430637820076, 
0.16389914655473767, 0.18684462307963515, 0.2864049190900141, 0.23022031618472152, 0.13263099509089163, 
0.1654541323619501, 0.1714909340420141, 0.29571078958102437, 0.2390186944894348, 0.12832544952557676, 
0.16467300507592295, 0.16324602683472791, 0.2967271439465007, 0.25117792709423536, 0.12417589704861313, 
0.19324957396251724, 0.1951664716389155, 0.3136664275162359, 0.1710363811029078, 0.1268811457794234, 
0.15612557943795502, 0.18239662853895536, 0.2940064428485043, 0.21661702407058261, 0.15085432510400276, 
0.16217536234016802, 0.18217896547659285, 0.2588246906297084, 0.2504892757697288, 0.14633170578380184, 
0.1896666383809301, 0.1907181917573773, 0.23766738879975124, 0.18696176321677901, 0.19498601784516234, 
0.17330879501237564, 0.16369650687874895, 0.23933963126704028, 0.2465205484928713, 0.17713451834896382, 
0.20073309508073628, 0.19095239044988915, 0.22135288148738022, 0.21496460649352844, 0.17199702648846593, 
0.1801938806331967, 0.19269496099391417, 0.25435882234124174, 0.24110034339719305, 0.13165199263445426, 
0.16509110329768445, 0.18749555475874163, 0.24130944199728752, 0.2403332165239399, 0.1657706834223465, 
0.18481236328517203, 0.18960267288099134, 0.24883537319147123, 0.20873188569905546, 0.1680177049433099, 
0.20984533957205856, 0.2041951733016028, 0.26450690485606027, 0.20662862493749962, 0.11482395733277881, 
0.20429751411939362, 0.20149934208763362, 0.21781054812683273, 0.19512006762856338, 0.18127252803757668, 
0.19291588908459387, 0.20133150655558105, 0.21726981284204716, 0.21118576906999847, 0.1772970224477793, 
0.19557434617621539, 0.22315896113434702, 0.23995023032500565, 0.18855691563116675, 0.15275954673326522, 
0.16214443181352306, 0.18148897040943712, 0.2647359246579838, 0.2628582931933958, 0.12877237992566018, 
0.2065556985562908, 0.2243600356734941, 0.2944720159095754, 0.1623096671984158, 0.1123025826622239, 
0.193573939388122, 0.22698433384614944, 0.27769368994518906, 0.1650092379822817, 0.13673879883825774, 
0.20147249914231885, 0.18488156680902312, 0.22651039583044316, 0.1664401886149453, 0.22069534960326964, 
0.1826966103427455, 0.18814013531407733, 0.26304279520574764, 0.211123047529212, 0.15499741160821762, 
0.15182671641446677, 0.15855963140643042, 0.2862203925761042, 0.26679529585932826, 0.1365979637436703, 
0.17919999250180957, 0.20427812112702862, 0.2592849548078008, 0.19975995005889297, 0.15747698150446815, 
0.19698997140858393, 0.18734289832960246, 0.24564018808272123, 0.19473034892763086, 0.1752965932514615, 
0.16592715418875723, 0.1944693960976135, 0.276524431898066, 0.22075891077265022, 0.14232010704291284, 
0.15699144073118274, 0.15648936071900157, 0.2837491890375537, 0.2444167972073293, 0.15835321230493282, 
0.16105146523734884, 0.17854243465866984, 0.29534107074843596, 0.22611928329292247, 0.13894574606262297, 
0.17563088913085753, 0.18572831598323808, 0.29193471673632154, 0.24186313034674872, 0.10484294780283403, 
0.16030946497640844, 0.16672242607056856, 0.28769544044739, 0.23486829420740668, 0.1504043742982264, 
0.16479252544578685, 0.1800595905022935, 0.2957091532947522, 0.22878086484600033, 0.13065786591116713, 
0.1664628166683059, 0.18540400153314715, 0.2683705381698415, 0.23347399300997881, 0.14628865061872665, 
0.1831656060985529, 0.19758092685231976, 0.2589841553350174, 0.1501063933007617, 0.2101629184133482, 
0.16556350268666836, 0.15780128450885167, 0.2702666192751031, 0.2679552841420838, 0.13841330938729304, 
0.16904435742298715, 0.16540223615742836, 0.27869836248293095, 0.23332195207913775, 0.1535330918575159, 
0.16258359230184072, 0.16187109467598274, 0.27706689727632683, 0.2603265113214316, 0.1381519044244181, 
0.14777025466061314, 0.1558413083703869, 0.2874377686259158, 0.2594350397170995, 0.14951562862598464, 
0.16865203773207474, 0.1842250777952527, 0.26771121369211, 0.2538162162215703, 0.12559545455899213, 
0.1525272054137941, 0.14874925941857367, 0.27234316159643984, 0.2753493562620603, 0.1510310173091321, 
0.15304859607041055, 0.17261869421296921, 0.25171346371100084, 0.26928042018237414, 0.1533388258232452, 
0.16603203870299144, 0.16734512038407084, 0.2696254517055882, 0.21671082667249275, 0.18028656253485667, 
0.15482082159093674, 0.1521838581552964, 0.27088040709013145, 0.23953531299642233, 0.18257960016721306, 
0.19385824698415996, 0.18529246931467724, 0.2633879506797053, 0.17272699020182558, 0.18473434281963197, 
0.20219799248865106, 0.17862052873887785, 0.25750045344583916, 0.18950862371001784, 0.172172401616614, 
0.19743085207249828, 0.18958580595741276, 0.26557618833707025, 0.17195744225132734, 0.17544971138169146, 
0.17363577623442356, 0.18471220295746119, 0.2443734924798886, 0.21771465482960314, 0.17956387349862368, 
0.14481081628742037, 0.18634026775505283, 0.2761026813899395, 0.26636341671405345, 0.12638281785353386, 
0.18709861977746953, 0.18706081815313066, 0.23357002634659002, 0.18494074306567176, 0.20732979265713794, 
0.2122279713968547, 0.1767455981346631, 0.27848189651105987, 0.20892689999351582, 0.1236176339639065, 
0.16074603886352762, 0.19788650569544508, 0.24364683584075927, 0.2215925315089997, 0.1761280880912683, 
0.182858810868208, 0.1702876491885275, 0.29957963053105346, 0.2080114432942346, 0.1392624661179765, 
0.15884578293400853, 0.19883800191653592, 0.28748211138453034, 0.23421686662013977, 0.1206172371447855, 
0.17692831712191948, 0.20815335348945924, 0.27179355261172106, 0.17147771786449853, 0.17164705891240178, 
0.16623161226942385, 0.1961574315560358, 0.2810118245577218, 0.18977908812553781, 0.16682004349128077, 
0.14990276217130719, 0.20179913470217128, 0.2904877930055293, 0.21310074721032332, 0.1447095629106689, 
0.17121140646006783, 0.2211584587988159, 0.2626064852855726, 0.19727282946525987, 0.14775081999028383, 
0.20625878122428745, 0.21500583624125555, 0.2855666562109822, 0.17498829622471845, 0.11818043009875626, 
0.19938124231361792, 0.22203084390835684, 0.27773007643557046, 0.1707889458398415, 0.13006889150261328, 
0.16606574081244976, 0.18632953379481035, 0.27845934878358575, 0.1838099048721437, 0.18533547173701043, 
0.21750698746956681, 0.1957217092064846, 0.2946989111826511, 0.14574237517432945, 0.14633001696696804, 
0.18174420984560394, 0.2195256072951562, 0.2775827895926332, 0.19294527832623024, 0.12820211494037648, 
0.1481499525752657, 0.17456731976947165, 0.26705670144059124, 0.23357954599541528, 0.17664648021925608, 
0.1952598486150128, 0.19850788070995157, 0.28383851942001437, 0.2054138756164041, 0.11697987563861709, 
0.17838753526166365, 0.18461435191316514, 0.2611715533820609, 0.24884678063873994, 0.12697977880437045, 
0.16029010494464868, 0.18127839078272953, 0.26250947823196924, 0.23882312304612413, 0.15709890299452833, 
0.16915081501156204, 0.18280354989467068, 0.2701584031051378, 0.22936009043305072, 0.14852714155557875, 
0.15674613510968605, 0.18205256650983442, 0.2641162747817469, 0.23371785512676296, 0.16336716847196958, 
0.17481587286815595, 0.18343362218245407, 0.24972348480504103, 0.23674387625960713, 0.1552831438847418, 
0.16897479121250086, 0.16145540938938746, 0.29187950096405574, 0.1750545873189822, 0.20263571111507359, 
0.17709937408845208, 0.16487788839779702, 0.309565920478374, 0.1830286805883954, 0.1654281364469815, 
0.2103207608577369, 0.1753272491169178, 0.2524703165813234, 0.17091444357199737, 0.19096722987202458, 
0.1689629103060085, 0.17200975319622036, 0.29031824121745275, 0.1853051794201779, 0.18340391586014057, 
0.16255891732132244, 0.1790291700626023, 0.25387102543162376, 0.22917914516471855, 0.17536174201973292, 
0.17109213507418627, 0.1590579771104162, 0.270749148180011, 0.2224436922997962, 0.17665704733559032, 
0.1656587239497274, 0.175776583946606, 0.2748650870921898, 0.19534082157919838, 0.18835878343227827, 
0.1396443339712357, 0.16537443811391503, 0.29357324137886953, 0.2406903076490655, 0.16071767888691416, 
0.18030569384932796, 0.17257061302521273, 0.26784878601989104, 0.19789708715099372, 0.18137781995457444, 
0.21036837201825567, 0.188340774764868, 0.2747204171484791, 0.17095305361593408, 0.155617382452463, 
0.17721561289778634, 0.1685401637593206, 0.33350035459331395, 0.1956115929892064, 0.12513227576037264, 
0.19584245419751262, 0.1922578896981913, 0.282053839803294, 0.2129214346971543, 0.11692438160384794, 
0.1765078731782654, 0.18298056702461207, 0.2773564496856875, 0.17673129321521944, 0.1864238168962156, 
0.18171202641437784, 0.20608257962388166, 0.28857150699756046, 0.18051369445867532, 0.14312019250550484, 
0.1519286323499145, 0.17865758679375293, 0.2999935298192933, 0.21133718842438148, 0.15808306261265784, 
0.1764008580885558, 0.15080784159358343, 0.319584971590706, 0.17715929954825418, 0.17604702917890055, 
0.15464690881144139, 0.14864950117365625, 0.3384873793333234, 0.1946114241408086, 0.16360478654077032, 
0.1988917624482821, 0.17641728011170574, 0.3010230280967498, 0.16235513926983078, 0.16131279007343155, 
0.14693873747524094, 0.188390985012284, 0.28920921017013007, 0.1835091703980562, 0.19195189694428888, 
0.1477870533605923, 0.182548822974782, 0.32304856110245334, 0.20038198516167724, 0.14623357740049517, 
0.16953760001729176, 0.18985021084138423, 0.23413786418744503, 0.18889058928071217, 0.21758373567316688, 
0.17240786516411616, 0.1608076961693839, 0.2967176849674568, 0.23626955162423918, 0.13379720207480414, 
0.1821117563614686, 0.19986664192009992, 0.29214214979888603, 0.20109050818902924, 0.12478894373051617, 
0.14337159858517215, 0.16531109203812264, 0.30284251110088434, 0.2226642661351233, 0.16581053214069766, 
0.17313515629128573, 0.19243425735583547, 0.2503743347278905, 0.21137516088948194, 0.17268109073550636, 
0.17361843790722367, 0.19820582565501804, 0.2578713526364479, 0.2185402339115198, 0.1517641498897907, 
0.2092972735744654, 0.2193224545570596, 0.25904489580687345, 0.16832200623083327, 0.1440133698307683, 
0.21042048229427063, 0.22105343332231747, 0.26540887055817625, 0.17869536216687898, 0.1244218516583567, 
0.1522096932468739, 0.1897143432741136, 0.278511967974117, 0.2615264644367285, 0.11803753106816708, 
0.2039792917736163, 0.21366210539231828, 0.26066837830768774, 0.20649581567305175, 0.1151944088533259, 
0.19574969963536815, 0.190000826753045, 0.24214699734802944, 0.24061076962512162, 0.1314917066384358, 
0.16016145868826584, 0.19086992507483533, 0.2367471077903882, 0.22588745909995706, 0.18633404934655354, 
0.19589834504820858, 0.1889968657120901, 0.2140624036628759, 0.19744708858353752, 0.20359529699328793, 
0.1898002277804099, 0.19129633128695173, 0.21640649863811037, 0.20093219257568337, 0.2015647497188448, 
0.17472498513899629, 0.20347866183889837, 0.23630189906216367, 0.21820161398095608, 0.16729283997898564, 
0.18878613328605903, 0.21081559927920385, 0.24908338856718118, 0.2108519936759351, 0.14046288519162087, 
0.18133416312014353, 0.19839347993384185, 0.23227802875191228, 0.22404750788881458, 0.16394682030528776, 
0.16089992053155272, 0.17136824657503125, 0.24226011866565508, 0.23137741459686714, 0.19409429963089395, 
0.1719858914395628, 0.17478351727795888, 0.2576907959817786, 0.2178878896789683, 0.17765190562173142, 
0.1917899379882086, 0.21038847558408244, 0.2389226532085651, 0.18609245896781018, 0.1728064742513337, 
0.15524882150918792, 0.1619277922000014, 0.2829921721817375, 0.25470245768558847, 0.14512875642348466, 
0.18451060878251593, 0.17921346040696848, 0.23688065298981353, 0.21337046830452758, 0.18602480951617442, 
0.2106772169962778, 0.20356502590365258, 0.25316448599272534, 0.1697994460321012, 0.16279382507524312, 
0.169807980994582, 0.18355833881659842, 0.25117199126194434, 0.22418915850885474, 0.17127253041802054, 
0.1682752829716444, 0.1792029190521888, 0.27093176074225306, 0.231856926180565, 0.14973311105334877, 
0.15230624053522504, 0.17131283754745313, 0.2984482469455888, 0.22424866302805782, 0.15368401194367526, 
0.18757058491238415, 0.19253821500901094, 0.2708236905528266, 0.22206140657059245, 0.12700610295518586, 
0.18893292777496112, 0.2087073978717511, 0.2376210116093836, 0.20715249255976903, 0.15758617018413512, 
0.17765209412159721, 0.18736066869029333, 0.2533177079857719, 0.22442244314695517, 0.15724708605538243, 
0.20637952247677757, 0.1993903247596935, 0.2397544320453337, 0.20363123539462633, 0.15084448532356892, 
0.21835971729993642, 0.18475671054434034, 0.2250581063574664, 0.21308690977783337, 0.15873855602042336, 
0.19871720479871513, 0.20313120981354446, 0.2502047289412925, 0.21487959317596286, 0.13306726327048513, 
0.1701112214803003, 0.1827862177068253, 0.2677757592823301, 0.24247131327899912, 0.13685548825154528, 
0.17244178328943732, 0.1954144224463332, 0.26869528813894183, 0.23724237687213895, 0.12620612925314867, 
0.1754086728870153, 0.16993489858684632, 0.27123175460761617, 0.18635358721547454, 0.1970710867030477, 
0.1703059854683916, 0.1724635424707871, 0.3108167174939455, 0.21144092636863704, 0.13497282819823866, 
0.194628169075991, 0.18461807693481228, 0.26659855695852, 0.2089634387346317, 0.14519175829604497, 
0.17396743016965552, 0.1803037773688492, 0.2545396251212276, 0.22237007229029984, 0.16881909504996787, 
0.1821704410289531, 0.1696013875004062, 0.2623686163421158, 0.20387545557505302, 0.18198409955347186, 
0.1646304648067916, 0.18289419450201408, 0.2809603206033558, 0.21479797486883156, 0.15671704521900698, 
0.17730363314891057, 0.19428199331646234, 0.26901462919958125, 0.17928907212171238, 0.1801106722133335, 
0.16346571160928752, 0.17133817152594694, 0.27837088680411987, 0.21449018622300386, 0.17233504383764203, 
0.17160205447934873, 0.19152190232121952, 0.25189066576746577, 0.20424014110190852, 0.1807452363300574, 
0.17770669610220494, 0.19188182915138674, 0.2777094798927922, 0.2341656658201269, 0.11853632903348921, 
0.16046102188687134, 0.17367067843986794, 0.2680143988905969, 0.23868695404072954, 0.1591669467419343, 
0.19235846719168317, 0.18730049278843233, 0.2615281896040598, 0.1666107557226813, 0.19220209469314334, 
0.20110719515160597, 0.19303863686175374, 0.2555827339410417, 0.22291526094765138, 0.1273561730979472, 
0.1615494202917939, 0.19157611643552586, 0.23052519373684557, 0.24847780159615604, 0.1678714679396786, 
0.1558305421329876, 0.16466436375083623, 0.2448943366712167, 0.24546616675919133, 0.18914459068576817, 
0.15622108652301342, 0.17255409567336036, 0.25562407353552524, 0.2528288844385328, 0.16277185982956824, 
0.17160880607092843, 0.16577714948248348, 0.25629744329781684, 0.2191990880591506, 0.18711751308962069, 
0.16877491631629532, 0.19508344897488203, 0.2804236095520671, 0.18601009408833988, 0.16970793106841575, 
0.18197438812386485, 0.17189461271266257, 0.24196193127461313, 0.2179189011750039, 0.1862501667138556, 
0.16457739274204333, 0.16862357439523398, 0.2813783761593788, 0.23230898140643205, 0.1531116752969119, 
0.16722348441028603, 0.16384864648147301, 0.28619671904452243, 0.25528951864614186, 0.12744163141757683, 
0.17018616480724888, 0.2046804002812251, 0.22909691759459908, 0.2150851937789458, 0.18095132353798105, 
0.1595465948414453, 0.18576104631313892, 0.25782806573746464, 0.26243211070541095, 0.13443218240254023, 
0.20990031684247762, 0.18829896777765154, 0.23434857825870156, 0.1854134262176861, 0.18203871090348306, 
0.19330265812671327, 0.2004562279049206, 0.26523704446255475, 0.2174319877636684, 0.12357208174214294, 
0.20665424602972784, 0.18427874215657117, 0.22303902649327081, 0.17761633390430073, 0.20841165141612947, 
0.19391848370082582, 0.18985134049230454, 0.2770892367937861, 0.22537923420446804, 0.11376170480861553, 
0.17680318263370534, 0.18672916028676778, 0.2603515159105135, 0.2103983182056616, 0.16571782296335175, 
0.18404949693842446, 0.19942669937396668, 0.2629946603453055, 0.1942736822220437, 0.1592554611202598, 
0.17035836753035832, 0.19608405313833666, 0.2698872424399058, 0.19933306467720144, 0.16433727221419775, 
0.162305221273539, 0.21454298845351838, 0.2519586044510074, 0.18085723185027827, 0.19033595397165712, 
0.15259281144972486, 0.17953295090504978, 0.2790484668930724, 0.19303940520493948, 0.1957863655472135, 
0.19792376036816148, 0.1942522243470843, 0.2713368050954621, 0.1660806211938396, 0.1704065889954527, 
0.18663609673768275, 0.18617043574754852, 0.30049331205142266, 0.20389073666070198, 0.12280941880264394, 
0.16198866640837048, 0.16546642961047897, 0.30049402339641135, 0.22932420441937312, 0.14272667616536594, 
0.19912424744159649, 0.19221736821255558, 0.2668430745494933, 0.21599366893568503, 0.12582164086066963, 
0.16629385089449278, 0.17235140720353762, 0.2922148384371993, 0.2175074294867251, 0.15163247397804522, 
0.1733863162188206, 0.19725932540490326, 0.2667858712155991, 0.22711278079896033, 0.13545570636171675, 
0.17435070015721507, 0.18082596846909754, 0.2903414760299743, 0.21084609906979931, 0.14363575627391362, 
0.16738353922663596, 0.1685430843395675, 0.2661565252464662, 0.22688532365763217, 0.1710315275296982, 
0.16893454753267897, 0.20152414478094738, 0.2742614968918269, 0.18431822334178172, 0.17096158745276516, 
0.2015962829309246, 0.1978323970370733, 0.3074826129940802, 0.16533068929311787, 0.1277580177448039, 
0.17532348333063047, 0.16749577551367315, 0.31219677261586787, 0.2056507485965241, 0.1393332199433044, 
0.20046890990647373, 0.1997877449650756, 0.2718666829656217, 0.18134973754847264, 0.1465269246143563, 
0.17568983886676573, 0.17324934535280803, 0.271460724476854, 0.18851180980506385, 0.19108828149850843, 
0.17914176942737461, 0.1810647748899508, 0.29774316404648216, 0.19592930175440496, 0.14612098988178754, 
0.17833956572101134, 0.18463103207917883, 0.28813429729962153, 0.2285504883288644, 0.12034461657132392, 
0.1614444215775598, 0.1965551325834116, 0.2978291618537445, 0.19621820330789272, 0.1479530806773914, 
0.16359785013413652, 0.18276783919312256, 0.272458519343036, 0.2433192787656514, 0.13785651256405354, 
0.16905344589409949, 0.20857274032771406, 0.24621299862807092, 0.22302869245181597, 0.15313212269829957, 
0.18414205437917722, 0.21644721118902238, 0.24989416553560684, 0.21504187944998698, 0.13447468944620652, 
0.15459734634707195, 0.22513566710642072, 0.20554616807520956, 0.22264896076410395, 0.19207185770719384, 
0.1570034178617056, 0.1804859029397425, 0.2078326105232243, 0.19869309845634986, 0.2559849702189777, 
0.18052346669200475, 0.17244743761170936, 0.2243261639812747, 0.2181168674722524, 0.2045860642427588, 
0.18754026682327612, 0.22671966031072016, 0.2115131941821761, 0.16569958406844457, 0.20852729461538297, 
0.18832602659536413, 0.18840081208364895, 0.23850478119878024, 0.23001728468312105, 0.15475109543908563, 
0.1558531410515731, 0.15638652575203285, 0.22139076250576542, 0.24573147519447205, 0.2206380954961565, 
0.1753748823476038, 0.21996704216156174, 0.20796964935675816, 0.16698228526785416, 0.22970614086622201, 
0.15915453100587024, 0.2074320808379902, 0.25061365117223106, 0.2174646906626399, 0.16533504632126858, 
0.15070221494057107, 0.1677080702792292, 0.25409389402328036, 0.2652915069946089, 0.16220431376231043, 
0.14740590446110893, 0.1604479457655785, 0.2563736430897538, 0.2514955398569474, 0.18427696682661143, 
0.1578970767247703, 0.16563740354298281, 0.3138505646873845, 0.20291466710595152, 0.15970028793891106, 
0.16983736537766742, 0.17834569986378315, 0.2900619651021887, 0.1995933188352561, 0.1621616508211046, 
0.16842745943987691, 0.165321602994937, 0.29848443663897756, 0.2121238779850089, 0.15564262294119977, 
0.14295768873798753, 0.15713702944043242, 0.3146506961496232, 0.24815769487696065, 0.13709689079499623, 
0.15628331820017272, 0.1465988007746646, 0.29828139789318403, 0.27451867173265027, 0.12431781139932832, 
0.18505303268016118, 0.18750670091615107, 0.257571301973066, 0.19650643463818843, 0.1733625297924334, 
0.14029338985800802, 0.1462401797563558, 0.29750122721639244, 0.23231001507886395, 0.18365518809037992, 
0.17723961286639064, 0.18399493223289437, 0.2932036630094793, 0.2148879080883843, 0.13067388380285147, 
0.18071076690522175, 0.19691637273802043, 0.28495459732246203, 0.19915243732595742, 0.13826582570833842, 
0.1895572136349569, 0.19874071685173136, 0.2622293591039667, 0.1807129368182512, 0.1687597735910938, 
0.19466945492823493, 0.20478640887382943, 0.312104898472526, 0.17062512755926848, 0.11781411016614124, 
0.15961966108549558, 0.23435631298176524, 0.2407371908893106, 0.19196775233919589, 0.17331908270423274, 
0.21141130901740418, 0.1994960482780681, 0.2659957282097249, 0.1750703498846366, 0.14802656461016622, 
0.20933101959727018, 0.18947777939112645, 0.24890486444344542, 0.183429030560684, 0.16885730600747395, 
0.1750380788654873, 0.18310924684664065, 0.27543763699686263, 0.24680520980395138, 0.11960982748705795, 
0.16354972430270656, 0.1741229709482786, 0.2645305917835445, 0.22916913303110145, 0.16862757993436883, 
0.18185323731747635, 0.16587403804113243, 0.29507714098489407, 0.21874197317323843, 0.13845361048325866, 
0.17820923193836327, 0.17022806331774845, 0.2592547201400937, 0.19099759857511894, 0.20131038602867546, 
0.16411123875809971, 0.18343434141686574, 0.2476325717971508, 0.21574971642467816, 0.1890721316032056, 
0.15423294780505767, 0.16771686575218428, 0.23192845265771045, 0.2546253056503186, 0.19149642813472895, 
0.15445029100420746, 0.16667204454008452, 0.24112100821581436, 0.2825632181341679, 0.15519343810572572, 
0.1565951415520992, 0.16242235689040438, 0.2548405065977344, 0.27188285420009534, 0.1542591407596667, 
0.16526495718019613, 0.15667046667782542, 0.2782602187123357, 0.2437571167043167, 0.15604724072532614, 
0.1886571293507809, 0.18972252705730538, 0.26596275139259434, 0.20282141726523972, 0.15283617493407944, 
0.19824688610933558, 0.19525899907841962, 0.3010582599747702, 0.18619866036244145, 0.11923719447503295, 
0.18511689213862376, 0.18400114503136183, 0.3198438712624427, 0.19454283322845065, 0.11649525833912092, 
