
0.14285714285714285, 0.14285714285714285, 0.14285714285714285, 0.14285714285714285, 0.14285714285714285, 0.14285714285714285, 0.14285714285714285, 
0.14220392733078827, 0.1567849619160738, 0.15082181418772714, 0.16112583997403596, 0.12968781886379158, 0.12968781886379158, 0.12968781886379158, 
0.149448957824247, 0.156375324001409, 0.16522576775563214, 0.16764694374459355, 0.12043433555803942, 0.12043433555803942, 0.12043433555803942, 
0.15177753587589024, 0.16091308603439555, 0.17465894406870786, 0.17666504145047265, 0.1119951308568446, 0.1119951308568446, 0.1119951308568446, 
0.14251759442079776, 0.15666050219537936, 0.18445510840971083, 0.19799377521843425, 0.1061243399185593, 0.1061243399185593, 0.1061243399185593, 
0.1425744728876095, 0.1629470329985221, 0.20427054093422922, 0.2239329256576156, 0.08875834250734119, 0.08875834250734119, 0.08875834250734119, 
0.12872354630539815, 0.16074403629906328, 0.20561541700162583, 0.22299461996250275, 0.09397412681047002, 0.09397412681047002, 0.09397412681047002, 
0.14744421044541006, 0.17587402259189613, 0.22369966370407984, 0.2036853585058178, 0.08309891491759869, 0.08309891491759869, 0.08309891491759869, 
0.12678624574632105, 0.17366122032721074, 0.1773031929795871, 0.19641544580451878, 0.10861129838078745, 0.10861129838078745, 0.10861129838078745, 
0.14681089486721172, 0.16886784228297866, 0.20215107935801183, 0.17807803220763288, 0.10136405042805491, 0.10136405042805491, 0.10136405042805491, 
0.1619249697796989, 0.16473941101289136, 0.1708941605334811, 0.15267594442171784, 0.10609583671912569, 0.10609583671912569, 0.13757384081395946, 
0.15164418189262321, 0.18056852733882317, 0.19839300876189378, 0.1843898320369584, 0.0739960381062696, 0.0739960381062696, 0.13701237375716216, 
0.14321382698941104, 0.1762120861241473, 0.19566440020228493, 0.177239654061779, 0.08559588953417821, 0.08559588953417821, 0.13647825355402146, 
0.12706746787219006, 0.1727804939585218, 0.1705782353496203, 0.13448425201139902, 0.123980202303942, 0.123980202303942, 0.14712914620038484, 
0.15302507514315247, 0.18082037446222482, 0.19687417910007146, 0.18334336947415777, 0.07770502357482284, 0.07770502357482284, 0.1305269546707477, 
0.13820825805566075, 0.15543348611700797, 0.17086134619269486, 0.1180182798468307, 0.13225763362385193, 0.13225763362385193, 0.15296336254010184, 
0.11607135041523022, 0.18240043502432682, 0.26258411794536146, 0.12632124658121374, 0.09859879497744592, 0.09859879497744592, 0.11542526007897588, 
0.12581204626580034, 0.19859112469411916, 0.20971323315760437, 0.1799947397054137, 0.0813309173053227, 0.0813309173053227, 0.12322702156641709, 
0.08537665495278698, 0.200185144596349, 0.1878344904146929, 0.16095660510700047, 0.11357435262048421, 0.11357435262048421, 0.13849839968820205, 
0.14141939351871688, 0.2027061013979303, 0.2190443998220137, 0.19445707622481367, 0.059676047439237906, 0.059676047439237906, 0.12302093415804971, 
0.1446771677417253, 0.18443857701173705, 0.20216661532866056, 0.20215678971724357, 0.07576121002556661, 0.07576121002556661, 0.11503843014950034, 
0.1388271634368771, 0.1938898438849433, 0.21485967469583706, 0.19931112712706145, 0.06890167931058447, 0.06890167931058447, 0.1153088322341121, 
0.15298500830069212, 0.17283574955977607, 0.18362731118883807, 0.14363896822166425, 0.10264578845250297, 0.10264578845250297, 0.1416213858240235, 
0.1309858749181013, 0.17415843865805422, 0.204467788413674, 0.13166748468603906, 0.11011309013283105, 0.11011309013283105, 0.1384942330584692, 
0.12188023781914478, 0.1710877282692536, 0.18008453173164432, 0.10910385566273224, 0.13749275640229955, 0.13749275640229955, 0.14285813371262593, 
0.12448160340620376, 0.15640793438438333, 0.19634447779053435, 0.06241475093548905, 0.15649551669293885, 0.15649551669293885, 0.1473602000975118, 
0.14809265713717568, 0.17092210954813591, 0.1953629050800255, 0.17352477894345153, 0.08395932246915103, 0.08395932246915103, 0.14417890435290925, 
0.11920531476250143, 0.15493799574260742, 0.2096132653159771, 0.13741260765907995, 0.12897969067002496, 0.12897969067002496, 0.12087143517978435, 
0.14765630588983936, 0.12640870886704558, 0.1606028570775018, 0.11363370661747535, 0.15789336600259551, 0.15789336600259551, 0.1359116895429469, 
0.16441955838517294, 0.12297552427665358, 0.20916439111852214, 0.12917571253623245, 0.13329178233987757, 0.13329178233987757, 0.10768124900366366, 
0.16414575726670128, 0.15461948165860542, 0.20695992246799977, 0.1601707361728347, 0.08322778911997729, 0.08322778911997729, 0.14764852419390448, 
0.1144813783514856, 0.14817923531107505, 0.21736100929077523, 0.1370518020242305, 0.10781549044420231, 0.10781549044420231, 0.16729559413402872, 
0.14829072678010777, 0.1481775486225982, 0.21822354861144347, 0.17440389965589154, 0.08967959973896857, 0.08967959973896857, 0.13154507685202207, 
0.1292966535080218, 0.15846850759200015, 0.20949216341166732, 0.15488306179712927, 0.09397591347585686, 0.09397591347585686, 0.15990778673946776, 
0.1062439839703782, 0.1459550052363924, 0.16604120918275603, 0.1448827959790127, 0.13123433922412908, 0.13123433922412908, 0.17440832718320262, 
0.1464004202909147, 0.15413171725837405, 0.2271573938682742, 0.14640999198706775, 0.09277429240796363, 0.09277429240796363, 0.1403518917794422, 
0.1686565998984742, 0.13516803954245482, 0.16189974717199965, 0.03877797031286875, 0.16844768833711862, 0.16844768833711862, 0.1586022663999651, 
0.14121345937805577, 0.15277639466181392, 0.20655326506156527, 0.1757516093856, 0.07413549600809781, 0.07413549600809781, 0.17543427949676937, 
0.1628632173253875, 0.16296877240628155, 0.19609420497146496, 0.15362154695432725, 0.06322147122885155, 0.06322147122885155, 0.19800931588483558, 
0.10613673890220152, 0.15890591838681958, 0.2391557240512978, 0.11688165940955231, 0.10741629339115094, 0.10741629339115094, 0.16408737246782687, 
0.14928575452543272, 0.1144782454941491, 0.1925505357088253, 0.1274142254781846, 0.16437136917575987, 0.16437136917575987, 0.08752850044188848, 
0.1456788264288173, 0.1479990106496379, 0.17425750660078806, 0.13895920507950688, 0.1105069554740695, 0.1105069554740695, 0.17209154029311075, 
0.12319214005399035, 0.14395867738074267, 0.18263785349433898, 0.1523879797640228, 0.10130987654321168, 0.10130987654321168, 0.19520359622048186, 
0.118612429734192, 0.11939603168154836, 0.19097144588035916, 0.15804818420953312, 0.14355143265809894, 0.14355143265809894, 0.12586904317816955, 
0.11553074439651832, 0.16318345119837244, 0.2377479261051111, 0.1310268994096539, 0.08903819329082555, 0.08903819329082555, 0.17443459230869315, 
0.10398370274515135, 0.13407984555559585, 0.19763353285440283, 0.08882439391850494, 0.15940079299104556, 0.15940079299104556, 0.15667693894425397, 
0.12103918672226031, 0.1417121312228315, 0.1716809691027411, 0.10981657507010996, 0.16270147561580373, 0.16270147561580373, 0.13034818665044967, 
0.09461031113404278, 0.17945937528058667, 0.16611857341953462, 0.10084377582938088, 0.15908821888866767, 0.15908821888866767, 0.14079152655911972, 
0.15391620541924816, 0.15335807916173722, 0.18018486702746395, 0.1653511132595294, 0.09183515049058855, 0.09183515049058855, 0.1635194341508441, 
0.14784255598491042, 0.14204051681160496, 0.1647336147562216, 0.14171839826117835, 0.1272845641260105, 0.1272845641260105, 0.1490957859340637, 
0.13753183309747183, 0.1581173761069966, 0.23626943976512493, 0.12101455813189911, 0.09114221294903439, 0.09114221294903439, 0.1647823670004387, 
0.14132747805544138, 0.14243941690602502, 0.21904168780847538, 0.17124529488386386, 0.07093334272107564, 0.07093334272107564, 0.1840794369040431, 
0.15084475341186543, 0.13717776359397094, 0.17035763488518946, 0.1480962534712733, 0.12348031295571749, 0.12348031295571749, 0.14656296872626573, 
0.15527060836294593, 0.12751282305998562, 0.21119486239170598, 0.0696825394296731, 0.16037305049259498, 0.16037305049259498, 0.11559306577049952, 
0.14204842600515416, 0.13105671969221533, 0.13067989084737006, 0.08778880386809082, 0.16745010996314094, 0.16745010996314094, 0.17352593966088778, 
0.09448556036125348, 0.13149937890766988, 0.12403320568290253, 0.059412006915516034, 0.1993957893598081, 0.1993957893598081, 0.1917782694130419, 
0.11659368553723426, 0.16187432881907696, 0.2624654957350271, 0.08003122346368816, 0.13979571964931728, 0.13979571964931728, 0.09944382714633895, 
0.10501933031536842, 0.15768465977908258, 0.21089285576317693, 0.09409855522196953, 0.1406584814147731, 0.1406584814147731, 0.15098763609085628, 
0.1160353096091985, 0.1588205984036002, 0.16306712292674622, 0.12438198070705786, 0.12653967731680651, 0.12653967731680651, 0.18461563371978432, 
0.1290231041008988, 0.16643660497047702, 0.23872635467664535, 0.1131062421956316, 0.09115083052834586, 0.09115083052834586, 0.17040603299965554, 
0.10765043014633992, 0.1432410934789445, 0.1796420678039282, 0.09483015512178587, 0.1570739744660127, 0.1570739744660127, 0.16048830451697602, 
0.1530662714180715, 0.1394141178265448, 0.21669037378455308, 0.1601334929199402, 0.09893923245417861, 0.09893923245417861, 0.13281727914253316, 
0.15319514838590206, 0.12032847544143618, 0.1280622636398621, 0.07254790537093268, 0.19284371528404357, 0.19284371528404357, 0.14017877659377975, 
0.14554747541595325, 0.15766594651556115, 0.2133137099493919, 0.14594673747211634, 0.08968068554767143, 0.08968068554767143, 0.15816475955163453, 
0.15272306599027136, 0.10768437168751067, 0.14412826627401054, 0.10282186539020355, 0.19829526889642798, 0.19829526889642798, 0.09605189286514787, 
0.12560577495723765, 0.14282523896386334, 0.20775883160243963, 0.12668205228032, 0.11273559606580204, 0.11273559606580204, 0.17165691006453523, 
0.13093334621097932, 0.1281212805331893, 0.1299734642262301, 0.08457892299302242, 0.19187960830969233, 0.19187960830969233, 0.14263376941719422, 
0.10516208312351477, 0.16084284074741687, 0.17122195727138725, 0.13775313563047573, 0.13097080945689107, 0.13097080945689107, 0.1630783643134233, 
0.13936769936196902, 0.11621030004311063, 0.11856048539390192, 0.08995487941756358, 0.2012758389989522, 0.2012758389989522, 0.1333549577855504, 
0.16463508416787612, 0.09363896850152545, 0.14509543020871343, 0.10583884048969573, 0.20777354776604168, 0.20777354776604168, 0.0752445811001059, 
0.10537570546822916, 0.1332963833681844, 0.15784844003592485, 0.09083163660969991, 0.1714343313803939, 0.1714343313803939, 0.16977917175717375, 
0.14547272429469005, 0.1579077066749099, 0.19026275723834274, 0.12602837793224358, 0.10107902378604279, 0.10107902378604279, 0.17817038628772813, 
0.11053401850324594, 0.14101082958025288, 0.09885423278735873, 0.06348601851714139, 0.1992033606263916, 0.1992033606263916, 0.18770817935921796, 
0.13272011605294332, 0.15148330420838008, 0.18908634731008622, 0.1389670194593998, 0.11283862348378643, 0.11283862348378643, 0.16206596600161774, 
0.13748964470934938, 0.11341096273900526, 0.15654187830231883, 0.14690682795318102, 0.1596408997539344, 0.1596408997539344, 0.12636888678827665, 
0.13733063718396665, 0.12417396996779416, 0.16633209887949044, 0.07577273885511322, 0.18025305201627653, 0.18025305201627653, 0.1358844510810825, 
0.12432025795807394, 0.16559016890549755, 0.18618332264932996, 0.12365285751767716, 0.12695507942842724, 0.12695507942842724, 0.14634323411256683, 
0.20589668279636517, 0.09388938882545085, 0.13276433285258032, 0.03199510616590607, 0.22272573059964965, 0.22272573059964965, 0.09000302816039825, 
0.1129132574843724, 0.13109270360040648, 0.16909449439156796, 0.09960320655620206, 0.17455288040525452, 0.17455288040525452, 0.13819057715694213, 
0.1265597958440141, 0.11189560357031833, 0.15421131789722076, 0.0982845513553218, 0.19859978206531076, 0.19859978206531076, 0.11184916720250347, 
0.13876566541275234, 0.13500464715828686, 0.18751715716988404, 0.13833784749689249, 0.12872077365614124, 0.12872077365614124, 0.14293313544990202, 
0.1515273558699224, 0.10823618754231028, 0.1880921615448416, 0.13907062623412875, 0.14629582384817166, 0.14629582384817166, 0.12048202111245362, 
0.11312162255042137, 0.17053339709654516, 0.21945893405703368, 0.11277672427366567, 0.10455287545809393, 0.10455287545809393, 0.1750035711061462, 
0.14677413400599795, 0.13098108876077075, 0.13825036811088404, 0.10835560041088915, 0.15592702314030607, 0.15592702314030607, 0.1637847624308459, 
0.11120758337814043, 0.14228127419253728, 0.11983217685597682, 0.057369683648317196, 0.19427913623583612, 0.19427913623583612, 0.18075100945335604, 
0.10597693433311194, 0.13566925745272862, 0.18255853686951465, 0.081366834469495, 0.16959359628586235, 0.16959359628586235, 0.155241244303425, 
0.12750371826520712, 0.13509094906887611, 0.14099724733408983, 0.12405334292251692, 0.16022989565815882, 0.16022989565815882, 0.15189495109299248, 
0.09330800012322255, 0.18008744564635562, 0.2842415410569729, 0.09573463832187745, 0.09726202557711082, 0.09726202557711082, 0.15210432369735002, 
0.0980107514861787, 0.13814478076163647, 0.19791283490311207, 0.11523456426065043, 0.15756551640498165, 0.15756551640498165, 0.13556603577845905, 
0.13956734630588627, 0.11987847958637657, 0.14068375882919537, 0.11147801590968912, 0.1819172463182051, 0.1819172463182051, 0.12455790673244249, 
0.14134235125491976, 0.12810619584111474, 0.17131348517592848, 0.10729506860832425, 0.17783587677099014, 0.17783587677099014, 0.0962711455777324, 
0.10046020817505559, 0.13877466155969076, 0.14269510176497996, 0.09287935399030843, 0.2153962063427908, 0.2153962063427908, 0.09439826182438368, 
0.13594749983139068, 0.15986264765575608, 0.18845844119672903, 0.13206944750474964, 0.1298096833365033, 0.1298096833365033, 0.1240425971383678, 
0.11871860520378792, 0.168267776676458, 0.19424849214404027, 0.1377530652517217, 0.09871774976503676, 0.09871774976503676, 0.18357656119391855, 
0.1706489556528012, 0.11919324147901018, 0.1620459663739453, 0.0446074003664893, 0.18825191135933236, 0.18825191135933236, 0.12700061340908916, 
0.08171927708092197, 0.1557522506005487, 0.16805173214288138, 0.09927533407635356, 0.15629256700014238, 0.15629256700014238, 0.1826162720990097, 
0.1699309858116365, 0.1347650631657787, 0.14297316085038714, 0.12494702086568979, 0.13220053919052158, 0.13220053919052158, 0.16298269092546475, 
0.12955544515343093, 0.10929048437800942, 0.10946975737534582, 0.051545602492969314, 0.22953378366249674, 0.22953378366249674, 0.14107114327525105, 
0.14263985228722154, 0.13265435831085798, 0.1911040248984837, 0.09000102407283683, 0.14741794665686092, 0.14741794665686092, 0.14876484711687804, 
0.13373626904276906, 0.15701054796821529, 0.1714148612903506, 0.13599505027209252, 0.09978557727811734, 0.09978557727811734, 0.202272116870338, 
0.1415498132545628, 0.13236719744474867, 0.19140497138247176, 0.17084364985270817, 0.1017148879058525, 0.1017148879058525, 0.16040459225380357, 
0.11723737928634186, 0.1276822189475492, 0.1736533850757578, 0.09290613446609303, 0.1834047518774865, 0.1834047518774865, 0.12171137846928515, 
0.11568101983778503, 0.12668256026599065, 0.17473886888197845, 0.14193552257426914, 0.15148935295439397, 0.15148935295439397, 0.1379833225311887, 
0.08542449786464816, 0.1616177413651512, 0.20359783831097544, 0.12738056712002488, 0.11724864544168256, 0.11724864544168256, 0.18748206445583512, 
0.12358513052318425, 0.12143922794601032, 0.16744304736788987, 0.09382873670747173, 0.1945153839003465, 0.1945153839003465, 0.10467308965475085, 
0.13914554290696618, 0.14210436040059984, 0.17531278157193775, 0.11846587132500845, 0.1444903433743599, 0.1444903433743599, 0.13599075704676808, 
0.12561198036332297, 0.16742631210530323, 0.23179559574036418, 0.1228590728104454, 0.0870979660765882, 0.0870979660765882, 0.17811110682738765, 
0.08456925872442787, 0.14193905159870504, 0.15377923573055605, 0.06437867367333995, 0.1989523915842151, 0.1989523915842151, 0.15742899710454092, 
0.14633338184634825, 0.14709383226957692, 0.16952154129926095, 0.13982063758085927, 0.11699809150025095, 0.11699809150025095, 0.16323442400345267, 
0.07724150372794959, 0.17845696103774436, 0.18165178522042533, 0.12867423580414833, 0.14433661816104498, 0.14433661816104498, 0.14530227788764255, 
0.11087902881603207, 0.15824618741881466, 0.153115132515675, 0.10764988022500188, 0.15818425242535417, 0.15818425242535417, 0.15374126617376815, 
0.16681615528985816, 0.1332972607270737, 0.1470189435893792, 0.1323439947064048, 0.11922272679823315, 0.11922272679823315, 0.18207819209081796, 
0.17580222547384014, 0.10271197505291399, 0.13081125430225013, 0.09389918453908297, 0.1800205318382443, 0.1800205318382443, 0.13673429695542413, 
0.10260507729259971, 0.13222496969699546, 0.1910682276875434, 0.05856046146081069, 0.19323857592669139, 0.19323857592669139, 0.12906411200866794, 
0.1481672990650748, 0.09682188374764672, 0.12761595945374996, 0.09589635139621977, 0.2018638553232762, 0.2018638553232762, 0.1277707956907564, 
0.1302891396639048, 0.11522231589624235, 0.14980128022748537, 0.11136319993545596, 0.16767140075223555, 0.16767140075223555, 0.15798126277244048, 
0.11211389678400469, 0.14137623193821644, 0.11612003011814943, 0.07905677910651693, 0.17627506694669767, 0.17627506694669767, 0.19878292815971726, 
0.14851254480134152, 0.13853296874752832, 0.18472711573126874, 0.11834691874099197, 0.14691082078456968, 0.14691082078456968, 0.11605881040973011, 
0.11819794721600803, 0.13642615004879216, 0.16634580093324214, 0.05772926194441439, 0.1826813852849088, 0.1826813852849088, 0.15593806928772574, 
0.0920248071407894, 0.15609918824452912, 0.14908402496265605, 0.08594783590477444, 0.16236618181606788, 0.16236618181606788, 0.19211178011511532, 
0.12394690397475304, 0.1353440597475503, 0.1763394845493469, 0.11252724029553551, 0.15759630941445033, 0.15759630941445033, 0.13664969260391358, 
0.12659900524502296, 0.12624358432562408, 0.13170217762990896, 0.05148612382476359, 0.20846613351209553, 0.20846613351209553, 0.14703684195048927, 
0.14902054458762534, 0.15411217129995863, 0.18850387388034762, 0.0988557052257314, 0.10762587612004076, 0.10762587612004076, 0.19425595276625568, 
0.12461469738229887, 0.15560564647907815, 0.1724590295394006, 0.13493071187819053, 0.11234509708820316, 0.11234509708820316, 0.18769972054462566, 
0.12017971035703232, 0.15134798983660583, 0.13599485738343792, 0.10411406790942332, 0.16669844156104818, 0.16669844156104818, 0.15496649139140417, 
0.10403422438376204, 0.1617226957486895, 0.16270957816283854, 0.13024786639034272, 0.14221625073893512, 0.14221625073893512, 0.15685313383649682, 
0.09690485306818009, 0.17099141802407747, 0.1572805409875617, 0.1152552261749618, 0.14076225190991706, 0.14076225190991706, 0.17804345792538487, 
0.1555743964733703, 0.08715009492977176, 0.1348559393864695, 0.10597823276046546, 0.22244342816972007, 0.22244342816972007, 0.07155448011048286, 
0.1517617927013638, 0.09674680611727877, 0.13975799552891846, 0.09375258133563302, 0.18939164453308158, 0.18939164453308158, 0.13919753525064282, 
0.12059291276679857, 0.12674981388568418, 0.1207796729810334, 0.08184415481303753, 0.19125536758001122, 0.19125536758001122, 0.16752271039342384, 
0.12607597407991067, 0.15600098373425036, 0.18503353169008838, 0.14367650159836604, 0.10811580446292446, 0.10811580446292446, 0.17298139997153555, 
0.14421250998961288, 0.13121941654259472, 0.16223347234612803, 0.12522899637246213, 0.15800897833511157, 0.15800897833511157, 0.12108764807897913, 
0.17585852163760535, 0.09547176037673426, 0.15163403056520988, 0.08873584019290692, 0.21510026419769127, 0.21510026419769127, 0.05809931883216112, 
0.1787012969156613, 0.10363511201398397, 0.15008298934341838, 0.09341042363614425, 0.1886065523835038, 0.1886065523835038, 0.09695707332378457, 
0.14184120442186413, 0.1415978928840712, 0.18603601337271183, 0.13501895426036456, 0.1238906760450316, 0.1238906760450316, 0.14772458297092492, 
0.101988971186582, 0.13513924883524306, 0.11916430346867345, 0.08614075586966219, 0.19359067826402254, 0.19359067826402254, 0.17038536411179414, 
0.09873660118052341, 0.15696420418905602, 0.157482451106666, 0.08397001209519009, 0.17788617327337322, 0.17788617327337322, 0.14707438488181804, 
0.12011285455393574, 0.11822045923908991, 0.18656863551439354, 0.028046372367673135, 0.2193631219151664, 0.2193631219151664, 0.10832543449457498, 
0.13025753294228146, 0.14165319935077486, 0.14600709442511745, 0.1208652130374881, 0.14495935281259567, 0.14495935281259567, 0.1712982546191468, 
0.15325622133937344, 0.12818909133402964, 0.18608103944094925, 0.12421855208200715, 0.12365017607121147, 0.12365017607121147, 0.1609547436612176, 
0.10001008145588827, 0.12768661796962275, 0.14203194969610308, 0.11832609896273535, 0.17692856524805342, 0.17692856524805342, 0.15808812141954354, 
0.11625645188646799, 0.09408810767467625, 0.12530537480593282, 0.059581578555252, 0.25950643903048426, 0.25950643903048426, 0.08575560901670248, 
0.10221923362647077, 0.15129306304794835, 0.1338684848372056, 0.07666258403727005, 0.20997677376237814, 0.20997677376237814, 0.11600308692634916, 
0.11845934690765479, 0.10293893557296041, 0.11885454764046725, 0.07348959956845827, 0.21642594418379085, 0.21642594418379085, 0.15340568194287746, 
0.1709394826792856, 0.1011736011639454, 0.12114795002076555, 0.05514588775685874, 0.23195884147978746, 0.23195884147978746, 0.08767539541956987, 
0.0889163553695286, 0.20024051725914285, 0.20882294114601624, 0.12679811923953657, 0.10068592293837245, 0.10068592293837245, 0.17385022110903087, 
0.12539981192292762, 0.13906899776943252, 0.18469085048644338, 0.09852061340886374, 0.1619910727327673, 0.1619910727327673, 0.12833758094679823, 
0.11599413006411972, 0.13710442799972875, 0.19211160174804173, 0.07607547246174465, 0.17173496754970227, 0.17173496754970227, 0.1352444326269605, 
0.10411004774691755, 0.1629505361823789, 0.24759783076366246, 0.09190634299500101, 0.11383108059127829, 0.11383108059127829, 0.16577308112948352, 
0.15124322755613337, 0.1428211702127827, 0.2072889557810274, 0.17925111460882384, 0.08926316676233602, 0.08926316676233602, 0.14086919831656047, 
0.12282157913207539, 0.12856650873658387, 0.23292210313520675, 0.08449241954570484, 0.1625659807905411, 0.1625659807905411, 0.10606542786934693, 
0.12399024561267459, 0.15997585010561632, 0.19535875196897032, 0.09998321208989878, 0.12684485385203487, 0.12684485385203487, 0.1670022325187701, 
0.17335830495964033, 0.11392886986139047, 0.1936757228410509, 0.19092784843977822, 0.10045385190532473, 0.10045385190532473, 0.12720155008749065, 
0.13444139917841721, 0.15298285670096887, 0.19510947006960133, 0.1322478313024555, 0.11517442391265535, 0.11517442391265535, 0.1548695949232463, 
0.1189374526578328, 0.15810767979383822, 0.20453005499890195, 0.13328214860313145, 0.1287345184596004, 0.1287345184596004, 0.1276736270270947, 
0.1432452068423135, 0.14748825340255062, 0.20356661577964993, 0.15504490436237708, 0.10295890882588735, 0.10295890882588735, 0.14473720196133416, 
0.12803298747200365, 0.15821501442976377, 0.19442647401714638, 0.08887833159387051, 0.14560689847785213, 0.14560689847785213, 0.13923339553151134, 
0.09842351476946394, 0.15064474285589427, 0.15932838122248355, 0.13293304196340167, 0.14820756128843576, 0.14820756128843576, 0.1622551966118851, 
0.1419452241341748, 0.13100686791710606, 0.1425190649985646, 0.10454191842652238, 0.16998518786589634, 0.16998518786589634, 0.14001654879183964, 
0.13744519621161175, 0.1370257352118402, 0.17619941971632885, 0.1144968182029383, 0.15906081912262462, 0.15906081912262462, 0.11671119241203158, 
0.09586593013577765, 0.1634899759359567, 0.17352467113692902, 0.12330272257455367, 0.13057720977076778, 0.13057720977076778, 0.18266228067524737, 
0.15215858932967205, 0.14458508111137244, 0.16864044684761798, 0.1317557392711124, 0.12821615731415942, 0.12821615731415942, 0.14642782881190625, 
0.16230690648344384, 0.11888289105862294, 0.2078239472896051, 0.1746352250842868, 0.1254670035691204, 0.1254670035691204, 0.0854170229458005, 
0.11352755695176309, 0.10909822890015188, 0.13008069910564327, 0.062141904164868006, 0.2258639704479219, 0.2258639704479219, 0.1334236699817302, 
0.13323662423537816, 0.12668331111086623, 0.14925400357705834, 0.0989370128375825, 0.18527256447527782, 0.18527256447527782, 0.12134391928855924, 
0.10426186258622779, 0.159860877520852, 0.23871132274886508, 0.08236689611168593, 0.14190255260940718, 0.14190255260940718, 0.1309939358135548, 
0.1081440334952899, 0.13214645550360238, 0.11965126039989792, 0.0797894124977535, 0.22567553950775, 0.22567553950775, 0.1089177590879564, 
0.11625240192288648, 0.14224733548881222, 0.15953894882273645, 0.05446308338041124, 0.19128745904627079, 0.19128745904627079, 0.14492331229261202, 
0.12019234444488554, 0.17292250979023735, 0.15241926469988348, 0.05067853458924061, 0.16049141521498328, 0.16049141521498328, 0.18280451604578654, 
0.11867178186735468, 0.11068390629898506, 0.13814711856466397, 0.06376400929703768, 0.2451420855826551, 0.2451420855826551, 0.07844901280664837, 
0.11097448789187637, 0.15695375390571187, 0.18971242550517595, 0.10594146431315042, 0.13920427220550532, 0.13920427220550532, 0.1580093239730747, 
0.12043731090143252, 0.1590266467946443, 0.19197056228346132, 0.12441973593715469, 0.13752470789611143, 0.13752470789611143, 0.1290963282910844, 
0.1498367205705666, 0.12181303661970044, 0.13424548447454576, 0.05714731015007304, 0.24543303342940503, 0.24543303342940503, 0.046091381326304075, 
0.13642826360665833, 0.13878093036070854, 0.1581540886850098, 0.1311518734307212, 0.1498881129408765, 0.1498881129408765, 0.1357086180351491, 
0.1359861470250136, 0.15828627184639169, 0.1778225388429061, 0.1506381567251509, 0.10235898063878716, 0.10235898063878716, 0.17254892428296362, 
0.11373786758305372, 0.14083576781046728, 0.17895150762160328, 0.11633722734731507, 0.14699216203447832, 0.14699216203447832, 0.15615330556860396, 
0.14127247375348542, 0.14927905296132976, 0.1565196368125514, 0.11172979171976165, 0.1382760238673415, 0.1382760238673415, 0.1646469970181887, 
0.16774484625845232, 0.13412176294335634, 0.20218830261976603, 0.1522467283220543, 0.11231800907830104, 0.11231800907830104, 0.11906234169976912, 
0.1289816130903603, 0.15323471674955472, 0.1873312981932297, 0.1176328521339325, 0.12274394318091088, 0.12274394318091088, 0.16733163347110105, 
0.14361200652293712, 0.14606845612870414, 0.1787575712788131, 0.13360010045054252, 0.13215889718029136, 0.13215889718029136, 0.1336440712584204, 
0.16054641284306798, 0.11912779739178485, 0.18434398131891092, 0.09412643322154696, 0.15183662270604495, 0.15183662270604495, 0.13818212981259928, 
0.14777853106149477, 0.11912107737242936, 0.17544087952228973, 0.13972238843004633, 0.15744352344735008, 0.15744352344735008, 0.10305007671903971, 
0.14531397682693567, 0.11390152194203573, 0.14899807262365217, 0.11432364828836242, 0.17976939964598376, 0.17976939964598376, 0.11792398102704656, 
0.11124594434890916, 0.12037740153088952, 0.13817403296559602, 0.03576096125820274, 0.23032918104060277, 0.23032918104060277, 0.13378329781519707, 
0.13149978732996762, 0.14930051557704133, 0.177846494519038, 0.1395535870066909, 0.12736138886756312, 0.12736138886756312, 0.1470768378321359, 
0.08712595111783242, 0.14265659329474067, 0.16287819500326706, 0.10391834178829008, 0.16546662735493617, 0.16546662735493617, 0.1724876640859974, 
0.12934780435259116, 0.15037593121722787, 0.14702234521596474, 0.11922638330682689, 0.12863413619137243, 0.12863413619137243, 0.19675926352464448, 
0.16252100330602653, 0.09155175554046768, 0.15394564762650936, 0.06486578587099699, 0.20765238824071783, 0.20765238824071783, 0.11181103117456358, 
0.10069775591145154, 0.13041575602607824, 0.20681180276835898, 0.1303141295494488, 0.15840214215836904, 0.15840214215836904, 0.11495627142792436, 
0.12378865999731667, 0.15358895772755188, 0.19285358910656925, 0.14088387040332834, 0.1242492104657519, 0.1242492104657519, 0.14038650183373014, 
0.13379813552227857, 0.10820171403314055, 0.17053265160596215, 0.07324845902393035, 0.1867428984792018, 0.1867428984792018, 0.14073324285628475, 
0.10217199737556734, 0.1348776079914533, 0.2024333656729202, 0.061789341626610546, 0.18188085948669394, 0.18188085948669394, 0.13496596836006075, 
0.1485584959747889, 0.13938513445048412, 0.20422588956173257, 0.1279599209734598, 0.114717935237968, 0.114717935237968, 0.15043468856359848, 
0.16032005597564575, 0.10764020011792731, 0.15952055058148976, 0.09548664071484579, 0.1928270152969551, 0.1928270152969551, 0.09137852201618119, 
0.1232858502391033, 0.13961826151747966, 0.12843595650767867, 0.10064612743374579, 0.161782633057728, 0.161782633057728, 0.1844485381865365, 
0.12418903104387881, 0.14756201597127072, 0.10294151176724176, 0.0774054735728486, 0.20352444056737462, 0.20352444056737462, 0.14085308651001086, 
0.12785176205991802, 0.0836762636426648, 0.12986123307067712, 0.09049101467977277, 0.22309931338153266, 0.22309931338153266, 0.12192109978390185, 
0.13791610043496033, 0.11009087418311486, 0.10426343036404938, 0.07962736168088598, 0.22514337013811375, 0.22514337013811375, 0.11781549306076192, 
0.13795612954365, 0.12073730313330272, 0.12249501754928094, 0.07629144470931967, 0.19632261565897605, 0.19632261565897605, 0.14987487374649455, 
0.09236494926197869, 0.15312003168149665, 0.14779441537675922, 0.12506902784640545, 0.14386195981220273, 0.14386195981220273, 0.19392765620895447, 
0.11062554626636556, 0.1251967658965816, 0.1487555983496446, 0.08922304184682561, 0.20871841118173304, 0.20871841118173304, 0.10876222527711656, 
0.11668491218928066, 0.09516639756146186, 0.11536365306322344, 0.07393499126727487, 0.2412440410399345, 0.2412440410399345, 0.11636196383889023, 
0.16636379590828712, 0.10715697448377094, 0.1560411441710726, 0.09331565917662579, 0.18936140387927286, 0.18936140387927286, 0.09839961850169775, 
0.1102589166881893, 0.1549127535511578, 0.20963455480014329, 0.11695720132211487, 0.12307946143387029, 0.12307946143387029, 0.1620776507706542, 
0.16655504411624725, 0.08817953780193244, 0.13328876559482353, 0.09389441114089835, 0.20078095758469616, 0.20078095758469616, 0.11652032617670638, 
0.1241080011841214, 0.12384198448907112, 0.16270154613386575, 0.1294840357771233, 0.16997677920260956, 0.16997677920260956, 0.11991087401059927, 
0.12646545963944777, 0.12125590240488389, 0.1528901378844946, 0.10771515740698835, 0.18814842777575938, 0.18814842777575938, 0.11537648711266672, 
0.13707009225498007, 0.12278852360875096, 0.11696854833796161, 0.09537260411744607, 0.1934380206277286, 0.1934380206277286, 0.1409241904254041, 
0.1220402174894626, 0.09366976801648881, 0.09825564155896722, 0.05385843965032101, 0.2632727712949063, 0.2632727712949063, 0.10563039069494785, 
0.12955822443342763, 0.07846475097142935, 0.07529565837832894, 0.028117121545157733, 0.29002307336221933, 0.29002307336221933, 0.10851809794721766, 
0.13820338224345133, 0.1407543501291615, 0.16260954515074907, 0.10181087397970272, 0.15572972386159328, 0.15572972386159328, 0.1451624007737489, 
0.1440781112482672, 0.11993802485530708, 0.16509593548782076, 0.08543000622503305, 0.18291030285904247, 0.18291030285904247, 0.11963731646548688, 
0.11081923698850836, 0.1644110960326107, 0.1699041874728684, 0.15231538040181175, 0.11982120178535093, 0.11982120178535093, 0.16290769553349904, 
0.118618664623885, 0.1475155913690407, 0.13582170896833656, 0.10381120481603616, 0.16302825289720585, 0.16302825289720585, 0.16817632442828995, 
0.12942069517874402, 0.1246213642878641, 0.16638802230465444, 0.0797190933172573, 0.17713958338688157, 0.17713958338688157, 0.14557165813771702, 
0.12593754490456313, 0.16311035781663016, 0.18907186912155194, 0.15505973329094183, 0.09579397408544149, 0.09579397408544149, 0.1752325466954299, 
0.13421831573472195, 0.10787493352451986, 0.13959037261652046, 0.10083767779944112, 0.19168775994878917, 0.19168775994878917, 0.1341031804272181, 
0.12158257076853929, 0.13283729256325327, 0.1631558264888878, 0.10886343749853948, 0.18433119473298493, 0.18433119473298493, 0.10489848321481039, 
0.18670787988033302, 0.06593645580430013, 0.11457796243949502, 0.06351747202902797, 0.25683911010410476, 0.25683911010410476, 0.055582009638634355, 
0.1388787842722583, 0.12768730461004793, 0.1518598645692435, 0.05740747764973003, 0.19427717064103503, 0.19427717064103503, 0.13561222761665, 
0.13587095852332187, 0.17981696787038678, 0.14708265995687367, 0.13671622240031484, 0.09267881100779078, 0.09267881100779078, 0.21515556923352133, 
0.12478543638789835, 0.1264498245098649, 0.12232623352723174, 0.10630232846041765, 0.19013171234945017, 0.19013171234945017, 0.13987275241568686, 
0.12537612271464407, 0.12346220976804284, 0.10199030753359632, 0.06688883266448234, 0.2318013796751768, 0.2318013796751768, 0.11867976796888083, 
0.11995148044368523, 0.13383755113918874, 0.09214377025523163, 0.06914386974976183, 0.23711591029023385, 0.23711591029023385, 0.11069150783166479, 
0.16132361799906395, 0.13022209004759003, 0.11152330945429385, 0.08329999607677593, 0.18791242078301282, 0.18791242078301282, 0.13780614485625067, 
0.12622803512929573, 0.10852135482677469, 0.13968045101862903, 0.12057768417229957, 0.19873220509853481, 0.19873220509853481, 0.10752806465593141, 
0.13936513390328592, 0.14831823071687644, 0.15889915864241952, 0.15462217877804554, 0.12224739763076405, 0.12224739763076405, 0.15430050269784457, 
0.16078019731975204, 0.11155691480032767, 0.11289019417894995, 0.07495559366147628, 0.2309850964568987, 0.2309850964568987, 0.07784690712569668, 
0.10822219768620936, 0.15175543500824462, 0.10991161522472238, 0.09537663139403414, 0.17884505358488226, 0.17884505358488226, 0.17704401351702498, 
0.11492813613390128, 0.11895992405415545, 0.11973101459745057, 0.11101800304849292, 0.2121519083987525, 0.2121519083987525, 0.11105910536849486, 
0.12927845659056347, 0.16613307560777182, 0.13755477688445622, 0.08733241659698407, 0.17668272527725115, 0.17668272527725115, 0.126335823765722, 
0.1201164074491562, 0.119222279044404, 0.13288998193006574, 0.12122927248032633, 0.19239732964198022, 0.19239732964198022, 0.12174739981208725, 
0.13419332045833438, 0.15718952814685855, 0.15028458632248898, 0.11837353993842764, 0.12817576041344986, 0.12817576041344986, 0.1836075043069908, 
0.1297663449624088, 0.1527363868801131, 0.13983569030074078, 0.0923392037631137, 0.15482293714357845, 0.15482293714357845, 0.1756764998064666, 
0.1335256890764656, 0.1106656141691671, 0.13083071444939087, 0.11198399500787483, 0.2065870329016803, 0.2065870329016803, 0.09981992149374122, 
0.10510471537837686, 0.13495655628893868, 0.11069457239847168, 0.0682703857833246, 0.2000801209443676, 0.2000801209443676, 0.18081352826215305, 
0.12430143246936277, 0.14992947893698408, 0.14976517355373678, 0.08505858445471813, 0.16254732643730008, 0.16254732643730008, 0.16585067771059817, 
0.14617524380285626, 0.11269310099888996, 0.0986406291683519, 0.07980605377596332, 0.22344848252337654, 0.22344848252337654, 0.11578800720718552, 
0.12166334977734067, 0.1519766227059601, 0.17260286052773485, 0.14453435387846597, 0.1279945983163602, 0.1279945983163602, 0.15323361647777803, 
0.12200205901673987, 0.12287510905642172, 0.12939228739412278, 0.08525253050107687, 0.2123032700582436, 0.2123032700582436, 0.11587147391515175, 
0.12227987124554947, 0.11377256289419924, 0.10912394877955565, 0.07586796312272596, 0.24114051834533695, 0.24114051834533695, 0.09667461726729579, 
0.1941425474034826, 0.0943887796982099, 0.1341633883620413, 0.09994712428150468, 0.17507108214210473, 0.17507108214210473, 0.1272159959705521, 
0.16546695202045422, 0.12620484908680926, 0.1897829925840485, 0.10437989270811748, 0.1439875048619457, 0.1439875048619457, 0.1261903038766791, 
0.10742498163716056, 0.11729712504431486, 0.1641465804350604, 0.07534604211866491, 0.2109461323670982, 0.2109461323670982, 0.11389300603060305, 
0.1400626556487284, 0.14117802976935007, 0.1532965263530183, 0.1468362715464777, 0.13758675464905235, 0.13758675464905235, 0.1434530073843207, 
0.11108925255696363, 0.15428225429879122, 0.14652014049950532, 0.1280753238728476, 0.1448554435020802, 0.1448554435020802, 0.17032214176773183, 
0.16675253103408116, 0.11457931562187507, 0.1122021932871245, 0.10828279317828496, 0.18523695833929582, 0.18523695833929582, 0.12770925020004273, 
0.12405962696091612, 0.11904072506153596, 0.10782149983559271, 0.07665807763114842, 0.22810539072382394, 0.22810539072382394, 0.11620928906315876, 
0.09034387451457675, 0.19299899886956912, 0.14495918676870365, 0.10735378519029923, 0.14848935270355967, 0.14848935270355967, 0.167365449249732, 
0.12407685911299417, 0.14193163700658884, 0.10169391174749047, 0.089739709072521, 0.18921244085884426, 0.18921244085884426, 0.16413300134271702, 
0.1477453342675957, 0.16367383026581092, 0.15686556957224115, 0.1376200437440022, 0.10075989735512508, 0.10075989735512508, 0.19257542744010003, 
0.12155430143379943, 0.14447911157219684, 0.12428612759458477, 0.06622143316837907, 0.21634845046671236, 0.21634845046671236, 0.1107621252976152, 
0.1649174543201155, 0.15291883177607576, 0.1821201554434431, 0.12120294814929881, 0.11700346921363244, 0.11700346921363244, 0.14483367188380195, 
0.11790549866499557, 0.1001829270428283, 0.07862368656100552, 0.08560326114789418, 0.2754517060253888, 0.2754517060253888, 0.06678121453249886, 
0.13256328627052302, 0.1141908130968008, 0.1350341463827402, 0.13417816908901917, 0.19447866563685481, 0.19447866563685481, 0.09507625388720714, 
0.1534388674768989, 0.13130472773376417, 0.13491966320580573, 0.12127353539928806, 0.1533059096133087, 0.1533059096133087, 0.1524513869576256, 
0.13382294209108908, 0.146288469074207, 0.11187198722832639, 0.13328167626646664, 0.13980311342539808, 0.13980311342539808, 0.19512869848911465, 
0.14741777753099486, 0.14818703322767604, 0.13905027909182321, 0.12313756497591596, 0.12883766892297496, 0.12883766892297496, 0.1845320073276398, 
0.13841067861274214, 0.1609232249853491, 0.1896763502027043, 0.16888811628987616, 0.1025787335368869, 0.1025787335368869, 0.1369441628355545, 
0.13032878828392253, 0.09143592914652879, 0.111552493487488, 0.06143196465365774, 0.24827727549727074, 0.24827727549727074, 0.10869627343386161, 
0.12537267905999858, 0.12905084932265093, 0.08798351364535195, 0.07068715528805007, 0.2082485493278672, 0.2082485493278672, 0.1704087040282139, 
0.12699209996355523, 0.1302018315605879, 0.1338582070131969, 0.12228822185999658, 0.16451094517627554, 0.16451094517627554, 0.1576377492501122, 
0.12825925397526988, 0.15958311947963455, 0.15231455840073013, 0.14049850530807345, 0.12818755616115235, 0.12818755616115235, 0.1629694505139872, 
0.1331740091961802, 0.13585931585298328, 0.1229249209861144, 0.11680782786738608, 0.16967345087334576, 0.16967345087334576, 0.15188702435064458, 
0.17987346485889957, 0.1201787502578972, 0.17673179050740545, 0.16183510121615938, 0.13635183738929124, 0.13635183738929124, 0.0886772183810559, 
0.14419695395623244, 0.12113193391845585, 0.13678528883369412, 0.13521059151330622, 0.16899067360034015, 0.16899067360034015, 0.12469388457763096, 
0.12344079594222279, 0.09989333072575955, 0.09412120672363057, 0.0638326886661652, 0.25335512278378425, 0.25335512278378425, 0.11200173237465337, 
0.11865606794804923, 0.14796237599844966, 0.12851358920315414, 0.12024370967018315, 0.15841623121243695, 0.15841623121243695, 0.16779179475528994, 
0.13177224675229005, 0.14264803515068333, 0.16952401243637732, 0.1414811821181519, 0.1355327525754151, 0.1355327525754151, 0.1435090183916672, 
0.14727678679579517, 0.14764193212411017, 0.1560653576885598, 0.10900559243650679, 0.13365752935019287, 0.13365752935019287, 0.17269527225464235, 
0.12343340892380249, 0.15490127032096843, 0.13459735522684174, 0.11082137386776471, 0.16749293631327372, 0.16749293631327372, 0.14126071903407533, 
0.10492754070523547, 0.15669762652160998, 0.16920204682252218, 0.13600060526894364, 0.1474426667575432, 0.1474426667575432, 0.13828684716660214, 
0.12887072580893766, 0.17007877191668389, 0.15703765572277503, 0.0893151982666675, 0.13771185961320573, 0.13771185961320573, 0.17927392905852438, 
