
1.0335802112613562E-7,0.9999505359948382,7.324795519054211E-6,3.776172760780568E-5,2.124962652035066E-6,2.1491613610824583E-6,
0.15118297770720288,0.23452562751339107,0.12582847134861053,0.1836841428829515,0.17548733824674054,0.12929144230110365,
0.015237674451767961,0.05532065342204073,0.9293880438871058,5.362823645307842E-5,1.4945072309858162E-12,1.1376653691811597E-12,
3.7706914522084725E-8,5.354013247125027E-8,0.9999999087525892,2.8198756732194283E-14,2.5435273939559144E-17,3.376476131861442E-13,
1.0267548253525108E-12,2.3526086971103527E-9,0.9999999909133948,6.732975439065574E-9,4.253617018708565E-24,6.523539792437211E-18,
7.772053278608263E-18,3.348246839118144E-14,0.9999999999999574,7.619264230251741E-15,1.0305149848217924E-28,1.950083371782492E-18,
0.0855104579610457,0.6063521651860934,0.019168752849987047,0.2882246602898307,3.734796249188701E-4,3.7048408812414825E-4,
5.2256179111344514E-14,2.2668768292231418E-11,0.9999999970124236,2.9648545076843263E-9,4.743644548438026E-31,1.2583304731020067E-20,
3.7367568735375324E-10,1.190108271400321E-10,0.9999999987177546,7.895574357784105E-10,1.7499834505534641E-31,4.1174301071177264E-21,
1.0007907871001412E-9,1.4494754967721647E-9,0.9999999969763991,5.733354505540053E-10,5.285905111079391E-32,1.3745591101938398E-21,
2.2787928618235586E-8,1.498865510133805E-9,0.9999999752205614,4.92644037456643E-10,9.680759617149286E-32,3.1965053791958075E-16,
2.4298227117745837E-9,5.8194996723711394E-8,0.9999999384817234,8.934563419719065E-10,1.4176037380891081E-31,4.9962986426231854E-17,
2.0793901872397487E-4,2.5144924557076436E-6,0.9997831630152201,6.383473597383256E-6,5.414795674539899E-31,3.630073262159537E-21,
1.6387178824048252E-5,1.0979534249814545E-6,0.9999780342478247,4.480619916986514E-6,1.267984981761062E-31,2.4288902234272918E-20,
9.780636378566192E-10,2.848172165468095E-10,0.9999999515615924,1.753455926126702E-11,9.40552733926415E-33,4.7157999641337886E-8,
7.419175453053557E-9,2.8729838435052503E-11,0.9999961024427859,4.045102583512328E-11,3.566696616620426E-33,3.8900688581620685E-6,
5.0818626073436E-9,1.5336763791310195E-9,0.9999992199933048,2.1263576680886867E-11,2.5926738484813183E-33,7.733698883744471E-7,
7.084745790490561E-9,3.9508149213018995E-13,0.9999990393934648,9.535214125156448E-7,7.228172110550242E-40,5.477793444894781E-24,
6.1604276415662725E-9,1.744398129119072E-11,0.9995457047848568,4.542890372845021E-4,2.504804852098144E-41,6.35711245156917E-25,
6.313374541177768E-13,3.907128965804697E-9,0.9999999960921855,4.0138606289410976E-14,3.150371240540624E-51,2.892143319896598E-20,
7.905359847038107E-8,1.8087220295614836E-12,0.8392190776982582,0.16078084324634132,2.8385236891699098E-42,1.9277693568161173E-26,
1.2331314669382034E-6,1.005023650401503E-8,0.9990510214554744,8.850729651304348E-4,8.53321100795425E-34,6.266239769069363E-5,
8.338915602882556E-16,1.2081638873877468E-23,5.227294668003654E-4,0.9994772705331905,9.466659436410638E-57,1.3968863460942522E-40,
9.353796362379863E-11,1.5742314192004823E-14,0.004682510723241759,0.9953174891832058,4.9276175666537953E-48,5.3422645775078566E-28,
1.4503340955626723E-15,8.629047734131615E-23,1.2066451179330932E-5,0.9999879335488069,9.421548782384833E-59,1.778840189268048E-40,
6.514178561959371E-7,1.2512686014108441E-9,0.9172328465528791,0.08184426224751642,3.7376953631928596E-34,9.222385304865452E-4,
8.60379236175495E-14,1.248470209318086E-8,4.0158110381546374E-4,0.999598406411168,1.9868691986454717E-51,2.3778993489267607E-13,
1.039074081414263E-12,2.8359259997048885E-9,0.020102944952090546,0.9798970522109197,8.628125977009106E-54,4.385757433051493E-24,
3.935709807854452E-6,2.03041565983836E-9,0.9605937783202382,0.03856343917315366,6.043125709624192E-35,8.388447663849681E-4,
5.286201984782348E-6,2.9448386820299974E-9,0.8037771516437696,0.19332338458530504,5.955931790856215E-35,0.0028941746241002014,
4.996192994553606E-12,8.640473595452701E-14,2.046060274564285E-6,5.724876744057318E-7,4.196040355925495E-31,0.9999973814469634,
3.129950429585271E-5,6.019374906647176E-8,0.8090328712157678,0.18241510050697005,3.633770665026314E-34,0.008520668579215494,
1.5734407562859494E-5,2.421255424654852E-8,0.6588519434256497,0.3304733806283875,2.5303861180279744E-34,0.010658917325842395,
2.960140415455133E-18,1.0080618432135362E-11,1.5759531195542528E-5,0.9999842404587667,1.7436648618481402E-71,4.485433525202042E-47,
4.6296328484298984E-5,1.1078212020628321E-8,0.9954009789219925,8.920158066617889E-4,2.6810448117300924E-35,0.0036606978646495166,
2.5843231957617426E-17,9.883615808110846E-12,2.3025024786267384E-4,0.9997697497422029,2.0425482073882904E-75,1.3460543166705796E-48,
3.917250815526325E-6,4.390072020817346E-11,0.9747399983667622,0.025182997670806766,1.25297307672033E-41,7.30866677155911E-5,
6.724237591065469E-5,1.9607679780181862E-9,0.5716891663583481,0.42058374527093406,6.698933737299709E-35,0.007659844034036587,
3.1728650149723404E-5,8.833561825009788E-10,0.9027893536047564,0.09425929894137265,4.1708906726048717E-35,0.002919617920361688,
2.9349014431792855E-11,5.316531998901619E-8,0.7272486102223188,2.53254424370295E-9,3.0782212096878422E-33,0.27275133405047003,
7.725979425636167E-14,5.715586386903309E-10,0.9568244758990367,2.4753076202988194E-11,2.378692166467031E-34,0.04317552350457135,
9.620869399139344E-7,2.2517013777964712E-10,0.27805711630741137,0.7190915841785291,1.1560413211259653E-34,0.002850337201945546,
3.31333278904499E-17,1.753736372329458E-9,0.004386624006159128,0.9956133742400759,1.1467229147706178E-78,1.6405502371184892E-27,
0.029050825108434184,0.9194918236473122,0.004632285116929156,0.04675688211616233,1.0103679859769796E-9,6.818300079439078E-5,
2.466180512848358E-15,1.8169987087281005E-11,0.9847952362497477,0.015204763732107246,6.576852635541632E-82,2.493893313110128E-37,
9.707088389544028E-15,2.60847381573948E-7,0.0059334767804365635,0.9940662623721506,1.979140394071161E-78,1.2541328728695053E-29,
1.1964764908921586E-12,3.056388071883778E-7,9.883241558573803E-5,1.4579287614650447E-10,9.878257109453978E-32,0.9999008617986127,
3.589021203846692E-18,4.857569747207678E-11,0.9875089397845049,0.012491060166871714,7.051349403154725E-85,2.985248738326584E-42,
2.4059594951089772E-5,2.353839901046879E-8,0.44301377121633756,0.5553433890195191,1.1340638720857341E-35,0.0016187566307912283,
2.2390846599240683E-10,2.841153421285974E-7,3.412436472339511E-4,2.3881624436670487E-10,1.1160626946150183E-30,0.9996584717747026,
1.0600873372913113E-18,1.793581523274654E-8,0.0024011542029610984,0.9975988278611774,4.080273295223559E-87,2.102363892285326E-25,
5.938004604290581E-6,5.854317194356762E-10,0.13305322482632517,0.8658731288003986,3.0839639686330354E-35,0.0010677077832458655,
9.234293020949632E-7,3.5778537906954146E-9,0.12989488642340274,0.8698603501488064,3.326325045954605E-36,2.438364206314813E-4,
5.0541184825574526E-21,5.193755610822401E-11,2.078108151937357E-6,0.9999979218399624,8.134816801629334E-78,4.4268078242797207E-17,
7.726782397071907E-22,4.334673079691874E-14,0.26386068632485093,0.7361393136750624,3.7835939265920932E-112,4.757801737262393E-19,
7.178278304221509E-13,1.5868833371146816E-12,0.9997067546617344,8.45190945550284E-7,1.8380073882786937E-36,2.9240014501091257E-4,
3.3305191630658116E-23,3.4085610279494444E-9,0.0012816432633043062,0.9987183533281521,3.834353078424822E-109,2.066143185046772E-22,
9.297756397297805E-5,4.038935856125934E-8,0.3460801527363648,0.6536889625033537,6.771761863595576E-37,1.3786680694811483E-4,
3.5267139614307666E-21,2.0441971046572834E-7,4.802715573356744E-6,0.9999949928647158,9.83436008036447E-109,4.1975337537823283E-22,
4.8874776247780616E-17,0.3158921282168081,0.44366915009169045,0.2404387216915245,3.9118570104236975E-96,4.4083982114644176E-16,
2.7717904143443903E-5,6.732058319306703E-8,0.5675973009976327,0.43228992519285364,5.363744228970024E-37,8.498858478353249E-5,
0.007074687062233743,4.59141549212093E-8,0.04016993601569921,0.9527256328406362,7.132463665266838E-37,2.969816728204304E-5,
0.0034476362860129295,2.5043509374418803E-8,0.07004938115679518,0.9264906140692024,8.836833996197217E-38,1.2343444475248204E-5,
3.350946394918557E-8,2.9005314473500386E-5,2.8513227430838664E-5,3.9952532990585014E-10,2.2547089452753396E-31,0.9999424475491043,
1.2906061652659451E-15,0.9997433368206704,7.732938939636248E-7,2.558898853979819E-4,8.230176619382863E-100,7.855114323005181E-19,
5.297364538534113E-5,4.299779047904672E-8,0.1717603706370875,0.8281705014067668,8.831165675763826E-38,1.6111312975650498E-5,
4.664228198413116E-10,2.002160720297513E-5,1.228491828101839E-4,1.28127332632245E-14,2.4354393425170906E-32,0.9998571287435526,
0.13437617181744285,0.08624286793744922,0.12467856048725315,0.13505430637535024,0.08693513704772744,0.43271295633477735,
1.8883809559221375E-5,2.81090859847863E-4,9.255284271145543E-4,4.528710228833646E-12,2.187461549917471E-30,0.9987744968989478,
1.0559047183495329E-17,0.9999348997669025,6.273615936432578E-5,2.3640737560825646E-6,1.6434260550913675E-117,6.21027347126222E-31,
8.436295589921441E-6,3.3530063774509146E-8,1.0505419773577585E-7,1.148091011421289E-8,5.492708732338614E-32,0.9999914136392363,
1.2352462781389246E-19,5.676468538976079E-12,1.8699710821216454E-4,0.9998130028861528,8.645976148971756E-113,1.3209256036236544E-23,
0.013428277939485828,9.578077467615376E-11,0.05182151306069841,0.9347498367885413,8.451813919481815E-42,3.721155047065214E-7,
0.0027315992382547167,0.8556259784599618,0.053442428740475736,0.08819994917420935,6.03048206384072E-9,3.835661537076061E-8,
1.786957660493587E-4,0.9997367899143015,3.3030667716552647E-6,6.82166263198224E-5,6.185258450106522E-8,1.2932773973773944E-5,
1.9969896672662722E-7,1.2027836011801312E-6,4.492459217529411E-7,2.9116806968969785E-8,5.256368268897091E-32,0.9999981191547032,
7.179578143084821E-8,3.1774509525019007E-7,0.031083537505324693,1.1120743582643909E-9,3.310144641666383E-33,0.9689160718417208,
3.577749982292548E-23,8.482572167980098E-9,0.03215588231445301,0.9678441092029251,2.0998448604363245E-124,7.00854590287259E-26,
6.811311284977983E-7,1.8261788872664288E-7,3.1023684490095175E-4,3.1839529975424E-6,7.57856868681752E-32,0.9996857154530804,
0.36010174883431134,0.1658488942989865,0.11869364603148948,0.17291591928491082,0.027893172100103215,0.1545466194501985,
1.6158811844042871E-4,2.987266621457115E-9,0.0043496302200427715,0.9954887236800399,4.550103135901869E-40,5.4994208725532374E-8,
5.0134357348328044E-5,4.702740165605312E-10,7.150731922046913E-4,0.999234772219475,1.7074793985839857E-40,1.97606932146418E-8,
0.2282467939109663,0.25601991357386117,0.018826727773374623,0.4960136299028606,8.92441166984767E-4,4.936719522156027E-7,
0.002232417491472816,2.1297921184224784E-8,0.03202501551163783,0.017232713140060578,6.983360592487972E-32,0.9485098325589149,
1.7361690885544606E-4,1.1870122089975953E-8,1.4503262708574324E-4,5.67954803362481E-7,8.105747400497899E-32,0.9996807706391394,
1.2642037848457123E-20,1.4971737363548226E-10,1.0805060044742329E-4,0.9998919492498699,4.2085141567809124E-105,2.4319926300499367E-26,
8.256280411035098E-5,7.314949940075269E-14,0.0361040291568574,0.9638134072897817,3.766134336479287E-42,7.491826837299999E-10,
0.23799090329091105,1.3329076084185155E-10,0.6962806294160326,0.0657284614372515,3.639097428806975E-41,5.722506755959988E-9,
0.24403978995473155,6.23005899600111E-11,3.562378400806823E-6,5.32959091503053E-7,9.670909604750856E-31,0.7559561146454807,
0.015823161428563604,2.877797194618162E-12,1.3926891146100434E-4,5.643818906259957E-7,3.861068858423493E-32,0.9840370052752055,
0.004950668565374627,5.898248532171934E-14,0.009445136818923658,0.9856041945863805,1.2965332741579761E-42,2.926323625868579E-11,
0.0025175527201198485,4.4632592080811304E-14,0.03435088378258789,0.9631315634821684,4.7312355301739485E-43,1.507373798007679E-11,
0.0032967332476727777,1.3396851040254071E-12,0.010757732221061517,0.9859455345236989,9.64943126826729E-46,6.2298585416463796E-12,
1.0262289233074538E-24,8.362409723811672E-15,2.5804483534198974E-6,0.9999974195515375,4.119889975175097E-128,4.273937032086808E-34,
0.020708523309364995,3.513637773404196E-13,0.002790013320798707,1.8965786167401597E-5,7.058551027509029E-32,0.9764824975833247,
0.003141397477705626,1.7526890761648227E-14,1.3671283479354767E-4,0.9967218896565317,2.5421251504037303E-43,3.095302508104316E-11,
2.845130366489654E-22,1.1004067642481908E-15,3.0781172606127074E-6,0.9999969218826744,3.563230676382894E-107,2.970510848625704E-30,
1.799828952458411E-24,3.012060284395031E-8,1.2779206472228394E-5,0.9999871906729405,1.053378175428294E-104,2.153583114083757E-26,
1.9241258975746E-27,6.755946093986197E-13,2.5694869148739198E-5,0.9999743051302807,3.8853266621686E-116,8.091323931715209E-31,
2.746410385822318E-4,3.119948280203121E-14,0.006406738331281476,0.9933186206260591,1.0038507339567205E-44,4.038126639797301E-12,
0.349133589211103,1.706184489719696E-14,6.217388625932201E-6,3.2733115944773984E-7,2.259699215949827E-32,0.6508598660690887,
0.3862559450520925,6.119881585800347E-15,4.1175951465941734E-4,5.085502527468272E-6,1.153037324684198E-32,0.6133272099307147,
3.7355215563791554E-20,4.866024703088685E-10,5.902388583238595E-4,0.9994097606551744,5.742099662568386E-103,3.1287288524388867E-27,
0.8257001753805469,0.05399531728077329,0.0023788824156591305,0.11660359625427477,8.615249380972317E-5,0.0012358761749364665,
0.9738953138276654,1.2961100822741696E-16,4.775921825735993E-6,0.026099910250513447,1.2511513004873847E-47,1.4374439178500912E-15,
0.5112485556764625,0.13348932087318918,0.05333516829114087,0.06881526140438599,0.10356988357352163,0.12954181018129984,
5.141016387376484E-15,3.6983398473842654E-10,1.5445704702496344E-7,0.9999998451730909,7.741483570067741E-97,1.3500091510001404E-27,
0.9999999992041637,3.159699794260622E-24,2.1730384755410914E-12,1.207589660313605E-10,2.908311949075128E-41,6.729074964437041E-10,
0.5226519126589898,0.05250885931760385,0.09842829956966628,0.10693935139096936,0.1074852779005026,0.1119862991622683,
0.9999984537132764,2.1395486757886244E-21,5.27237546809175E-11,1.5462339991982545E-6,1.4610980742065246E-52,7.887477487452219E-20,
0.9966806300219826,6.7150482303004965E-15,1.6668543568589032E-5,0.0033027014344363032,1.354597018791218E-53,3.957790280789654E-16,
0.5250121720356845,0.1424044722059141,0.10952134598070916,0.06483506819775094,0.04818470061394872,0.11004224096599242,
5.2372739156438124E-17,1.3118136364163686E-13,2.213309685878351E-6,0.9999977866901355,4.135247498513127E-102,1.3583738729592612E-30,
0.5100091633237668,0.12082732458805749,0.06167027013339797,0.22584982928143782,0.025177218440334066,0.05646619423300595,
2.232223882895074E-15,2.079956274159442E-15,5.390680968381451E-7,0.999999460931949,1.0950191729670974E-107,4.2151516122229195E-33,
3.813495845815376E-15,2.2224565263223427E-15,1.504129355493897E-7,0.9999998495870954,4.1610991804304715E-107,4.030958225447845E-33,
0.9999999953527947,1.8028751412457448E-23,9.727264817926898E-12,4.63746813657571E-9,1.3021361382458346E-55,3.629878901313165E-23,
0.99999999999973,2.4363828839831069E-29,6.899918202631872E-16,6.498359593848799E-15,2.679832301164914E-45,2.694543465469095E-13,
0.5618463510174705,0.1215085155570398,0.07590709699497464,0.07929056143763043,0.075586399963863,0.08586107502902145,
0.9999999999999574,8.198374371606619E-30,2.0434571533513257E-15,3.566695872490011E-14,2.6767550221026236E-47,1.3093627791698489E-15,
0.8440045294414519,0.07723071757808278,0.01045923871062549,0.06386922087695952,0.0027444724848385755,0.0016918209080416344,
0.6737110815545986,0.1022483920899889,0.031423819689387594,0.08704981163838087,0.05904563693614105,0.04652125809150296,
6.83130174461146E-5,3.7363741364839545E-17,4.472481196138058E-6,0.9999272145013024,6.805154266740447E-93,1.8053508210592316E-30,
0.9999999999976126,2.392672310995328E-27,1.542177356720058E-15,2.394395901577412E-12,1.505580258098314E-63,7.724596522439847E-29,
0.5799768583675797,0.08012827243211496,0.08253947064117807,0.08906302926480351,0.10180570987219273,0.06648665942213094,
0.9533473117291406,0.0035335440184424386,2.0018211008172428E-4,0.026282998218982594,3.491733690016611E-5,0.016601046586452266,
1.0,1.0187756015478626E-29,1.1005415064398936E-19,3.0427573886418287E-15,3.792446896649487E-67,1.285585186407591E-32,
0.7928016083213032,0.04568749521464395,0.02879479278910696,0.09438706986614179,0.01604249800899863,0.022286535799805232,
0.43807969724650053,0.05694253681903787,0.06862804858137625,0.1575559889742152,0.1790703786449044,0.09972334973396589,
0.9999999999998863,1.2382911861608122E-30,1.156429289637631E-13,2.7842752605038534E-15,3.48306975556181E-51,1.368242093055003E-19,
0.7988335758010083,0.046194724268629396,0.011756561068982761,0.1070486670158539,0.012110364302162696,0.024056107543363032,
2.1411790886514848E-17,2.0108583701793668E-16,1.9099949181364083E-18,1.0,1.993645128938048E-135,1.0858940230525495E-44,
0.9999999999990621,6.614486772206402E-29,3.3269047492934076E-17,9.288989106541727E-13,3.6532481420298877E-62,3.518944577613803E-29,
1.0,3.5055050807527395E-30,2.6097222226590474E-20,2.8000932298057307E-15,5.957359584406565E-68,2.253204957914355E-33,
1.0,5.382665335422774E-37,6.182619501279759E-19,1.975264647759166E-22,2.460123924520675E-56,1.1046379545211715E-23,
0.5298000757046429,0.11104885096402486,0.0543316402024654,0.09797765170276389,0.08629936660470962,0.12054241482139338,
0.9859073264323757,1.0654595490928036E-18,2.3217300140977535E-6,0.014090351837589379,3.554042611722963E-106,4.4304424271753424E-36,
0.7258935817269186,0.07226960353708697,0.024839685138447684,0.11798487746010379,0.013220881961419961,0.04579137017602279,
5.147563115244979E-12,1.6826741200907157E-12,0.9999999998887006,1.0446659781281032E-10,4.95416529267812E-103,9.088884872221579E-30,
0.1272656082597171,0.13645328972094217,0.35434584525666146,0.10411114509366869,0.13797742849386183,0.13984668317514884,
0.5366967089532001,0.00109373818831988,0.046203084849294994,0.41600452522875253,5.698611398739914E-7,1.3729192917841795E-6,
0.779653228244727,0.04958204723324208,0.01811108703699696,0.11973055421568649,0.01412938095374625,0.018793702315601128,
9.012050603473614E-5,1.5230605876227572E-23,5.629737059081927E-8,0.9999098231965525,4.417889954043186E-108,3.900836018255159E-36,
1.9735522594864816E-5,2.0372280214359972E-25,8.448600169486469E-6,0.9999718158772601,4.547629837301804E-93,1.1666189215554663E-32,
0.8139365716816747,0.01878239106892241,0.0010450130065471131,0.1514779620401426,0.0017023471177550974,0.013055715084957911,
0.4718776114271656,0.07400279844692659,0.06848874989278153,0.1923854777355109,0.10220723952777938,0.09103812296983609,
0.79587209960592,0.04108772586473749,0.011249715610256866,0.12228590651851372,0.009807070189620438,0.0196974822109515,
0.9109169249142796,0.002033871732469939,0.0021575548012340824,0.08137429222449158,4.900558970086116E-4,0.0030273004305164082,
0.9426875925839698,0.015030897550560855,5.916495122944626E-4,0.02966463104327886,0.0018277555855922914,0.010197473724303928,
0.5320813331187718,0.09898667566605447,0.08444840038664096,0.08348929225454206,0.08990750325689596,0.11108679531709477,
0.34029219726652027,0.0016703309129488645,0.0873626615125689,0.5706276545343439,4.278625144432597E-6,4.287714847376399E-5,
0.9332116870938776,0.03151248631108827,0.0015366658553233495,0.030066276723678353,0.0024713073526285113,0.001201576663404166,
0.5475871525255668,0.09858801606335621,0.09637355894455957,0.09314864974889435,0.1129023287003496,0.051400294017273446,
0.1477772366788039,0.0031536018677319247,0.11839758790171959,0.7304458847395018,8.59546404082534E-6,2.1709334820263693E-4,
0.9262827854294845,0.020146539699041354,9.935227330772666E-4,0.046454321861888734,0.0024586219132011755,0.003664208363307054,
2.4613151876978168E-8,1.5727238494385587E-14,3.442092696886696E-6,0.9999965332941351,2.3243838478306214E-35,2.4828226166526693E-22,
1.0,1.5550190936641613E-34,2.6396331527320876E-31,3.3866574603432283E-22,8.69304301991245E-58,1.3577593946482812E-23,
0.5603645550378002,0.03965327040602727,0.08316309303735744,0.07011778711814476,0.10414198163729176,0.14255931276337858,
0.9833716732433935,6.696929619827847E-5,4.693664293448369E-5,0.014611770943978685,1.262880830229266E-4,0.0017763617904720896,
0.774486560594148,5.603555940937274E-6,0.013963874286810304,0.21152689188810467,1.1428958387869661E-7,1.6955385411580576E-5,
0.6635196086682212,0.13103682881824177,0.023159191895632703,0.14643366127783558,0.013056898732441102,0.022793810607627616,
0.9999708427573977,2.4949855444923283E-36,3.4658042406013315E-16,2.9157242592530244E-5,5.921543076301944E-73,7.19355612237378E-40,
0.5848078565562727,0.09563657866247287,0.08806451793087385,0.05766104999206862,0.09283102335207319,0.08099897350623864,
0.8398243466839614,0.04127623510206444,9.026281159079383E-5,0.11621806580357337,2.067000670600326E-4,0.002384389531749982,
0.97781930089299,0.02165283640945902,1.7247931052539513E-6,5.261379022293205E-4,2.2170677733708245E-12,3.744325708962192E-16,
0.6205809086308893,0.07519062115270587,0.07282366981786095,0.065024104902167,0.0930391367921536,0.07334155870422325,
0.9898525281134066,0.002648760475511581,2.7038960142881634E-6,0.007493446356776909,9.103516228161035E-7,1.6508066677109244E-6,
8.902655892874335E-13,2.60840989541934E-27,1.2873975139474594E-13,0.9999999999989768,1.4310371284029262E-143,2.283065057960057E-50,
0.7627950871022345,0.002342580283022754,0.008323325941599149,0.226197791917528,1.4567513690501922E-5,3.2664724192445075E-4,
0.9682336500754666,0.003045906948213388,0.0027470207356310138,0.025972051986870043,1.3700460737048466E-6,2.0774557341282972E-10,
0.6650284235541581,9.895686056040276E-10,1.6666542976821635E-6,0.33496990880176714,6.282663381586162E-29,2.0640698219181578E-13,
0.5048024464039131,0.09713822271102274,0.06909531939190712,0.20871575243280333,0.03794432933590984,0.08230392972444368,
0.6800790065367592,0.018466101852928945,7.347436929930677E-4,0.29095150816531723,4.103158976882609E-5,0.009727608162232844,
0.6815137060734385,0.05268824593035054,0.01376927609953926,0.18164245366419218,0.02523988238779799,0.04514643584468132,
0.8260285831967178,0.045129886255369615,0.007944828089305281,0.10813353595779276,0.002483333095293927,0.010279833405520574,
0.47158447919003216,0.09442946099574756,0.14045198375405485,0.16352808849832084,0.04877141001955926,0.08123457754228527,
0.9365752686060984,0.050189283432631994,3.9220631816665365E-4,0.01027911204172027,6.210986594454354E-4,0.0019430309419374125,
0.9342855653147457,0.05311905655671856,1.0397589654174955E-4,0.0069424366440900675,8.227353719245298E-4,0.004726230215979364,
0.9999094470279838,2.600101109143285E-25,4.856198676296782E-16,9.055297202699231E-5,6.893580163305939E-75,1.2660156695867229E-40,
0.9999920023917137,3.8541462596607335E-17,1.328557881340139E-9,7.996279736017275E-6,1.9305954344297125E-67,1.7860761636778432E-32,
0.5546722942317539,0.10938774731024545,0.1207527160098476,0.10017883442532606,0.02176006682349512,0.09324834119933201,
0.9999881832070665,3.532608135847569E-11,2.8650020732050204E-6,8.951755534844897E-6,5.352562932931459E-62,2.9398539766878585E-28,
0.5825829739646158,0.07406604580583123,0.04545612995038519,0.08693865991978926,0.08005795770384197,0.13089823265553657,
2.607149722926601E-9,0.03349978150627193,3.501351864616941E-11,0.9665002158515577,1.565722484905918E-67,6.134774952066547E-43,
2.0798842949964568E-17,6.84015598851596E-16,6.351601029361274E-14,1.0,9.171164618004924E-168,2.2154532544525323E-55,
1.4076030885526582E-7,1.790259341132011E-13,8.329152079690145E-11,0.9999998591562288,2.550882601625455E-65,1.635394554830456E-27,
3.447810665711142E-23,1.0,6.95081864246419E-65,2.46806574022928E-57,1.959011616529032E-82,2.175730205951385E-90,
5.706152258565363E-14,4.861401521703567E-21,1.4023176133412425E-10,0.9999999998597104,2.8225424733918718E-145,2.073874794669462E-49,
0.5700550900128388,0.1329944970539358,0.009091485127420506,0.2756899905434704,0.00113609127098545,0.011032845991349058,
2.920821258923964E-19,1.8212126054780483E-20,1.3348282566602237E-11,0.9999999999866986,6.275785295142578E-151,1.6496237437036814E-50,
0.5704982445325838,0.1796034091549487,0.011756181919760715,0.2306261904991833,0.0018942167933858104,0.005621757100137778,
0.7085024326459259,0.19198643852626873,0.008897631604271266,0.08595223217107448,0.002015500606891032,0.002645764445568307,
0.05424938016899272,4.789801375448389E-19,8.121732870810271E-8,0.9457505386136722,2.4773130315613013E-75,2.866772089768703E-41,
0.6744467306089108,0.24581754541438253,0.001115150264311814,0.07862057371239407,2.521284838363375E-21,1.871787721692277E-21,
0.7882681381979141,0.11269211023794297,0.005989774519175349,0.09107863950849947,7.302438458220767E-4,0.001241093690646105,
0.0035248701574751655,4.354078530568363E-21,2.1833539688843376E-7,0.9964749115071245,8.717688793206238E-83,9.476182253367892E-34,
0.689984451201048,0.0017358072979100512,0.03138421824109233,0.27657170690223565,2.5721518233779924E-7,3.235591425319338E-4,
0.93117298170376,0.002750091278047216,8.742195099923764E-5,0.05576088058720857,3.4181447281216157E-6,0.010225206335257087,
5.271801804405882E-10,1.0183778079883505E-17,3.5295357164042264E-6,0.9999964699370941,1.722856036599338E-66,7.88723678066693E-46,
6.766352116462764E-20,3.0601832078490366E-20,1.4370307159797653E-7,0.9999998562968916,1.0875556641740301E-231,0.0,
0.7427966517496332,0.07712300835775891,1.8754298151769702E-5,0.18006122176314043,5.074307751297677E-8,3.1308823842036347E-7,
0.8052854847572937,0.02416920830437823,8.572499863298159E-4,0.16968773170431156,1.0135408297874217E-7,2.2389360388422777E-7,
0.34139663551032523,8.350020649404708E-21,5.706673635034999E-7,0.6586027938223046,5.561088527416399E-81,2.8953288028444326E-30,
0.5848753949393456,0.11720631963083379,0.014855380884628391,0.2656517274377849,0.006680175521591535,0.010731001585815744,
0.3444654515931774,5.255232525170983E-4,0.20500808256349423,0.44792851036427234,1.6083212413618504E-19,0.0020724322265385196,
0.7308049335636183,0.06020445646205248,0.006467692385446533,0.17716630834393488,0.005163616127993804,0.020192993116953894,
2.4260759520158894E-20,8.024294831244646E-28,1.029014156915481E-6,0.9999989709859457,1.5914987464935491E-288,0.0,
0.028178286758854237,6.550330452608462E-18,6.763320071864263E-5,0.9717540800404257,3.7141550611679816E-77,1.6965484019313598E-26,
2.5260598286124545E-8,0.9983865511079613,3.573048430973817E-7,0.0016130663266055894,5.040490295199197E-58,7.947567941589472E-28,
0.9839679036947664,7.892691503599152E-4,6.492102474430369E-5,0.013002601533046512,6.948334524405501E-6,0.0021683562625584387,
0.5531927999197679,0.07054466004674984,0.11620952838697482,0.08319791866149269,0.09661433926876153,0.08024075371625336,
0.686999358471603,0.062405788016819945,0.008512002855001238,0.22363408520767408,0.0018634451043236903,0.0165853203445779,
0.44645916095579474,0.10132463792940472,0.13520419057528765,0.1728901384361124,0.10591551578594494,0.0382063563174555,
0.6312625554559315,0.10289442732088133,0.03216998862678034,0.19615765044121689,0.007328104063834658,0.03018727409135527,
0.756926985601383,0.04822479690241137,0.007017162260405853,0.17990696284397042,6.655108149544082E-4,0.0072585815768748735,
0.7075708770070968,0.07722623327478557,0.01615990222926993,0.15644320141324145,0.009124042030102485,0.03347574404550378,
1.3062273603769888E-13,1.0368552208729636E-24,1.1342296635118741E-4,0.9998865770335081,3.038655076764113E-66,1.6082754635162996E-29,
0.5722574737463859,0.042637459891562965,0.008961507141744332,0.37010718905822065,1.936936595006743E-4,0.005842676502585462,
0.4093830974250793,0.022101068816427445,0.0077059829957748655,0.5569971373087074,2.2078814293856578E-10,0.003812713233222832,
0.7621951652788643,0.022009774385458102,0.003016095327342669,0.19670212773363577,4.8774937574452387E-4,0.015589087898954579,
0.6772601417069435,0.027798552110403652,0.004242067526420315,0.26960258214060545,0.002843573361811636,0.018253083153815384,
1.1901722550302159E-6,0.0019664088370611025,0.04066059873962469,0.9573718022021567,1.9650534113288025E-20,4.890289596550834E-11,
0.4217950168530277,0.09128561598156587,0.018191110223875758,0.4464661766980683,0.006733671673643014,0.015528408569819354,
0.29022081950745693,0.17456988916324223,0.10510917940189073,0.2862958061317769,0.10187350776331584,0.041930798032317314,
0.7133579976195606,0.011785977834469281,7.930499974403488E-5,0.2652160610398929,6.181536998320754E-10,0.009560657888179449,
0.6040212500139156,0.11294659285952643,0.023400451009763738,0.22708448258912595,0.005771887619789882,0.02677533590787841,
2.168930616931479E-11,1.986429825128429E-24,1.368803100655683E-4,0.9998631196681698,2.3349345659798487E-224,0.0,
0.6290126132579081,0.024568619307496948,0.0030279211851498614,0.3249025514330746,0.0018001318868326249,0.01668816292953766,
3.855204803609615E-4,1.6210727019126922E-16,2.4363331312232444E-5,0.9995901161883154,1.932377291679389E-82,3.341933864471914E-27,
0.02644087271884519,0.37936108825127607,0.02929004472910902,0.5649079936224463,5.66865170898283E-10,1.1145848672126357E-10,
0.623575333408355,0.003031361254051187,8.07654969649987E-5,0.35924946910156563,7.293268344948539E-7,0.014062341412228743,
0.5174431041513566,0.08841920295322153,0.018941636784418663,0.3165803835156138,0.013691413559042503,0.04492425903634695,
5.127824651038406E-4,1.5929304324269045E-13,0.009002117198793564,0.9904851003359396,2.984688975668827E-83,3.5572917056678078E-68,
0.4832763891773063,0.03371097963815564,0.016988433320189462,0.4541625056259029,3.096515207425474E-4,0.011552040717703028,
0.576489239154149,0.05198246389796013,0.012470488273307417,0.33743519065069555,0.0030970070777888692,0.018525610946099,
0.45018289252387594,0.01746428567871522,0.0032550877844347383,0.5290530623885223,1.9427584835086633E-6,4.272886596813746E-5,
2.2077723303577497E-4,1.7513951532881908E-12,0.00802129783135367,0.9917579249338523,7.237830244010733E-83,2.3468202744077633E-51,
4.5326716076654215E-4,3.484563780162967E-11,0.007758330889942605,0.9917884019144506,2.690253860708383E-82,6.282844406553722E-45,
0.41698244096768805,0.10054770907131265,0.008346656216988761,0.452945662857012,0.0012239415303379373,0.01995358935666046,
0.01372610975044727,4.561922240370827E-12,0.01371448665013514,0.97255940359485,6.29653670523212E-74,1.5271713339617107E-23,
0.3558571037722011,0.10470341036698168,0.02594763501448779,0.4515071046473989,0.014708787381974312,0.047275958816956155,
0.44141241630231237,0.15060182013345463,0.03230505117056573,0.329868914600394,0.012470080094666255,0.03334171769860695,
0.009050383188331868,1.6485430304006987E-11,0.10089192402193362,0.8900576927732501,3.2346654497107803E-74,6.018887346977626E-26,
0.23622843251900139,0.014022547007282497,0.02933531245679739,0.7204087552849339,6.597799747438695E-10,4.952072204594105E-6,
0.00421362791365736,3.4887250665486627E-10,0.2293563445464828,0.7664300271909938,7.533922364138669E-74,2.3747445867453942E-23,
0.5491755577458548,0.04791490767950962,0.005220812776601967,0.3883044804299506,6.136472934777968E-4,0.008770594074605129,
0.21511979616303156,3.5985577534016536E-11,0.35065583795888133,0.4342243658421154,2.735067178402851E-83,1.8398349093364213E-33,
8.587464380621187E-4,1.8776065932501568E-10,0.004096746451948354,0.9950445069221728,3.721496669654314E-190,0.0,
0.46477035978277537,0.10888195988621796,0.024330584961396895,0.3893229285642334,3.4334759908928315E-4,0.012350819206286981,
0.05925914306024304,0.8833590497235138,0.018903351354534248,0.03847769271566838,1.5065371850507097E-9,7.616395039370677E-7,
0.6122894708131597,0.060222739490563525,0.006117961207017669,0.3065952339369543,1.7371040484120861E-4,0.014600884147463456,
0.9998093537593513,2.997356475769568E-11,1.5930888158825526E-5,1.7471532251070828E-4,5.067675158286411E-78,1.0747274584990909E-26,
1.197268138983655E-11,0.9999999999880345,4.059172740308047E-26,2.8311570251863418E-24,4.883472820756546E-64,3.516858343507312E-26,
0.9976513338542234,2.2667581338315168E-11,0.0023480775288272086,5.885942844809185E-7,3.9515299780371753E-146,9.506534892077023E-199,
0.6255514399862271,0.105904186802045,0.033916374884711234,0.06376752691542899,0.04870873107794082,0.12215174033364705,
0.9999989282589242,4.3507073603501013E-13,6.383155067276207E-8,1.0079090999572408E-6,1.821999927123586E-80,7.971522131353682E-29,
0.5944750560278218,0.060863261428109466,0.1443876141201782,0.08857484917777643,0.0811000322712678,0.030599186974846395,
1.0542112937945244E-4,2.9686725668923044E-12,0.01764534585401396,0.9822492330136592,1.2602346138528485E-153,8.89868221213277E-194,
0.09339027943956946,6.042686398329281E-13,0.008261742616756688,0.8983479779430735,9.350638635346981E-76,4.300694836517586E-23,
2.9504905001443813E-21,1.0,4.3639795662559627E-16,1.9657753347337624E-15,4.57036496725177E-66,7.959819413404843E-32,
3.905008679441756E-21,0.999991251359077,2.680969633297534E-7,8.48054395438159E-6,2.4654374507447996E-65,2.605841825651081E-29,
7.109638762522905E-32,3.212587956884882E-10,0.014130100952131264,0.9858698987266111,4.0121325508231335E-79,1.746081654738315E-35,
0.33373541559619074,0.13493671462877002,0.046359329694707775,0.45175553758666775,0.00523580380536206,0.02797719868830156,
0.4436181108201558,0.08501997922112894,2.3856642604684714E-4,0.46359899705168683,9.676534273882978E-5,0.007427581138242931,
2.990161020019268E-26,1.1058060272242022E-24,0.025489255347509062,0.9745107446525085,2.510176541474846E-74,5.192101398639425E-39,
0.007792565610583056,6.0454641832000554E-12,0.11583497834373799,0.8763724560396271,5.892571201519896E-76,1.6795255961781557E-23,
0.17670398875717716,0.101999483979347,0.11043580835332639,0.488941000761576,0.028908015083816335,0.09301170306475724,
2.3461801255987113E-20,9.559903684667905E-21,0.02354907060486353,0.9764509293951311,9.230910435640026E-68,3.669440433361803E-43,
0.5884353096791459,0.009956278410415648,5.959443160816062E-5,0.3870568114178125,9.847408970562361E-9,0.014491996213608601,
0.44767119223473734,0.1162096523387649,0.08014574918672822,0.2389859828719142,0.03077649789575327,0.08621092547210196,
0.5987683643492949,0.025945229320519656,4.416421116503163E-7,0.3627261603349944,6.587618506738617E-8,0.012559738476894136,
0.5105679419207335,0.12799204258390123,0.02921289080790342,0.27184878469107765,0.017916426968762587,0.04246191302762159,
0.5230427578222245,0.005009625175164752,9.903510598007095E-5,0.4532498853138881,4.1612236713193446E-13,0.01859869658232651,
0.5631142109316072,0.007345857198429498,3.5942446342391697E-10,0.408775541360977,9.758896683322803E-15,0.020764390149552153,
0.4776296789619731,0.07457764405793954,7.183909115918632E-4,0.42491876236769316,9.547815736583054E-4,0.02120074212714386,
1.095577418010604E-7,3.005781621327289E-4,0.4350914121395986,0.5646079001405209,1.0801369144800104E-28,5.95169716991367E-15,
0.3619161658167015,0.0018732571177324598,2.158328556043595E-8,0.6135720679816079,7.092320502925459E-29,0.022638487500672936,
1.1379106704715331E-27,6.479862454549444E-34,0.06395669653976706,0.9360433034602499,2.7845217587597335E-75,1.9038922633826494E-48,
0.5342484581590371,0.001925198898899808,5.119182383298018E-7,0.444455070459622,4.330088760731681E-5,0.019327459676595327,
0.31713730394243883,0.14644428113056746,0.0828045600305014,0.3247600423846195,0.05629322070219533,0.07256059180967765,
3.425694394928106E-19,0.9999998988529109,1.201552642905399E-8,8.91315623770719E-8,3.142770740847983E-60,8.079562026121033E-36,
1.9906611558142312E-29,2.7526882787819654E-7,0.15626144882761758,0.8437382759035649,1.423834803763753E-76,2.832188040839278E-41,
0.392046428546853,0.04689896003639193,0.0029809687655963013,0.5517877365726895,0.0023997565227126573,0.0038861495557566193,
0.1502359638903812,3.704912643919344E-11,0.7937281679519431,0.0560358681206202,1.2734578838324105E-74,4.1275723312400886E-23,
0.5167358170737344,0.13768463742532946,0.02292005609814628,0.31407321646702996,0.002305864235646713,0.006280408700113107,
0.4030288477167971,0.18027044845053697,0.07515625949683107,0.22346209493465344,0.053205663015805864,0.06487668638537566,
0.9741234581324308,1.175340130434862E-12,0.014899659458392993,0.010976882408009252,7.002263173181164E-76,1.1026839204755756E-24,
0.5444004350222396,0.08503031998045822,0.11577403785686333,0.11065286061800457,0.0761067312772896,0.06803561524514477,
0.3109764543841237,0.053035155537803406,4.7390395766747236E-4,0.6354197917948101,8.969554239177013E-5,4.9987832035408446E-6,
0.39689832086344345,0.14178409622317506,0.03438525356603382,0.3788261637117851,0.012667978620374463,0.0354381870151881,
9.398845949086113E-47,1.503426953976132E-35,1.2670323448182812E-62,2.634917325098864E-64,1.0,2.909194782835333E-106,
7.261686002122992E-6,1.7827808191972225E-11,0.7833660299368533,0.2166267083593651,2.85056066040178E-197,0.0,
0.5291342117389197,0.11596574519090841,0.006325001892040328,0.3477977090756191,9.785519251944993E-5,6.794769099930488E-4,
0.5106681056292067,0.04815525406867161,5.416936640491979E-4,0.43972921589799013,2.263273534110745E-6,9.034674665482934E-4,
0.5699833730104275,0.18451364780250595,3.471240501938779E-4,0.23971738143135762,7.152373673626188E-5,0.005366949968778778,
6.458764884035833E-47,1.0,6.625906583396109E-66,1.578911483307858E-65,1.7747143898442825E-21,4.976140030553832E-90,
3.796430438262302E-4,0.7316404327358734,5.407962023593468E-7,1.478595851785833E-7,2.2084710541986845E-43,0.26797923556452513,
0.5392273177161336,0.021765096740961422,3.2218295415061836E-6,0.43865082950245954,3.26608564240696E-5,3.2087335447951297E-4,
0.5717708444105041,0.019975872919188457,7.057114793663703E-4,0.39808360590070746,2.91833208399406E-4,0.009172132081834223,
1.2814155481810939E-9,0.9999999869527586,6.0108073091954515E-9,5.738781249403049E-9,1.0305631013289152E-52,1.623443031364764E-11,
2.8084320201446378E-11,0.999999995738051,2.241331541800224E-9,1.9925171131704185E-9,5.2834671444598E-57,1.856111480462753E-30,
9.465687987285923E-5,0.35001961619342514,0.02302098157417796,0.6268647368445662,8.507961319036516E-9,3.4809575824724126E-28,
0.003674274255032011,7.924060595959083E-4,0.20557152243184582,0.789859628278209,1.1830041515157865E-12,1.0216897413316686E-4,
3.872662819346999E-18,0.9999999999999716,1.197753968606694E-14,1.5889820836086297E-14,1.5774466516872196E-56,8.802520059572828E-28,
6.974316477121418E-20,1.5685602142565294E-14,0.18481434461017626,0.8151856553898216,6.779088310513887E-63,2.15332003657412E-28,
0.5452633179675235,0.10595304025114526,0.009407389871116993,0.33483668377048936,5.4081890595015E-4,0.00399874923377463,
0.9998699906397955,1.87390191059247E-12,5.6767189187551706E-5,7.324216913654876E-5,1.7141881786260948E-79,7.314341957853818E-27,
0.5985562737497822,0.10574487427635147,0.037441832322022826,0.200840836491184,0.008832865411473675,0.048583317749185895,
0.4791500422496696,0.15770499022486234,0.020960406453907045,0.2858620416680767,0.01197698802004286,0.04434553138344129,
1.9931906646351853E-5,1.0983731948232159E-20,0.9999800676669801,4.2638056702569316E-10,7.151097205464553E-71,2.7847052922833213E-21,
8.260133827630795E-17,7.544389707816103E-7,0.3288539177673008,0.6711453277937298,5.112064341584E-61,6.824440914012315E-26,
0.46734385649526305,3.80418981756961E-12,0.4236797813293987,0.10897636217152429,5.411650032051518E-76,1.4437444230302584E-23,
0.49778890628828015,0.06407529745208983,0.0018412639231372104,0.42512375832506716,4.249266072444973E-4,0.010745847404181025,
0.3790463559516104,0.01778703618342511,0.03904478905764557,0.5641218186229667,1.3736226972706538E-11,1.7061584461081757E-10,
0.5985796413417492,0.026133624334582623,0.0010325635881340712,0.35856138712286717,4.0454495965312526E-4,0.015288238653013847,
0.5222412957026341,0.10614247346935966,1.5125801510337484E-6,0.3601763207865864,8.599461887121852E-5,0.011352402842397658,
0.42675060717385205,0.019970297317559844,4.0532673286823576E-7,0.5369170104554379,6.6470120787802826E-6,0.0163550327143387,
0.3388071976800997,0.1692413080216585,0.006858062178815256,0.48509296692625886,5.682034257641912E-8,4.083728247094046E-7,
