
0.06632177419640482,0.0185067642757936,0.12247538615429938,0.24344313867900458,0.0022937763809934837,0.219536064393025,0.20298936927618758,0.12443372664429146,
0.06632177419640482,0.0185067642757936,0.12247538615429938,0.24344313867900458,0.0022937763809934837,0.219536064393025,0.20298936927618758,0.12443372664429146,
0.1280436094153181,0.12252624224510639,0.12270578358317293,0.1263950580566951,0.12252258084674832,0.12657696569138485,0.1294007499865894,0.12182901017497455,
0.0024312191587603335,0.005030167507334561,0.5445457903185098,0.43366568628535856,0.0029334782589875014,0.004480094628122246,0.003416633587928965,0.0034969302550009696,
1.3182039839954357E-4,1.229003064387038E-4,0.6145235405849507,0.367687702726502,0.017252037199061685,9.408420543214699E-5,8.090632135008443E-5,1.0700825786508655E-4,
1.8554014228322293E-8,8.564282068317363E-9,0.5024718731632459,0.49683352719569535,6.945220347365622E-4,2.2518747655185984E-8,1.2802691033534014E-8,1.5166588342560274E-8,
2.7120243964395587E-9,2.123593722761596E-9,0.5881353283294474,0.3963747449111751,0.01548991495418917,2.4435652868533388E-9,2.634358163443226E-9,1.8916483445485068E-9,
2.6223927125622024E-8,1.7955948365994293E-8,0.4165108923685424,0.5779623002418901,0.005526708744867659,1.2747614148443826E-8,1.7131399075035027E-8,2.4585810728139566E-8,
2.5551656307039027E-9,7.061530306526537E-9,0.5682443280282249,0.43168729020288077,6.835708894633064E-5,3.1313210182849228E-9,5.550362252776231E-9,6.38156960431179E-9,
1.7017789323493952E-8,1.7991593609587757E-8,0.462603874989105,0.5008415487936971,0.036554483638536195,2.8160043983468113E-8,1.4186408470794559E-8,1.522282437102873E-8,
4.0145311956342126E-6,1.8724777299983463E-6,0.40987061679390185,0.5899863491373838,1.287483565233363E-4,2.6855498341658026E-6,2.996977526911323E-6,2.7161759043761336E-6,
2.8179792688775146E-8,2.1473618308555615E-8,0.7795260926582244,0.22016094001128284,3.12828541861069E-4,3.661030009911982E-8,2.3508026311376656E-8,2.9016893914757936E-8,
1.8351269055024694E-9,8.713336782320672E-10,0.42828756664582823,0.5711699816958682,5.424450488982538E-4,1.1993084625923063E-9,1.3859288036456747E-9,1.3177082422064594E-9,
1.645354858079986E-7,9.380895248879844E-8,0.34585376367256937,0.653335365007616,8.102634762280469E-4,1.1949694189781744E-7,9.607674932916E-8,1.339254572096864E-7,
7.592463526232733E-10,7.085857341031267E-10,0.4941582839720121,0.5019334725160077,0.003908240325220765,4.5108387404667507E-10,8.233960482058129E-10,4.4444688477768175E-10,
2.646843577460584E-9,2.286276662177457E-9,0.5362191683597528,0.458900449278401,0.004880372666017982,1.6052605478027875E-9,1.7907218432368666E-9,1.3667267398213286E-9,
7.90360412814151E-6,5.476627263106135E-6,0.49804972921538115,0.4986724951850733,0.003247568785781296,8.70123054000479E-6,5.048650396008608E-6,3.076701438094182E-6,
2.243227898140991E-9,2.490824770266488E-9,0.6850512816946202,0.31444652395381995,5.021852209912608E-4,1.401554899827809E-9,1.6625271236713355E-9,1.3324368207847468E-9,
3.9080831718378E-9,4.595708788910696E-9,0.558340180056359,0.44059863732995824,0.0010611648776672777,3.38793852735214E-9,2.7832379507329264E-9,3.061048431275136E-9,
1.0112972536567094E-9,1.2559723418941493E-9,0.5194673789360369,0.48009228205802185,4.4033165921024636E-4,2.511767268725959E-9,1.0955331830001718E-9,1.4721613354552416E-9,
1.8497630608548058E-9,1.5671880281109198E-9,0.615162642341818,0.3848265667439312,1.0784364944531636E-5,1.1004809775160332E-9,9.624089929251634E-10,1.0694647765602099E-9,
1.5201555214575952E-9,1.1290362784864686E-9,0.5041779517468294,0.49331291749591794,0.00250912390578669,1.0543882507749367E-9,1.3128472036128102E-9,1.83503875263221E-9,
2.025757904406062E-13,2.9583993310078455E-13,0.3813037651469625,0.6034049315417324,0.015291303310041327,2.304157349497211E-13,3.0299554175835267E-13,2.3215959185861544E-13,
5.30853224530871E-9,5.98848413502748E-9,0.654192338022097,0.3458064089342724,1.2309019793975886E-6,3.184461745797987E-9,4.42251033530739E-9,3.237664161000438E-9,
1.0408556528486594E-9,1.1774813317195926E-9,0.46429396506368376,0.5356589849947238,4.7044148109553754E-5,1.1268010675743322E-9,9.117779274244709E-10,1.5365693952746987E-9,
9.045425128817864E-13,6.013885364089884E-13,0.6625477479641255,0.33744157112986795,1.0680899640192486E-5,3.994660178737946E-12,6.203624842988752E-13,2.480613337711119E-13,
6.4708682201991585E-12,4.708219667396077E-12,0.5251820483510368,0.468225377922754,0.006592573665281181,3.787696985107804E-11,4.319363614078898E-12,7.552746176656478E-12,
3.580589330630262E-8,3.6429570450525434E-8,0.5370753095760145,0.4567795999986659,0.0061449000951156905,1.4180054746454757E-8,5.033433801549753E-8,5.358034698902776E-8,
1.709799786327385E-14,3.2493231687415786E-14,0.7386912108267962,0.26029403702743636,0.0010147521456683045,2.188593500870813E-14,1.8086534070136636E-14,1.2122740444289297E-14,
4.228076728038762E-14,6.876742129158325E-14,0.43858173783639326,0.5591481870569844,0.0022700751062686574,1.3837550752703615E-13,5.771369217297505E-14,4.776866186980785E-14,
1.7342735128227821E-13,2.0386080495890292E-13,0.29706842805461114,0.7018872644719444,0.0010443074725212382,2.0168492294501267E-13,1.8054279319442296E-13,1.6379463702350416E-13,
6.236567291286996E-6,6.2182510460576346E-6,0.3268346142077811,0.6725321841793444,5.986179463489025E-4,5.4006702749811184E-6,1.1851056500754363E-5,4.877121413296459E-6,
2.434449372237329E-5,1.8542756610486956E-5,0.31492442347057387,0.6843309188637384,6.248675122349684E-4,1.9281577982148982E-5,3.62731227141621E-5,2.134820242299882E-5,
3.471970872430716E-5,3.904248840835214E-5,0.3367645609212679,0.6623759698391238,6.744072031714801E-4,2.8486551793076757E-5,5.288030015528214E-5,2.9932987356057988E-5,
5.902457088871131E-6,6.134259398316403E-6,0.5616288857917664,0.4340595525303029,0.0037955321405759345,4.846348997193775E-4,9.943277097794015E-6,9.414644049425028E-6,
2.290708815981864E-6,1.2575369079837375E-6,0.5997762650450215,0.39979718117882834,3.9742496473574887E-4,1.8618980304748798E-5,5.083081046675869E-6,1.8785043390885495E-6,
8.157075785864652E-7,9.824532312534498E-7,0.38630871449950466,0.6121871476628572,0.001489135591125437,1.0208965587587998E-5,1.8583140407767357E-6,1.1368060745522177E-6,
1.0571571630608487E-9,1.262182228903741E-9,0.4684656906631823,0.5314978133594175,3.6487005725914634E-5,4.952473029741033E-9,8.880279180982877E-10,8.118344617202504E-10,
1.895039328294471E-12,1.889005249247561E-12,0.44860817630481836,0.5479477508835217,0.0034439769278983793,9.587641179726827E-8,2.454862500758938E-12,1.1088549410617239E-12,
4.060236520502345E-8,4.537833697413644E-8,0.364442387873892,0.6307484982490482,0.004808894402362376,4.2491264202903134E-8,6.558902093580627E-8,2.541370871251092E-8,
1.5190793920373357E-13,1.327210117185383E-13,0.48057415840157,0.5073366572177529,0.012072749445232029,1.643493481255968E-5,1.692647527184072E-13,1.7950126744877794E-13,
1.2335212843837364E-17,2.2643505032190286E-17,0.6605949369087791,0.3394034403540166,1.1727142089774107E-6,4.500229958667281E-7,2.5104787993385825E-17,3.236182401671104E-17,
3.466444190758109E-18,6.61439510681799E-18,0.5789455586689348,0.4210543077353055,9.654435440549866E-9,1.2394132071537632E-7,1.8832154306116955E-17,5.700087497615083E-18,
4.577547328771963E-19,6.54803126562062E-19,0.3398159431079374,0.617000235357559,0.043182610414890646,1.211119617305837E-6,8.947820912101249E-19,4.3076196612024034E-19,
5.922517754421726E-16,3.5472772953426393E-16,0.5987265738632189,0.3866278203884633,0.014645426248574263,1.794997452067335E-7,5.390055464973866E-16,1.4135539939697622E-16,
2.9614767775249244E-8,1.88395708114082E-8,0.5654879840892448,0.42330382322021237,0.01081235012388709,3.957502826581208E-4,2.529691451069987E-8,1.8532743488336102E-8,
1.242888591488317E-7,6.62403346150861E-8,0.5227586463403454,0.46958390977743875,0.00742871907746796,2.2821414885663722E-4,2.203836668217636E-7,9.974303083951111E-8,
3.580015971756201E-7,4.632246139001528E-7,0.5321917368258106,0.46006963837070447,0.0075015749785621475,2.3505498434225525E-4,8.229983609194967E-7,3.506160089263073E-7,
2.3263015879921662E-17,1.9217978928284738E-17,0.4633315464161914,0.5145131497816873,0.022154276836845635,1.0269652753174963E-6,1.129755491761391E-16,2.4119166634655486E-17,
4.855966216172986E-29,1.4593737642258365E-28,0.4495251703116742,0.536461488587902,0.014013298955742966,4.21446879626275E-8,9.395045580409368E-28,1.5169738275575682E-28,
1.5230839285191898E-9,1.936634493806896E-9,0.389708099187743,0.6078052468189831,0.0023460685069711185,1.4057770521539427E-4,2.9085464524521223E-9,1.412821643428649E-9,
2.959803926550188E-12,1.759545884415779E-11,0.7216515899552012,0.2771275169107772,7.184059440767327E-4,5.024871066488473E-4,3.3262411502649475E-11,2.947900395730281E-11,
2.1049441675323133E-8,3.138413138256185E-8,0.3088302905467314,0.6868340574494252,0.004302649427205785,3.2856325766161204E-5,5.825023908625383E-8,3.55670612776779E-8,
6.352341993278724E-13,8.123494795020623E-13,0.4471345785318646,0.5457745230996365,0.007089792247049361,1.1061184616561007E-6,1.0582179469624798E-12,4.819545517959336E-13,
7.299517822027732E-23,9.102463810230173E-23,0.45617974530853994,0.5437314026339756,8.884069334248936E-5,1.1364145287205053E-8,2.499948680306369E-22,8.144895539841754E-23,
2.350778235169904E-21,3.0643334643234726E-21,0.3646824737750537,0.6297918924303679,0.005525584984847701,4.880972817796733E-8,3.3630771552384494E-21,1.136462109069901E-21,
4.289560129893957E-13,4.507611761206747E-13,0.5875081269546292,0.41229523428945825,1.951330289734085E-4,1.505724833034461E-6,6.784189733628091E-13,5.477619791522579E-13,
1.599637524818231E-30,3.5853700512713476E-30,0.3507510961349527,0.6491079261287495,1.4097522108776702E-4,2.515210398021962E-9,6.1095657192206486E-30,2.5465978283203443E-30,
2.5409919628538885E-26,2.0067678199512175E-26,0.24407091435866796,0.7527843639423777,0.0031447207678980474,9.310611292026202E-10,2.9470996230937804E-26,1.1509832737439857E-26,
2.7039875345640082E-17,2.4520425916958465E-17,0.3752524794800134,0.6199620073016346,0.004785466567138578,4.665121239543592E-8,1.2142418989500603E-16,4.423521850289065E-17,
3.637487355206716E-12,4.651837987442368E-12,0.403443185385133,0.596417707410102,1.3879136131229424E-4,3.1581480890094055E-7,1.4008622298634349E-11,6.347487839527631E-12,
3.23977052750926E-20,4.954018711438735E-20,0.30366019529703,0.6804161217628221,0.01592365582432435,2.7115822133250994E-8,5.920633680904424E-20,3.3585649061537855E-20,
1.5025868315796244E-13,1.1149258681299826E-13,0.7966162049400225,0.20273899599877138,6.350844439886452E-4,9.71461630269784E-6,4.883866455420246E-13,1.656420826896319E-13,
2.599007860973605E-11,2.5759890828736114E-11,0.4123793071525305,0.5752161750663449,0.012373425688613228,3.109195846908864E-5,6.533936004777719E-11,1.6951284723281637E-11,
3.455207888645108E-12,2.5294157833980783E-12,0.5095634994211518,0.48980114999356106,6.120858264181547E-4,2.3264737347324277E-5,9.316406293056122E-12,6.220812922569108E-12,
1.2845016147131043E-13,1.5858852937086546E-13,0.437439363822624,0.5617947280640486,7.507261189558613E-4,1.518199322078411E-5,6.174507396590781E-13,2.469454857533423E-13,
7.606013452523267E-12,6.577757322252265E-12,0.48000884497816537,0.5082085029377011,0.011777432871090059,5.219168580101105E-6,2.2572702026064023E-11,7.707600887495995E-12,
1.5888812316798542E-14,1.5874878111435247E-14,0.5430090309280698,0.4569542383409472,3.525351963332591E-5,1.4772112231401397E-6,6.503914103911669E-14,3.0076182873538714E-14,
3.030253262862681E-12,2.7211067953787835E-12,0.1922704309367591,0.8058720733377855,0.0018574273848882901,6.832290104288277E-8,4.822050510909285E-12,7.091277506154553E-12,
7.694354395898693E-12,8.829336161767516E-12,0.5636134376681241,0.4363811035067651,1.599498079536265E-6,3.859297765541234E-6,7.383233783501427E-12,5.359718720800756E-12,
2.0293822524226333E-13,2.117802014086003E-13,0.3444454410181172,0.6518951697394397,0.0036586452746518497,7.439665679261538E-7,4.74748227906846E-13,3.318606589166338E-13,
7.53026976204995E-18,8.667576703906534E-18,0.48916890587661715,0.5106967102333759,1.3435886054897271E-4,2.5029453786635406E-8,8.476152446199425E-18,5.184547757616037E-18,
3.035243153171522E-29,1.8456819109236135E-29,0.3211086620984749,0.6776877807479887,0.001203557082307515,7.12280174691845E-11,5.124287577363127E-29,4.0412208253091057E-29,
1.4038662379209237E-15,7.840183379271723E-16,0.46906831255241555,0.5286413078216361,0.0022903495739342995,3.005200835847233E-8,1.3645325152099183E-15,1.2894617258289642E-15,
2.2509191116505925E-15,1.9183060257621147E-15,0.3822361332243391,0.612983365903365,0.004777800950203592,2.6999220778310568E-6,3.986425394150978E-15,4.0648631993949095E-15,
1.153792455342697E-13,1.9574382889760655E-13,0.46166789939913566,0.5383139779850507,1.6467445119938534E-5,1.6551697356709042E-6,3.3495773479345643E-13,3.132375107635048E-13,
1.0540811804155242E-11,1.3406585147016024E-11,0.14567197327859024,0.8542983069738258,1.6950789629088165E-5,1.2768908999483637E-5,1.7191522156163416E-11,7.817025862362588E-12,
3.335403036407782E-8,4.87560315134757E-8,0.24506511708865059,0.7549051823433779,2.1651915023173767E-5,7.796292206093042E-6,1.092092320766645E-7,6.104144747885221E-8,
1.0147444113895684E-19,5.969193903325212E-20,0.3672436404875248,0.6288132139491516,0.003943025599394169,1.1996392544577795E-7,2.6820422764305866E-19,1.1480008026410518E-19,
3.2832395469255443E-12,4.121727217212891E-12,0.6435006388950735,0.35590993238928503,5.783765180405054E-4,1.1052171194422149E-5,1.1152938298872397E-11,7.846952643487627E-12,
1.470286750254418E-11,1.7336488854812135E-11,0.41793662162448925,0.5820589934261016,3.693120649831188E-7,4.015581283309964E-6,1.513717398485958E-11,8.885418608070607E-12,
3.25383357169489E-15,1.2022865679004634E-15,0.3635106917797652,0.6364111329246536,7.809494687062814E-5,8.034870042142824E-8,1.9498494800540334E-15,1.643125783590851E-15,
1.9593214117683167E-17,2.07789091142905E-17,0.40780567390124184,0.5893107853047931,0.002883527623323455,1.3170645383777265E-8,1.995912301259468E-17,1.3596969656882675E-17,
3.6801897046360266E-18,4.051855157663426E-18,0.3120109102211376,0.6879890847857825,1.3034509812457482E-9,3.6896277311865085E-9,2.9218593896764334E-18,2.8629937399203245E-18,
1.1227816373663535E-19,1.5491404490566712E-19,0.47094146100250633,0.5279621982692813,0.0010963022780366002,3.8450176338513104E-8,4.327182192959224E-20,5.741677358789542E-20,
2.630674016411277E-14,2.532408507208444E-14,0.4339941670358754,0.5657389879988727,2.6645409921143747E-4,3.908659640339017E-7,1.3200328211741462E-14,1.1625256872227775E-14,
1.3968013083827156E-16,1.0403233926677359E-16,0.5360192546769211,0.46395820231495116,2.1443895967402458E-5,1.0991121602117253E-6,2.2528161787049897E-16,1.978869645257725E-16,
2.5141389157852825E-22,2.355925467819833E-22,0.32886762200972675,0.6703239298093766,8.084468997438594E-4,1.281148167702535E-9,6.562402813447733E-22,5.159200702648245E-22,
2.5868544901190365E-15,3.0850501873440097E-15,0.3134631596724069,0.68609710852816,4.393384794546522E-4,3.933199705605178E-7,2.616104672281208E-15,1.7307366599112778E-15,
3.654401910973478E-13,2.6832040566072544E-13,0.23517317972968468,0.7645395685753872,2.821791374550729E-4,5.072555791296618E-6,6.063278941663348E-13,4.4149782092417345E-13,
6.504845241162651E-19,4.342394465275019E-19,0.17037630604712534,0.815934664934096,0.013689024442489576,4.57628904158262E-9,6.964049387827292E-19,6.358100051891542E-19,
3.1045471018677824E-19,2.250063864300576E-19,0.3040146871377125,0.6959363174453601,4.899241040798265E-5,3.0065210711605783E-9,7.181173916687017E-19,2.9569162050417162E-19,
1.8071323412092668E-15,1.8297603486463966E-15,0.518516930508792,0.48095113794698197,5.316120478858375E-4,3.194963301398356E-7,3.1325064730290527E-15,2.1895776839160795E-15,
2.835541249828513E-19,1.2982555496858585E-19,0.7551766051618858,0.244638717054492,1.846760436791344E-4,1.7399457438793154E-9,1.5645326859915705E-19,1.6073400464495823E-19,
2.6058620964760883E-28,4.0157607925679204E-28,0.3917367661394074,0.608256672393083,6.5613078581010516E-6,1.5965321089862835E-10,3.8736920053374065E-28,3.9245546897644976E-28,
5.208755643914471E-15,6.283771183655769E-15,0.4143584184448673,0.5855998216553993,4.167213004906959E-5,8.776966025548084E-8,5.764130406069077E-15,3.47985805003314E-15,
4.892723310356039E-16,3.874733290904692E-16,0.2970355848253527,0.7024756755328592,4.887297442956463E-4,9.897489036144947E-9,3.560423096566364E-16,2.9223103732473964E-16,
1.269980465794885E-16,1.3205912216185658E-16,0.30792129259369594,0.6920612416349015,1.3080274530864655E-5,4.385496870220346E-6,3.1086220746155894E-16,2.0450589246097357E-16,
1.4792447949086073E-18,1.5424164946665927E-18,0.25236061467297294,0.7476272917013796,1.1749345397975924E-5,3.442802468890489E-7,1.4248571734367623E-18,1.271158384168356E-18,
1.5422517094783028E-16,1.3750014064114386E-16,0.23042472956675267,0.7649221413696471,0.004653053934313942,7.512928770546464E-8,1.0746931726912213E-16,1.2534419785497865E-16,
4.148248603769322E-18,3.111398100512525E-18,0.33466075705913856,0.6653383911515544,8.390654202876715E-7,1.2723889181060145E-8,3.6975737872320565E-18,3.841058389763574E-18,
2.544723189679648E-19,5.402675805309056E-19,0.3646823447102742,0.6318619915536687,0.0034555906019557905,7.313410183644912E-8,2.0782584901896474E-18,1.2531756875178234E-18,
2.5079743223785553E-16,2.679719905156774E-16,0.3145981933724299,0.6850225571097595,3.7921693235029916E-4,3.25854585721049E-8,2.3675352189775465E-16,1.6780342315174622E-16,
3.4350220978929474E-15,2.969808663554126E-15,0.22408351330725407,0.7757994792233226,5.015169407452777E-5,6.685577533219159E-5,1.0340453862369407E-14,2.9447222449014E-15,
2.4965703662213468E-17,1.6005385637624695E-17,0.2138450125221352,0.7833216676536302,0.002825541975495512,7.777848740506087E-6,3.0347846034088754E-17,1.3864965132843377E-17,
2.4896872844976123E-14,2.687840358847489E-14,0.5358641195200954,0.46381693201146096,2.251339582191444E-4,9.381451000734371E-5,7.099837034280797E-14,9.529745053925703E-14,
7.956925781513289E-15,1.1847635843425508E-14,0.16983653459752332,0.8295059870348966,6.396494682961705E-4,1.7828899207290753E-5,3.85872419304736E-14,1.6948988869327692E-14,
1.2099400888313908E-16,1.621473819179238E-16,0.3533355539770761,0.6456724722487028,9.919517815913908E-4,2.199262587895835E-8,3.6136201690674864E-16,3.0508200283102887E-16,
3.798296135407928E-16,1.4687709761957804E-16,0.40875777645698885,0.5910577489259802,1.8387576763565346E-4,5.988493905093125E-7,2.8352844342212616E-16,3.2945435516453027E-16,
1.3027942968261789E-17,1.7356344956746382E-17,0.3338439882003505,0.6652403281877133,9.15672078271454E-4,1.1533665186748148E-8,3.378457180275205E-17,3.524301961490956E-17,
5.285111414082427E-18,6.437716856933061E-18,0.31415508620405014,0.6857216648079514,1.2320892154581446E-4,4.0066449078999974E-8,3.214557112943765E-18,2.3882912526201563E-18,
2.206020703813727E-17,1.815229721187329E-17,0.5211810987257454,0.4787990809595691,1.9811628640671058E-5,8.686044473029482E-9,3.529197746407169E-17,2.078015130692921E-17,
1.122957004234356E-14,5.7361609186270684E-15,0.3538011784867609,0.6461746912352178,3.850273588110899E-7,2.374525060216565E-5,2.7344320541626188E-14,1.4175727879771134E-14,
3.9897536593940724E-20,3.032978256303073E-20,0.5118330608149291,0.48695400818469986,0.0012126991604038324,2.3183996411859427E-7,1.2332396009582433E-19,8.502046789546805E-20,
4.688836457143919E-13,4.3584317570448026E-13,0.5159674238228218,0.4838569575013594,1.6990054146361495E-4,5.718133114241109E-6,1.1400045528581563E-13,2.214362716724826E-13,
2.429423365297996E-15,1.5858831017886505E-15,0.4449316364934488,0.5549394680773072,1.2870813304583813E-4,1.87296191167498E-7,2.1303802016180287E-15,1.2001968296913923E-15,
8.121200900717483E-15,8.196745288295742E-15,0.39545259174734987,0.6044050270159665,1.422289244376399E-4,1.5231221014415298E-7,1.1975710370181374E-14,9.242496692226918E-15,
1.8837211794003E-36,2.354869263228829E-36,0.3567285386188241,0.6429008758602289,3.7058552065294967E-4,2.9577201245213956E-13,5.5954719312071756E-36,2.0742076477041264E-36,
3.806489534230259E-23,2.70454890514148E-23,0.25466893812022806,0.7450085479684674,3.225138995075605E-4,1.1796758767298927E-11,3.972869883603094E-23,2.9677276675608475E-23,
1.5349210205357177E-25,1.6529461225092956E-25,0.4253135697168274,0.574656697381452,2.9732900885200866E-5,8.344834949206646E-13,1.0459224709388335E-25,1.223543992526811E-25,
3.140187629263824E-25,2.938303161127347E-25,0.3159436539844694,0.6822391087610794,0.0018172370102266422,2.442268235207827E-10,2.9787395165697372E-25,1.0382205647890046E-25,
2.04585131795744E-28,2.8645477948510725E-28,0.27167957361256073,0.7274414165574704,8.790098092291828E-4,2.073726487213186E-11,1.2522942375703242E-28,7.953916277080392E-29,
2.7295858467370073E-20,2.683629165166683E-20,0.340562714142548,0.659435200140123,2.0854123034318854E-6,3.050257464367797E-10,2.232130169861749E-20,1.089854702800844E-20,
1.519374989175605E-17,1.2780848700861901E-17,0.39866825630291847,0.6007702174011473,5.58058363002989E-4,3.4679329340303535E-6,5.10710967037753E-17,1.5791188847303246E-17,
3.3624128011586824E-17,4.827988897726876E-17,0.34294491508202457,0.6550893827105645,0.00194482909549134,2.0873111917237882E-5,1.3076577419111842E-16,1.3285316351588566E-16,
8.635373126818344E-29,1.2891652853807556E-28,0.31357780302647065,0.6860677870219627,3.544097847786448E-4,1.6677763580966993E-10,1.772938767590292E-28,2.600702175442061E-28,
1.0707150970917247E-18,1.5352629544649398E-18,0.19029590684833672,0.8097035321393145,1.413338679085534E-10,5.608710164825143E-7,2.035197223566234E-18,2.026475725010592E-18,
1.6704166926693996E-15,1.2280050978139596E-15,0.36802749401854845,0.6318879096598363,8.41622277533299E-5,4.34093858542522E-7,1.6187701268009652E-15,6.343457728603552E-16,
1.6189767509380214E-13,1.922823065772897E-13,0.29346943014315857,0.7064762999578784,5.4260271112243555E-5,9.626660488628192E-9,6.08268011286434E-13,2.276013050092043E-13,
3.1987283449031784E-17,2.9918808371250216E-17,0.2204470315174323,0.7779273152666374,0.0016256480983038305,5.1176219487661734E-9,2.093943188156634E-17,1.838725819290306E-17,
2.3446151334630228E-17,2.144697514012227E-17,0.40561775934587513,0.5941889967708347,1.923779618728776E-4,8.659214129514543E-7,2.096136297772486E-17,7.575744421715779E-18,
2.8130795032259295E-17,3.687387764115133E-17,0.5200091098568639,0.47987347301732497,1.1740287146893351E-4,1.4254338158138588E-8,1.1009582442698341E-16,5.43960862014663E-17,
3.1852988648117213E-20,1.801841152672615E-20,0.2714434350676178,0.7285565452608185,1.352937641246031E-8,6.142189146873636E-9,2.4564841493961573E-20,1.4416990645523922E-20,
1.9886942155775805E-16,4.0249692758250385E-16,0.44542611363855344,0.5543196884265605,2.541884691231103E-4,9.465765204926587E-9,4.16807823821229E-16,4.860455154004839E-16,
7.053067541035528E-19,7.581861922008968E-19,0.27947199364319836,0.7205109601350757,1.7042806490309042E-5,3.4152379351550508E-9,1.188896700677869E-18,1.6896291045845427E-18,
2.966911150778195E-13,3.2397291754698E-13,0.6069550722878208,0.3917915287893536,0.0012533935939874807,5.3242117648967965E-9,2.822578513742072E-12,1.184874748589401E-12,
4.41205559810632E-15,6.43201110647722E-15,0.5356733827323028,0.46350416859035454,8.224246185814371E-4,2.405868379968068E-8,5.050948143016244E-14,1.2597729276356964E-14,
4.467893698987012E-15,4.280496941330914E-15,0.5850180483237732,0.41219597399795543,0.0027855791666351343,3.985116191951225E-7,5.2202716750761144E-15,2.9170409706247857E-15,
6.18610994307324E-26,8.729983197563992E-26,0.43026635440749794,0.5697005405264184,3.310450204414452E-5,5.640368063204782E-10,8.939645588657549E-25,2.833224698110681E-25,
8.13541542807576E-21,7.93311605048371E-21,0.2928136314716817,0.7068018870075006,3.8448134005298224E-4,1.8076241770971442E-10,1.1310385228556917E-20,5.30512394574752E-21,
1.0655409961916876E-15,2.606229817345289E-15,0.46006400691226684,0.5389254004276884,0.0010105793792790556,1.3280761002053744E-8,3.2649406849564876E-15,1.8179315780519376E-15,
2.2286691976048643E-20,1.9612026098992814E-20,0.34066633527751417,0.6584200204004426,9.136348605196055E-4,9.461523187960645E-9,2.1855986519719884E-20,5.621023647236147E-21,
5.045483842779213E-21,3.356046554908712E-20,0.38804886247218146,0.6116441973012535,3.0691311720054297E-4,2.7109365891572132E-8,3.934692798851882E-20,4.185803332039435E-20,
4.615837821625731E-18,9.714044983198305E-19,0.3333258739362534,0.6660964010940592,5.776867832929935E-4,3.818639586812054E-8,6.927215996116304E-18,5.2619495540887705E-18,
8.719585257772406E-16,4.679251776828278E-16,0.4880663078278483,0.5118133574809295,7.518624850286432E-5,4.514844271569245E-5,1.0347239203280759E-15,1.0657681574812458E-16,
6.606324146243847E-21,1.723804632926427E-20,0.3083085160540424,0.6902310671862849,0.0014604019143328048,1.484534072453276E-8,3.9494601970792507E-20,1.924771179362615E-20,
5.051007617394702E-13,4.735352151090926E-13,0.3720518541321897,0.6279130638304554,3.175955096791971E-5,3.3224846812903787E-6,3.7717126547944905E-13,3.5061196458654364E-13,
5.524955816007168E-14,1.0145894927341516E-13,0.3935540076614146,0.6064145735583729,3.055543388421484E-5,8.633460936073131E-7,5.1567354422194234E-14,2.5871446828032017E-14,
3.564191929434676E-15,2.503563508213027E-15,0.25881503789908333,0.7408871555856572,2.9770074953745746E-4,1.0576571201535051E-7,1.7088674158253465E-15,1.4037063162628896E-15,
2.3784333527600505E-16,1.6974137873553616E-16,0.2677081805398657,0.7322364647638526,5.5310276358935476E-5,4.441992398509156E-8,3.1017182359299103E-16,1.4583415146820192E-16,
3.2082244715369697E-16,1.5273588770389978E-16,0.19845246058168947,0.8015268040592453,2.0732978424654096E-5,2.3806410845638383E-9,1.4493249880527214E-16,1.4239117253651432E-16,
6.922845538810172E-17,9.146187957226599E-17,0.27920680225996347,0.7207830813430796,1.0105218827245445E-5,1.1178129554747353E-8,7.507991168253927E-17,3.443975415164596E-17,
3.0934176689315084E-16,4.63653010758812E-16,0.3446708265141137,0.6551313125281821,1.978081863418577E-4,5.277136613961101E-8,4.300090935413814E-16,2.2153505343120095E-16,
3.226275592004973E-17,2.7506338383666307E-17,0.19347977972634745,0.8064767944718328,4.342560448072742E-5,1.9734026037865814E-10,2.279740078191664E-17,1.6207350489608596E-17,
6.176438793802538E-16,8.093772842970081E-16,0.2122260102917701,0.7868491018596228,9.248861935020386E-4,1.6550968670896195E-9,8.026432124383778E-16,2.5016130296943527E-16,
7.88373234474672E-15,1.0499917762531008E-14,0.24549789618417314,0.7530483358206446,0.0014537645587865734,3.436365750133618E-9,9.685055229158626E-15,7.90855852498379E-15,
3.2660361756394235E-27,3.2908361982625064E-27,0.23667735569174142,0.7633059553955508,1.66889106668121E-5,2.039067237640616E-12,4.81965168323503E-28,8.56790757070744E-28,
9.921704251120584E-26,5.644861049339575E-26,0.22302076259113773,0.7768560079010338,1.2322948495756278E-4,2.28711284370387E-11,7.208059356191958E-26,3.4789087332409515E-26,
2.6519336603498036E-20,1.1248408763707861E-20,0.25035072461105606,0.7496016021054926,4.766110902315885E-5,1.2174428896849088E-8,4.334083033770973E-20,1.3856267307473406E-20,
8.222363891834271E-17,7.189541804795074E-17,0.29707380397083966,0.7028409912567403,8.498799986559192E-5,2.1677254938444317E-7,6.783565135677077E-17,5.591338893225771E-17,
6.378008281428599E-16,5.420354604606446E-16,0.3466026025481146,0.6533262453032707,6.490053542619534E-5,6.251613187848388E-6,6.229325952795262E-16,1.395942860507023E-16,
1.2684487903565897E-16,1.0323927079002453E-16,0.20051902966110194,0.7985766023247006,9.028591172915616E-4,1.5088969010984887E-6,4.6800313917816035E-17,3.5997683508671195E-17,
2.469207707238746E-15,1.4857754884247145E-15,0.48108311916574303,0.5188290738254699,7.70860905056964E-5,1.0720918272173716E-5,2.147769952150882E-15,1.3701085312264523E-15,
4.011955191480045E-20,3.3932127600770815E-20,0.3858560140557829,0.6139680155822437,1.7596534048599502E-4,5.0214872055096786E-9,3.432724304702867E-19,2.8093414577509715E-19,
1.0922617408312209E-17,5.84851758427654E-18,0.22452754574604222,0.770847741628057,0.004624192611946615,5.2001395334936E-7,5.622282003710196E-18,4.047039530070789E-18,
3.2882407109029215E-19,5.060620755973959E-19,0.1819756484506425,0.8178150951326388,2.0916261173517956E-4,9.380498709376131E-8,3.203679385495866E-19,3.0604822362240646E-19,
1.4457431950109819E-21,1.2758468279733272E-21,0.21429970830894707,0.7838183899847297,0.0018818942441547262,7.462167657362957E-9,1.5392231607549368E-21,8.404820376677826E-22,
5.7684677799885776E-24,4.746795878554002E-24,0.5952176780121106,0.4047447792158015,3.754193718871284E-5,8.349021152270198E-10,4.3070652485531764E-24,2.203659743204535E-24,
8.405937432777742E-15,5.4023536927846E-15,0.5019408762663615,0.49797847829436065,7.220907283757813E-5,8.436366347628472E-6,5.8871084060214E-14,2.0999464388610537E-14,
7.548470128058517E-24,6.707706303282659E-24,0.2653495253190106,0.7346446607379185,5.812994743207731E-6,9.483245377191202E-10,9.489627640224392E-24,6.201738192686578E-24,
7.961601961540183E-13,8.255299254956818E-13,0.631561513121564,0.36839345984901556,3.163168392879936E-5,1.3395342932070735E-5,5.430918761861785E-13,3.9466374695750157E-13,
3.329662502934481E-17,2.7581742964555315E-17,0.3572978339704235,0.6425895036943773,9.651304311227856E-5,1.6149292085826938E-5,2.828714765075071E-17,1.6336413798214038E-17,
8.584931775745617E-16,1.2195182031313734E-15,0.45869185977525245,0.5412526115749133,5.4546922299637496E-5,9.81727533343562E-7,8.715075932134916E-16,7.92763964408906E-16,
7.597929098381799E-18,9.311937513902291E-18,0.4125372861820025,0.5872970976783307,1.6555311967039187E-4,6.301999598584641E-8,5.76506837610756E-18,7.893880514858299E-18,
3.442396991019113E-18,2.292252768795496E-18,0.5516359057183056,0.4483541338535265,9.907983145062984E-6,5.2445022466183017E-8,1.0205352321214947E-18,7.4806658148447E-19,
1.7844026151835298E-19,1.5645666902566444E-19,0.2934487581640766,0.7065496841577671,1.5563097819467978E-6,1.3683744879381477E-9,1.2441985309404004E-19,4.3584733682734194E-20,
7.275876090280083E-17,6.925620662952162E-17,0.34328263263333403,0.6567074352152539,8.022085187415458E-6,1.9100662231174412E-6,4.5361567599209064E-17,2.440034009212229E-17,
3.833717651368962E-23,2.0014530672290432E-23,0.4150447905981446,0.5833544484056304,0.0016007599953766754,1.000850244469198E-9,1.3776788297413307E-23,2.922247814586379E-23,
1.8045964851973527E-14,1.5839186287957638E-14,0.5363033539677968,0.4635187583024647,1.6493387965186228E-4,1.295385000945303E-5,2.7406726741640944E-14,1.633765486173145E-14,
1.7751631202749136E-19,1.4979430115788085E-19,0.3798155507827095,0.6201832666897295,1.1710429755297027E-6,1.1484583744780339E-8,1.2943919372350447E-19,1.0568159116912247E-19,
7.85543944727544E-15,1.4141583912223501E-14,0.5315443145648987,0.4679310111030019,5.246537459508797E-4,2.0586040378906308E-8,6.312046543401615E-14,2.147079295546404E-14,
3.1145607737575074E-19,3.526136221798131E-19,0.6028119420881393,0.39712091171267144,6.710246146682449E-5,4.373772146588536E-8,3.182369236031272E-19,1.0187476309906963E-19,
4.0366520065213286E-16,4.583852352621378E-16,0.3926195072500669,0.6064521096662655,9.283371830166607E-4,4.5900651182381936E-8,3.3035338261872314E-16,2.0653363021186803E-16,
5.465390949418941E-19,2.979350367062919E-19,0.37927868956470295,0.6207206849690641,6.110635848652763E-7,1.4402643059603252E-8,3.886390150263991E-19,2.541784881436547E-19,
5.044952082486865E-18,4.865091376620316E-18,0.24461506673181097,0.7529782312804857,0.002406698685341435,3.3023592465091844E-9,6.639405161520513E-18,4.054404898619105E-18,
8.649465041536493E-17,7.480231398612123E-17,0.3895450880801101,0.610407100142347,4.301279693602621E-5,4.798980610012429E-6,7.190578653924841E-17,4.217233245577788E-17,
6.859937265682632E-18,1.6035343207665188E-17,0.4291742155582516,0.5704774331183019,3.4570808932576577E-4,2.6432341195372E-6,1.0571723673154946E-17,6.805194227720463E-18,
6.589257860886748E-22,7.3600847097462145E-22,0.3606852144640431,0.6393100133165308,4.77169274455806E-6,5.266825442973821E-10,2.287164009563003E-21,7.451419674779305E-22,
8.673330545795556E-21,7.20846631705682E-21,0.6152732241451369,0.38470279422443465,1.809667333980375E-5,5.884957091989339E-6,1.5547577092486344E-20,1.0787388376447514E-20,
1.1448697368374115E-21,7.670871722426367E-22,0.33134412880863995,0.6685556582905765,9.939752115098054E-5,8.15379633340879E-7,1.1087600436130567E-21,7.453810016231062E-22,
1.2484135283661891E-21,8.134276644771172E-22,0.37312768705880617,0.6266866757371186,1.856364638657487E-4,7.402139258139883E-10,4.704151110043479E-21,3.716531874471045E-21,
2.853502929421015E-21,3.0319179794165183E-21,0.16589563608497737,0.8331568668109898,9.474947775439705E-4,2.326487338425501E-9,1.89551259554171E-21,1.3249888440619041E-21,
4.122443233145973E-20,3.5841070623404093E-20,0.3256187994237203,0.6743774886754282,3.4767234773021765E-6,2.3517737197961974E-7,3.616546655747971E-20,2.970443561192641E-20,
6.117144110078845E-16,1.9758755750663606E-16,0.1443270422705981,0.8556615674905065,1.1307469106902802E-5,8.276978746594852E-8,1.0559937961238745E-15,8.497982282309555E-16,
2.8635672540924306E-21,3.0133507396792637E-21,0.23972702994467193,0.7602445840103081,2.8379697741099094E-5,6.347279980157721E-9,1.9207465710790202E-21,9.486388066276691E-22,
1.4384108571671591E-12,1.7045329202209356E-12,0.4004357516348746,0.599563865596363,3.671040820330327E-7,1.5650582235418618E-8,8.259670778528748E-12,2.695811904649896E-12,
2.7610859027013976E-17,2.2545853650516938E-17,0.3652077582520192,0.6347589370703098,3.291130018087861E-5,3.9337748885945335E-7,1.893625102988825E-17,1.2262765782243654E-17,
5.392319934664473E-16,7.768828347940931E-16,0.31603779351814126,0.6839621010185423,1.006745062376121E-7,4.788804886359329E-9,2.8109276228565203E-15,1.4223568696622725E-15,
4.6755742734428467E-17,3.392435230807678E-17,0.3391536757327863,0.6602471383036207,5.991754603010578E-4,1.0503291511085464E-8,3.6854659374983154E-16,1.624953734763788E-16,
2.0893826501534324E-19,2.9872440974479033E-19,0.32806550078507013,0.6716346608203737,2.998149015029758E-4,2.3493051848500664E-8,1.0174790277127137E-18,5.281169078723364E-19,
8.801734960032781E-21,1.1638757592880062E-20,0.33478972809523777,0.6652004996976587,8.493116341005184E-6,1.2790907652016462E-6,9.762504297842008E-21,3.973774666459158E-21,
5.290103357993263E-22,3.105838663876498E-22,0.2740451269825156,0.7255570732314853,3.9776640988420706E-4,3.337611637311526E-8,1.2518821462905847E-21,5.488098625569102E-22,
6.916318168397105E-17,1.1498106741066205E-16,0.13561753655406034,0.8631928317929719,0.00118962607184218,5.58112396696806E-9,2.1971663077395004E-16,2.306309316200619E-16,
9.384207421789286E-15,1.1852778239448076E-14,0.44038350555086997,0.5593805667513383,2.3550938585732063E-4,4.1831182502039634E-7,5.593538336264656E-14,2.8658900027241504E-14,
7.469696539254704E-14,8.381046890935974E-14,0.38119506844059475,0.6188047997193686,6.489067595122416E-9,1.2535061122081372E-7,1.0911730961703565E-13,9.130069312272304E-14,
9.810448531538637E-17,7.460614817146154E-17,0.4363568767631492,0.5636360927346779,7.026847333585615E-6,3.654838776240049E-9,6.950591153785022E-17,3.879004951001792E-17,
1.938657249761968E-20,2.545355800162908E-20,0.3401843831863099,0.6598137509215989,1.865864872000396E-6,2.7215575740634148E-11,2.3551278815340253E-20,1.1207532980434777E-20,
2.5431461584760073E-15,2.422479908649386E-15,0.4871871676381311,0.5122041635454558,6.084948024858983E-4,1.7401391979448504E-7,2.9836484697892216E-15,8.359062835647585E-16,
4.835561730557568E-24,4.733866492274565E-24,0.24345297855084252,0.7565422634399935,4.757924747693566E-6,8.441789946403685E-11,3.3868821999657464E-23,1.1357544441179219E-23,
7.334922209348818E-16,8.223675659953984E-16,0.46152542924059214,0.5384719552841667,2.5800994138836154E-6,3.53758254648967E-8,8.366522534029751E-16,5.3631971828801E-16,
9.092679621106647E-15,5.06705917640794E-15,0.4548114241519517,0.5451879602693451,5.987413111405913E-7,1.6837328203139927E-8,4.429001901610556E-14,9.128097275116588E-15,
6.484731521433498E-20,5.0208426297966414E-20,0.3766804939276268,0.6229665213876794,3.5287982091664494E-4,1.0486377415464918E-7,5.979846258071598E-20,3.039648842981514E-20,
1.4845695789444267E-17,1.3077717612993482E-17,0.2910208888806953,0.7089333938300998,3.84441087014039E-5,7.273180503199495E-6,8.973563700009583E-18,4.320240612699695E-18,
3.566804363875482E-21,3.743363677720518E-21,0.4677666712417201,0.531716638868134,5.164952547636932E-4,1.946353852613027E-7,2.9677103913972678E-21,1.702879628097597E-21,
3.7766689983715215E-20,7.608104767395232E-21,0.3387210377919134,0.6612702087396087,6.964706998615553E-6,1.7887614793522724E-6,2.3235358983418054E-20,1.286922135993914E-20,
3.740639519189367E-17,6.936330242584741E-17,0.347232024694327,0.6527513453003613,1.6340278064517246E-5,2.897272454442878E-7,1.9574462861785057E-16,1.3664358626187656E-16,
2.3239471044732683E-19,2.188773662304697E-19,0.27783981434033245,0.7215042419316923,6.559231314346375E-4,2.0596539809759303E-8,1.0467584949888508E-18,5.005877776823337E-19,
1.5312093298283388E-17,1.0371862645077486E-17,0.2432901021994851,0.7565274392756663,1.8233802433228604E-4,1.2050051549408834E-7,4.952476035083758E-18,3.7013443059419294E-18,
4.1755144956979125E-21,3.3269170849585206E-21,0.18070335337225504,0.8192881463262153,8.256028030552828E-6,2.4427349989149656E-7,4.36793160698039E-21,1.7521349611405807E-21,
8.961080459948718E-21,1.2966798130868422E-20,0.2560030594608083,0.7439602456207969,3.6668807426920546E-5,2.6110967607742292E-8,1.753922605730615E-20,6.305930733825538E-21,
4.995746236817304E-15,3.374041057412307E-15,0.24170619322556017,0.7582498639717367,4.347041341358131E-5,4.723892276498723E-7,3.7678633823911614E-14,1.6324623790972318E-14,
3.466301197228332E-19,5.0592649952468945E-19,0.26886960338327603,0.7311290348984685,1.2969376830286395E-6,6.478057009974739E-8,5.745928451032592E-19,2.239980984880101E-19,
1.3291355922739696E-23,1.6519257909011538E-23,0.1916224351589352,0.8078672532486865,5.10310757028174E-4,8.353493920806948E-10,1.9885545481674555E-23,7.497825638103167E-24,
6.221829606244275E-22,1.9045235383138803E-21,0.21844451462942535,0.7809218460681907,6.336391246497794E-4,1.7773142347991064E-10,1.8537542714149918E-21,1.0545737146522182E-21,
4.058570681685255E-13,1.5609706801729495E-13,0.25662185188153264,0.7432194516034264,1.5869436782565283E-4,2.145217070537662E-9,9.199528520991352E-13,5.161656151975001E-13,
1.047919220382327E-14,5.222403592982833E-15,0.3045969532123627,0.695403042965921,2.5381488765987233E-10,3.567850620993472E-9,1.7684090749098272E-14,1.4068620077956583E-14,
6.071775691622692E-11,7.34856187211773E-11,0.4335521355929221,0.5655211052896475,9.175800463439987E-4,9.178370115034206E-6,4.2165740116065286E-10,1.4511077102099174E-10,
8.296664103206271E-13,2.29218210482925E-12,0.3406471665908421,0.6579536386225646,0.0013985215562313945,6.732160679420045E-7,7.722949243325504E-12,3.449212466933614E-12,
4.106481111584217E-21,4.544811153718229E-21,0.5063883167449611,0.4935287889194949,8.288176715916026E-5,1.2568385872635483E-8,5.179408193505503E-21,4.331741181311704E-21,
5.650284778437717E-23,5.110987943005262E-23,0.3430850993726484,0.6566704431409246,2.4445736855465143E-4,1.1787547962360613E-10,3.451444929603534E-22,9.200218788421156E-23,
6.35986725801422E-11,4.839744906481001E-8,0.20508695516972766,0.7949097624364596,2.5236212310967514E-7,2.9813219921483895E-6,1.3316540659725156E-10,1.1548396126410065E-10,
4.315013137455959E-22,1.4451013934665304E-19,0.3040938188594866,0.695521417341377,3.8444582950994226E-4,3.1796962555228586E-7,3.5295748084654023E-22,3.169118184680365E-22,
1.0581908330699718E-23,4.812330088885376E-21,0.39466054238095993,0.6050144832927609,3.249649516024719E-4,9.374671518881376E-9,2.237062691678714E-23,1.3883799538204724E-23,
1.191810621956073E-10,5.259384369693317E-7,0.2989872611304628,0.7009918726431524,2.022468685356859E-5,1.1484267459790503E-7,4.572959727107325E-10,1.8194099756205904E-10,
