
0.13933265476735393, 0.13933265476735393, 0.13933265476735393, 0.15185822036105687, 0.15147850580217373, 0.13933265476735393, 0.13933265476735393, 
0.135254385780175, 0.135254385780175, 0.14778879469225023, 0.1476433452763411, 0.16355031691070884, 0.135254385780175, 0.135254385780175, 
0.13115126652505446, 0.13115126652505446, 0.14980786525334694, 0.1489885388453517, 0.17659852980108368, 0.13115126652505446, 0.13115126652505446, 
0.1261141781743855, 0.1261141781743855, 0.15267042859412044, 0.15168783513090522, 0.1911850235774325, 0.1261141781743855, 0.1261141781743855, 
0.12038310215117302, 0.12038310215117302, 0.15528108297570692, 0.15380302767079337, 0.20938348074880753, 0.12038310215117302, 0.12038310215117302, 
0.11728855310647467, 0.11728855310647467, 0.1565882835244185, 0.153596123455448, 0.22066138059423465, 0.11728855310647467, 0.11728855310647467, 
0.10607304397438566, 0.10607304397438566, 0.16226234971961412, 0.16052571192496032, 0.25291976245788295, 0.10607304397438566, 0.10607304397438566, 
0.11309860327192368, 0.11309860327192368, 0.1593177031997145, 0.15597425477316168, 0.23231362893942897, 0.11309860327192368, 0.11309860327192368, 
0.11435507321791828, 0.11435507321791828, 0.15825832575397186, 0.1577072467821431, 0.226614134592212, 0.11435507321791828, 0.11435507321791828, 
0.10830897357183818, 0.10830897357183818, 0.1626601841369451, 0.15777350280756605, 0.2463304187681362, 0.10830897357183818, 0.10830897357183818, 
0.11594328337727261, 0.11594328337727261, 0.15816383794675698, 0.15460373917657577, 0.22345928936757686, 0.11594328337727261, 0.11594328337727261, 
0.11654672651925255, 0.11654672651925255, 0.15814398532364446, 0.15573469279602503, 0.2199344158033203, 0.11654672651925255, 0.11654672651925255, 
0.1205926745431949, 0.1205926745431949, 0.1561093334672814, 0.1552627182215932, 0.20625725013834564, 0.1205926745431949, 0.1205926745431949, 
0.11869619219342985, 0.11869619219342985, 0.15752924088473938, 0.15559743857545397, 0.2120885517660872, 0.11869619219342985, 0.11869619219342985, 
0.11881275874010482, 0.11881275874010482, 0.16022865020892285, 0.1412927817077712, 0.2232275331228867, 0.11881275874010482, 0.11881275874010482, 
0.12287416615630169, 0.12287416615630169, 0.15649548153414125, 0.14078002500707895, 0.21122782883357316, 0.12287416615630169, 0.12287416615630169, 
0.12106958807050965, 0.12106958807050965, 0.1583613901655278, 0.15101353384158886, 0.20634672371084484, 0.12106958807050965, 0.12106958807050965, 
0.12204082247366166, 0.12204082247366166, 0.15623074330847694, 0.1457221749220505, 0.2098837918748258, 0.12204082247366166, 0.12204082247366166, 
0.12111976899037645, 0.12111976899037645, 0.156740514253307, 0.14884571448280398, 0.2099346953023833, 0.12111976899037645, 0.12111976899037645, 
0.12101593640810708, 0.12101593640810708, 0.15645218220066184, 0.14774598398763225, 0.2117380881792775, 0.12101593640810708, 0.12101593640810708, 
0.12117761522011827, 0.12117761522011827, 0.1575164572529619, 0.14634313095026005, 0.21142995091630487, 0.12117761522011827, 0.12117761522011827, 
0.1128554412144387, 0.1128554412144387, 0.16193073342072073, 0.14361748418164566, 0.2430300175398788, 0.1128554412144387, 0.1128554412144387, 
0.1163198672632619, 0.1163198672632619, 0.15905451273693097, 0.1488404313901022, 0.22682558681991916, 0.1163198672632619, 0.1163198672632619, 
0.1178664265023777, 0.1178664265023777, 0.15959718842711776, 0.13974296392547592, 0.22919414163789553, 0.1178664265023777, 0.1178664265023777, 
0.11896808596305745, 0.11896808596305745, 0.15870126163468634, 0.15487605551896985, 0.21055033899411404, 0.11896808596305745, 0.11896808596305745, 
0.1206786271563739, 0.1206786271563739, 0.1573872092217335, 0.1491870367452565, 0.21071124540751446, 0.1206786271563739, 0.1206786271563739, 
0.12272841992584925, 0.12272841992584925, 0.15546423465151166, 0.15198192915181216, 0.20164015649327924, 0.12272841992584925, 0.12272841992584925, 
0.11985393460211864, 0.11985393460211864, 0.15780355424189568, 0.14745712341357367, 0.21532358393605613, 0.11985393460211864, 0.11985393460211864, 
0.1187851343049828, 0.1187851343049828, 0.15808421482861792, 0.15413851800137113, 0.21263672995007973, 0.1187851343049828, 0.1187851343049828, 
0.1181801336287769, 0.15178840409990146, 0.14991477702507647, 0.13994381005237932, 0.20381260793631206, 0.1181801336287769, 0.1181801336287769, 
0.117167483797623, 0.15161831873945486, 0.14942133069332827, 0.14507667800248591, 0.20238122117186202, 0.117167483797623, 0.117167483797623, 
0.1135617304282135, 0.15293074988665345, 0.14993373056430725, 0.13480015365398357, 0.22165017461041514, 0.1135617304282135, 0.1135617304282135, 
0.11638259044872586, 0.15194452977282974, 0.1498718126909385, 0.14097838628433712, 0.20805749990571706, 0.11638259044872586, 0.11638259044872586, 
0.11618247008802661, 0.15312883035661695, 0.1512145236685868, 0.13830888982812792, 0.20880034588258842, 0.11618247008802661, 0.11618247008802661, 
0.10797340731656249, 0.15360554663282425, 0.1515459193941484, 0.1448923266739235, 0.22603598534941652, 0.10797340731656249, 0.10797340731656249, 
0.11129998026359485, 0.15407133338282564, 0.15136690542985695, 0.14880760289778486, 0.21185421749874794, 0.11129998026359485, 0.11129998026359485, 
0.11426538347603088, 0.1515275530830128, 0.14944588304917342, 0.145676848919262, 0.21055356452045912, 0.11426538347603088, 0.11426538347603088, 
0.11338410640043202, 0.15242686516715725, 0.14997566149759095, 0.14031116937662136, 0.2171339847573342, 0.11338410640043202, 0.11338410640043202, 
0.11762738857311453, 0.16534237699110452, 0.14310305854931255, 0.14609769521244714, 0.19257470352779227, 0.11762738857311453, 0.11762738857311453, 
0.11304829112613353, 0.17663814713285375, 0.14602854540879276, 0.14448404310040877, 0.1937043909795441, 0.11304829112613353, 0.11304829112613353, 
0.114691996155521, 0.16908445760436513, 0.14349992979460444, 0.14365892170872344, 0.1996807024257439, 0.114691996155521, 0.114691996155521, 
0.11570810867624141, 0.17193470768804422, 0.1378885252964067, 0.13103023615024725, 0.2120222048365776, 0.11570810867624141, 0.11570810867624141, 
0.10496723909481223, 0.1886662764412496, 0.1399625096165224, 0.1388288798600712, 0.2176406167977201, 0.10496723909481223, 0.10496723909481223, 
0.10490629505993991, 0.19630963457511183, 0.14049416612800567, 0.12477149470767566, 0.22370581940938694, 0.10490629505993991, 0.10490629505993991, 
0.11237369786057105, 0.18218651931980834, 0.13720736830133223, 0.12973151552757345, 0.21375350326957296, 0.11237369786057105, 0.11237369786057105, 
0.0974608993069241, 0.2104288235000029, 0.1365433489453008, 0.13373787301463128, 0.22690725661929276, 0.0974608993069241, 0.0974608993069241, 
0.10420204293425919, 0.20530415882143335, 0.14103114224541408, 0.1332952126688282, 0.20776335746154673, 0.10420204293425919, 0.10420204293425919, 
0.10865695189764649, 0.18972877838169522, 0.13738212161890218, 0.1321640841169292, 0.21475416018953403, 0.10865695189764649, 0.10865695189764649, 
0.11133504138416109, 0.188844173288558, 0.1399382783102078, 0.13734469230710095, 0.19986773194165008, 0.11133504138416109, 0.11133504138416109, 
0.11693356223905832, 0.17297738024531106, 0.1358968967874064, 0.1264511617988375, 0.2138738744512699, 0.11693356223905832, 0.11693356223905832, 
0.09494213476749307, 0.21247310053915378, 0.13750747247026407, 0.13014604709493477, 0.23504697559316817, 0.09494213476749307, 0.09494213476749307, 
0.11146552200983972, 0.18126186199356742, 0.1368803894375594, 0.1299967593642732, 0.2174644231750808, 0.11146552200983972, 0.11146552200983972, 
0.09639003165778642, 0.21660149777782917, 0.13933145603580557, 0.1376920765061495, 0.21720487470685654, 0.09639003165778642, 0.09639003165778642, 
0.10006472166451824, 0.156659115546573, 0.14583388355875515, 0.14161710047878773, 0.25569573542232954, 0.10006472166451824, 0.10006472166451824, 
0.10493305909254566, 0.17537644790595627, 0.14577914056423166, 0.1422915148981188, 0.2217537193540563, 0.10493305909254566, 0.10493305909254566, 
0.10363652625517958, 0.1801850154966565, 0.14372389765547885, 0.14349940297222677, 0.221682105110099, 0.10363652625517958, 0.10363652625517958, 
0.10686713139322576, 0.18217960149440132, 0.14268652270023027, 0.13988014944989074, 0.21465233217580032, 0.10686713139322576, 0.10686713139322576, 
0.10711748029341683, 0.19591284619037044, 0.14324762540555946, 0.14191896530376344, 0.19756812222005596, 0.10711748029341683, 0.10711748029341683, 
0.11012371578901789, 0.20627138208971957, 0.1365586114291149, 0.14069273546676186, 0.18610612364734988, 0.11012371578901789, 0.11012371578901789, 
0.11286163731019881, 0.1894959652854157, 0.13487999402395445, 0.13714579794177498, 0.1998933308182583, 0.11286163731019881, 0.11286163731019881, 
0.11892634258733792, 0.1563854679070825, 0.12779299958869533, 0.14604242828525552, 0.2130000764569528, 0.11892634258733792, 0.11892634258733792, 
0.11981352366708614, 0.1370981784480586, 0.12468073962020111, 0.147692568653676, 0.23108794227680596, 0.11981352366708614, 0.11981352366708614, 
0.11605662581523721, 0.1662959397307752, 0.13259877874676332, 0.1407254876807106, 0.21220991639603934, 0.11605662581523721, 0.11605662581523721, 
0.12294946385834396, 0.13763675697377126, 0.13190246336882444, 0.14333597226354283, 0.21827641581882978, 0.12294946385834396, 0.12294946385834396, 
0.12307212524304387, 0.13931746254696348, 0.1341178992518739, 0.14183156442167769, 0.2155166980503533, 0.12307212524304387, 0.12307212524304387, 
0.12094314214942042, 0.16518204058351701, 0.13731421502264746, 0.14406812305317385, 0.19060619489240044, 0.12094314214942042, 0.12094314214942042, 
0.12419498503418039, 0.14625447609850972, 0.1348048655958579, 0.14505732851271783, 0.20129837469037345, 0.12419498503418039, 0.12419498503418039, 
0.11653670307256275, 0.1624422680081878, 0.13524499773920365, 0.1406805944265516, 0.2120220306083688, 0.11653670307256275, 0.11653670307256275, 
0.11768594373413586, 0.1681618590215616, 0.13643429915552444, 0.141565550598351, 0.20078046002215544, 0.11768594373413586, 0.11768594373413586, 
0.10440215274615737, 0.21888645839987064, 0.1379738905428325, 0.13622092638423666, 0.19371226643458808, 0.10440215274615737, 0.10440215274615737, 
0.10939248228131666, 0.18770914217576642, 0.136727673494872, 0.1409623626548012, 0.20642337483061046, 0.10939248228131666, 0.10939248228131666, 
0.12252719040556807, 0.1474297531684154, 0.135343521252264, 0.14174687366350547, 0.20789828069911087, 0.12252719040556807, 0.12252719040556807, 
0.1151914388217263, 0.17298756298032403, 0.13647761203892902, 0.14117946938559808, 0.20378103912997012, 0.1151914388217263, 0.1151914388217263, 
0.11910032118737358, 0.1456016408499263, 0.13263966116211534, 0.1485002073488473, 0.21595752707699015, 0.11910032118737358, 0.11910032118737358, 
0.1182827912432798, 0.14579390500319753, 0.13176590463783888, 0.1462587668457955, 0.2213330497833287, 0.1182827912432798, 0.1182827912432798, 
0.12116880449498907, 0.15315679704118068, 0.12842136524000322, 0.1486314393776105, 0.20628398485623842, 0.12116880449498907, 0.12116880449498907, 
0.11712590467768315, 0.17494882690525385, 0.1324822769503691, 0.13532702158746931, 0.20586416052385814, 0.11712590467768315, 0.11712590467768315, 
0.12318819031520621, 0.152251278300027, 0.12972004301545295, 0.13313966042381276, 0.21532444731508849, 0.12318819031520621, 0.12318819031520621, 
0.11674048727669553, 0.16902235833838444, 0.130708640455616, 0.13536470130500083, 0.21468283807091212, 0.11674048727669553, 0.11674048727669553, 
0.10962936514592832, 0.19438576741613628, 0.13345084617417194, 0.13229922359435775, 0.21097606737754898, 0.10962936514592832, 0.10962936514592832, 
0.12035464828735346, 0.14081652812885176, 0.12674822516073042, 0.1316750043297032, 0.23969629751865415, 0.12035464828735346, 0.12035464828735346, 
0.11428968800480191, 0.16333840520159626, 0.13122875088323213, 0.12861212087987559, 0.23395165902089035, 0.11428968800480191, 0.11428968800480191, 
0.09993711120487965, 0.2215698988585774, 0.13372965671568512, 0.13354845725656186, 0.21134065355453655, 0.09993711120487965, 0.09993711120487965, 
0.09931795994408778, 0.225132872393087, 0.13353869226925733, 0.1329752738951065, 0.21039928161028584, 0.09931795994408778, 0.09931795994408778, 
0.10366936458784436, 0.21045856549575753, 0.13508357576362873, 0.136172017609319, 0.2072777473677619, 0.10366936458784436, 0.10366936458784436, 
0.11760748359773018, 0.16706218057264646, 0.13540121028677826, 0.1317025200201242, 0.21301163832726053, 0.11760748359773018, 0.11760748359773018, 
0.11783652138125333, 0.1594376820160641, 0.1306966540975378, 0.13345604904903935, 0.2229000506935987, 0.11783652138125333, 0.11783652138125333, 
0.0999766754114581, 0.22579060432191916, 0.13594858842774415, 0.13576357564797545, 0.20256720536798695, 0.0999766754114581, 0.0999766754114581, 
0.12226531052331002, 0.13485629088741427, 0.12953317430794775, 0.13135337339187372, 0.2374612298428341, 0.12226531052331002, 0.12226531052331002, 
0.10677515211443614, 0.2029509780251386, 0.13797626800273713, 0.13757285713959364, 0.2011744404892223, 0.10677515211443614, 0.10677515211443614, 
0.10621586283511582, 0.20247693758528318, 0.137377698034674, 0.1386791585773961, 0.20281861729729928, 0.10621586283511582, 0.10621586283511582, 
0.12346376991489146, 0.14440049867537524, 0.12908756908694624, 0.13629746902442977, 0.2198231534685744, 0.12346376991489146, 0.12346376991489146, 
0.11280446794816615, 0.19963892570095298, 0.13650767858084653, 0.13788853086068634, 0.1875514610130155, 0.11280446794816615, 0.11280446794816615, 
0.11784551576330718, 0.16460261461044826, 0.1302327048661805, 0.13904850343892095, 0.21257962979452882, 0.11784551576330718, 0.11784551576330718, 
0.11401953525618286, 0.1899077048448025, 0.13563010363582859, 0.13831283233502215, 0.19409075341579826, 0.11401953525618286, 0.11401953525618286, 
0.12919135500228682, 0.13717572398991237, 0.130498505179218, 0.13868873775440504, 0.20606296806960403, 0.12919135500228682, 0.12919135500228682, 
0.11216177713975294, 0.1980114819098271, 0.1368022396057545, 0.1406429458784418, 0.1880580011867178, 0.11216177713975294, 0.11216177713975294, 
0.11779818448330015, 0.1711739051534774, 0.13250716747505945, 0.13896567240053298, 0.20395870152102974, 0.11779818448330015, 0.11779818448330015, 
0.12027100657701091, 0.16498598901569125, 0.1331021306502476, 0.13688318062747618, 0.20421567997555223, 0.12027100657701091, 0.12027100657701091, 
0.1082180196780299, 0.21503273369283946, 0.1371957550192641, 0.13656595063045254, 0.18655150162335424, 0.1082180196780299, 0.1082180196780299, 
0.10561872607719369, 0.22299647864846506, 0.13708179445561985, 0.13559090518631978, 0.1874746434780142, 0.10561872607719369, 0.10561872607719369, 
0.10495223924604198, 0.2263771900333484, 0.13654273436435543, 0.1345738654067291, 0.18764949245744114, 0.10495223924604198, 0.10495223924604198, 
0.1052585779035207, 0.2098218208209158, 0.13624511482089138, 0.14052379691387565, 0.1976335337337551, 0.1052585779035207, 0.1052585779035207, 
0.11391509199694667, 0.1793517008015545, 0.1342109992807064, 0.14267716141893835, 0.20201486250796077, 0.11391509199694667, 0.11391509199694667, 
0.11183088782339326, 0.19816339520618337, 0.1377095622325231, 0.13905808302296033, 0.18957629606815327, 0.11183088782339326, 0.11183088782339326, 
0.1256868849248792, 0.1466906505507619, 0.1331803109962774, 0.1392086610403899, 0.2038597226379331, 0.1256868849248792, 0.1256868849248792, 
0.11798756649966455, 0.16585272963255926, 0.13390614687685262, 0.13791114880530125, 0.20836727518629325, 0.11798756649966455, 0.11798756649966455, 
0.11167939581044022, 0.18738839985089897, 0.13590254241568966, 0.14262580391224552, 0.19904506638984523, 0.11167939581044022, 0.11167939581044022, 
0.09576722557340378, 0.24083052055455578, 0.13546373761707292, 0.1360402246441147, 0.20036384046404515, 0.09576722557340378, 0.09576722557340378, 
0.10621533908527815, 0.22356234820318935, 0.13593046388124974, 0.13605883464735616, 0.18580233601237017, 0.10621533908527815, 0.10621533908527815, 
0.10295948678125875, 0.20923043368956254, 0.1366516717635008, 0.13942219595232105, 0.20581723825083928, 0.10295948678125875, 0.10295948678125875, 
0.10243587530517216, 0.22388584770686032, 0.13554492150483152, 0.1358453179240073, 0.19741628694878438, 0.10243587530517216, 0.10243587530517216, 
0.10246418754310527, 0.22657677820763825, 0.13546598816222252, 0.13596851779008318, 0.19459615321074022, 0.10246418754310527, 0.10246418754310527, 
0.10081556397324026, 0.23347269902729367, 0.1340971969348332, 0.13316972161288915, 0.19681369050526323, 0.10081556397324026, 0.10081556397324026, 
0.11275594260836028, 0.18364683990776176, 0.13569515178356867, 0.13842266106863774, 0.2039675194149509, 0.11275594260836028, 0.11275594260836028, 
0.10624322388187868, 0.21149190653484992, 0.1336118905258201, 0.1378867756256163, 0.19827975566807762, 0.10624322388187868, 0.10624322388187868, 
0.10371663447137619, 0.21863023404219745, 0.13335132659047777, 0.1373382384458805, 0.1995302975073158, 0.10371663447137619, 0.10371663447137619, 
0.10878352578496601, 0.2065956498754238, 0.13494400547820248, 0.1349448719040491, 0.19716489538742651, 0.10878352578496601, 0.10878352578496601, 
0.11014767959097692, 0.2111993119874038, 0.13617123906470946, 0.13727517381927712, 0.1849112363556789, 0.11014767959097692, 0.11014767959097692, 
0.11193963317757026, 0.2053691777132009, 0.13756815013476284, 0.13817602394053827, 0.18306774867878722, 0.11193963317757026, 0.11193963317757026, 
0.13066845321694356, 0.1346447317536681, 0.1335038336172417, 0.1353362208221656, 0.20450985415609405, 0.13066845321694356, 0.13066845321694356, 
0.11600425632204073, 0.17367822344467676, 0.1394893189733556, 0.13379322913472075, 0.20502645948112477, 0.11600425632204073, 0.11600425632204073, 
0.1316504568572478, 0.12925244628906787, 0.1371253876833107, 0.13128684202648136, 0.20738395342939653, 0.1316504568572478, 0.1316504568572478, 
0.12430992993188816, 0.14639441982964854, 0.136932752819788, 0.1313386654336413, 0.21240437212125776, 0.12430992993188816, 0.12430992993188816, 
0.12618016610215343, 0.14168778259678008, 0.13727131299446915, 0.132787923514755, 0.20971248258753541, 0.12618016610215343, 0.12618016610215343, 
0.11421772887151714, 0.17042547540093747, 0.13865786828127225, 0.1319642604015299, 0.21629920930170896, 0.11421772887151714, 0.11421772887151714, 
0.11010381272874878, 0.20282732139099313, 0.1370358296939219, 0.13827066981480565, 0.1915547409140331, 0.11010381272874878, 0.11010381272874878, 
0.10492433130320555, 0.21784673199625565, 0.13979931390373693, 0.13796153539626513, 0.18961942479412544, 0.10492433130320555, 0.10492433130320555, 
0.12188178505610293, 0.14556717385700926, 0.13776316436058458, 0.13652253013315468, 0.21450177648094265, 0.12188178505610293, 0.12188178505610293, 
0.12683104960724076, 0.14233062061387983, 0.13986145762228416, 0.13813798490837895, 0.19917678803373476, 0.12683104960724076, 0.12683104960724076, 
0.12957943351143422, 0.15018327534095124, 0.1423996372902606, 0.1350537078013009, 0.18362507903318462, 0.12957943351143422, 0.12957943351143422, 
0.10380449159065754, 0.2168208662808245, 0.13248359642405858, 0.1362854772018969, 0.20299658532124754, 0.10380449159065754, 0.10380449159065754, 
0.12396712091182281, 0.16234010297892607, 0.14292733983283815, 0.13618336962145924, 0.18664782483130812, 0.12396712091182281, 0.12396712091182281, 
0.12130786872942516, 0.1503293857384886, 0.14161451660404328, 0.13802801127236897, 0.20610448019682379, 0.12130786872942516, 0.12130786872942516, 
0.11120849850152667, 0.19125167751479522, 0.13879312779578903, 0.13539353534500975, 0.20093616383982602, 0.11120849850152667, 0.11120849850152667, 
0.1084529007842427, 0.19561083258981476, 0.1379409856905029, 0.13461773147199013, 0.2064717478949641, 0.1084529007842427, 0.1084529007842427, 
0.1072961317503708, 0.19882262378479354, 0.1410371355479917, 0.13426883160583014, 0.2039830138102724, 0.1072961317503708, 0.1072961317503708, 
0.13736289089123088, 0.10894260346933168, 0.13389780392461745, 0.12849314152800484, 0.2165777784043534, 0.13736289089123088, 0.13736289089123088, 
0.12148288975990772, 0.15705304300224412, 0.1366492968851403, 0.13238111169337705, 0.20946787913951542, 0.12148288975990772, 0.12148288975990772, 
0.11241986916514744, 0.18449593258144162, 0.1373490878526848, 0.1343015743182354, 0.20659379775219586, 0.11241986916514744, 0.11241986916514744, 
0.11189876662799488, 0.18311571428252071, 0.1367357877751087, 0.13350789814042177, 0.2109442999179643, 0.11189876662799488, 0.11189876662799488, 
0.11916232826139728, 0.16368622026140228, 0.13629603709688173, 0.13227705881645146, 0.21025369904107277, 0.11916232826139728, 0.11916232826139728, 
0.10265694015153971, 0.22225482544491618, 0.1334630296946924, 0.1340406412491591, 0.20227068315661306, 0.10265694015153971, 0.10265694015153971, 
0.12447744456705036, 0.15185972894065453, 0.1366517545930781, 0.1322557817701957, 0.20580040099492045, 0.12447744456705036, 0.12447744456705036, 
0.10869914467432719, 0.19932431222898608, 0.13745438221959733, 0.13526948227830143, 0.20185438925013358, 0.10869914467432719, 0.10869914467432719, 
0.11326863714596955, 0.1828541394419458, 0.13670706281029077, 0.13368328229487944, 0.2069496040149753, 0.11326863714596955, 0.11326863714596955, 
0.10622233784929837, 0.21470711782735605, 0.13637604399491024, 0.13623651586701835, 0.19401330876282016, 0.10622233784929837, 0.10622233784929837, 
0.11533743330416635, 0.18021390664551304, 0.1368785366029641, 0.13411409822930864, 0.20278115860971513, 0.11533743330416635, 0.11533743330416635, 
0.10321601038805946, 0.21960808782449504, 0.13276577647385895, 0.1359589787642353, 0.2020191257732325, 0.10321601038805946, 0.10321601038805946, 
0.12682208643624981, 0.14875057781294246, 0.1364470764987914, 0.13255827612879656, 0.20177781025072003, 0.12682208643624981, 0.12682208643624981, 
0.12600002453452921, 0.16121479592919216, 0.1382180365966879, 0.13592735295435476, 0.18663974091617755, 0.12600002453452921, 0.12600002453452921, 
0.11667731212189196, 0.19085580661969975, 0.13489722452060557, 0.1389011418539736, 0.18531389064004522, 0.11667731212189196, 0.11667731212189196, 
0.11112430786145613, 0.18834006640373802, 0.13736899905342825, 0.13435247086282393, 0.20656554009564135, 0.11112430786145613, 0.11112430786145613, 
0.11708128408039448, 0.17561366727588282, 0.13666310028461584, 0.13390771205346386, 0.20257166814485397, 0.11708128408039448, 0.11708128408039448, 
0.10720611647571353, 0.20849977125071034, 0.13840471587276726, 0.13732373001936596, 0.19415343343001606, 0.10720611647571353, 0.10720611647571353, 
0.11177280949295815, 0.2025341132588895, 0.13644405770448095, 0.13509039254826644, 0.1906130080094887, 0.11177280949295815, 0.11177280949295815, 
0.11151043826712098, 0.20606595638506423, 0.13641034319554685, 0.13631776460790357, 0.18667462101012233, 0.11151043826712098, 0.11151043826712098, 
0.10798039727280156, 0.21425561024344122, 0.13703806933687077, 0.13615575470258567, 0.18860937389869784, 0.10798039727280156, 0.10798039727280156, 
0.12763433272822786, 0.12523593734880892, 0.14198201187976203, 0.1448474228302756, 0.20503162975646985, 0.12763433272822786, 0.12763433272822786, 
0.12070370875051042, 0.13839661921932622, 0.14227493800641694, 0.14455621338050992, 0.2126611031422155, 0.12070370875051042, 0.12070370875051042, 
0.12424301913385921, 0.11194011209023871, 0.13860774404142, 0.14382391423057908, 0.23289917223618445, 0.12424301913385921, 0.12424301913385921, 
0.13574577240831665, 0.09084842914954917, 0.1397605028345436, 0.1433803822443136, 0.21877336854664362, 0.13574577240831665, 0.13574577240831665, 
0.11170802136671686, 0.19778149378115037, 0.13861445885411838, 0.13928968334016534, 0.1891902999244153, 0.11170802136671686, 0.11170802136671686, 
0.12140257527897622, 0.14063499623911524, 0.1421138494403167, 0.14384968839149764, 0.20919374009214176, 0.12140257527897622, 0.12140257527897622, 
0.12374980367650157, 0.1406204736574187, 0.1427213962442259, 0.14304840055037032, 0.2023603185184805, 0.12374980367650157, 0.12374980367650157, 
0.13048902790768588, 0.1113547870125288, 0.1401934794066069, 0.12958100928489627, 0.22740364057291035, 0.13048902790768588, 0.13048902790768588, 
0.1334422272374985, 0.1052985182350197, 0.14223323103725424, 0.13291599261687814, 0.2192255763983524, 0.1334422272374985, 0.1334422272374985, 
0.11841324239813265, 0.16453904939555938, 0.14298560254020967, 0.13569181333515973, 0.20154380753467327, 0.11841324239813265, 0.11841324239813265, 
0.11290271081276158, 0.17802256285754842, 0.13897023210036577, 0.13975978342772083, 0.20453928917608025, 0.11290271081276158, 0.11290271081276158, 
0.11828931192276759, 0.1477655537308249, 0.1438502635596124, 0.1358516455908873, 0.21766460135037258, 0.11828931192276759, 0.11828931192276759, 
0.11549656185222754, 0.17363224158660506, 0.14427346556602855, 0.13934522689380294, 0.19625938039688087, 0.11549656185222754, 0.11549656185222754, 
0.12413139933097612, 0.13910299063052364, 0.14310302422531948, 0.13511027437713197, 0.21028951277409652, 0.12413139933097612, 0.12413139933097612, 
0.13162271083965718, 0.10899332017997979, 0.14254888344017497, 0.13344195748857765, 0.22014770637229616, 0.13162271083965718, 0.13162271083965718, 
0.13676008987651428, 0.1066540571682572, 0.142092066758889, 0.13402293340500707, 0.206950673038304, 0.13676008987651428, 0.13676008987651428, 
0.10236046373521895, 0.23342406421507972, 0.13539465190947836, 0.1345046436557673, 0.18959524901401784, 0.10236046373521895, 0.10236046373521895, 
0.1077868118618239, 0.17548546614887675, 0.14209263810765826, 0.13626674721188944, 0.22279471294610398, 0.1077868118618239, 0.1077868118618239, 
0.11346220083852523, 0.16752944222821675, 0.14155696708159782, 0.1350212024845425, 0.2155057856900672, 0.11346220083852523, 0.11346220083852523, 
0.11182207483934445, 0.16569526950049007, 0.14406862979885457, 0.13529477138549675, 0.2194751047971252, 0.11182207483934445, 0.11182207483934445, 
0.09933143101771544, 0.23530232790635888, 0.13438797619549198, 0.13255497448273784, 0.19976042836226485, 0.09933143101771544, 0.09933143101771544, 
0.11401625469649108, 0.13689662953542614, 0.14600158890045925, 0.13459496710819643, 0.2404580503664449, 0.11401625469649108, 0.11401625469649108, 
0.11268872361851431, 0.1634473684860413, 0.1443711971017285, 0.13649545826016773, 0.21761980529651948, 0.11268872361851431, 0.11268872361851431, 
0.10297648823145655, 0.22553231475348245, 0.13672825851481568, 0.13603011003967724, 0.19277985199765504, 0.10297648823145655, 0.10297648823145655, 
0.0934709367382718, 0.23258820659101276, 0.12506822828025277, 0.13326307668624834, 0.22866767822767095, 0.0934709367382718, 0.0934709367382718, 
0.10147920490827837, 0.21096098057429344, 0.13291691404931694, 0.13722718543104268, 0.2144573052205119, 0.10147920490827837, 0.10147920490827837, 
0.0989576280420542, 0.22815178578944598, 0.1318271409698302, 0.13206852659438942, 0.21107966252017177, 0.0989576280420542, 0.0989576280420542, 
0.09815329453393647, 0.23973651182700165, 0.13480848823407746, 0.13253757835787475, 0.19845753797923651, 0.09815329453393647, 0.09815329453393647, 
0.11431100721059528, 0.15944439824474205, 0.14318028344799016, 0.1303509950902985, 0.22409130158518348, 0.11431100721059528, 0.11431100721059528, 
0.11890383540151805, 0.1539468887795989, 0.13962047595127444, 0.13106316062974738, 0.21865796843482513, 0.11890383540151805, 0.11890383540151805, 
0.12171307175198684, 0.1329064758494185, 0.1386911705571336, 0.12748133597150701, 0.23578180236598026, 0.12171307175198684, 0.12171307175198684, 
0.13400924005482315, 0.08935189143456493, 0.1455327009270431, 0.13468602596889145, 0.22840166150503122, 0.13400924005482315, 0.13400924005482315, 
0.10778830800954922, 0.18578605605023799, 0.14548374089257304, 0.14089404142477782, 0.2044712376037635, 0.10778830800954922, 0.10778830800954922, 
0.10957722168325686, 0.1694280490095553, 0.14533290291749787, 0.13682923192266952, 0.21967815110050676, 0.10957722168325686, 0.10957722168325686, 
0.12690173175997668, 0.1243242589744593, 0.1408782970245445, 0.13036194924886152, 0.22373029947220474, 0.12690173175997668, 0.12690173175997668, 
0.11350140213059093, 0.15981327413804022, 0.14792975725470145, 0.1364983809825179, 0.2152543812329675, 0.11350140213059093, 0.11350140213059093, 
0.0927914473840525, 0.24328547179653376, 0.13066775873391315, 0.12743366581588816, 0.22023876150150737, 0.0927914473840525, 0.0927914473840525, 
0.10923069637477457, 0.1803880002569459, 0.1428504979059999, 0.13479443231185534, 0.21427498040087514, 0.10923069637477457, 0.10923069637477457, 
0.11302819696367153, 0.16726828553139855, 0.14192186257861317, 0.13258081022333457, 0.21914445077563915, 0.11302819696367153, 0.11302819696367153, 
0.11738005808487184, 0.1460995310858307, 0.1432128633203298, 0.12956224474422437, 0.2289851865949996, 0.11738005808487184, 0.11738005808487184, 
0.09058593559903651, 0.2639143134948591, 0.1315279889175225, 0.13015641464310976, 0.20264347614739917, 0.09058593559903651, 0.09058593559903651, 
0.10453355923340531, 0.20488323997173832, 0.13775207851908897, 0.13812715310110163, 0.205636850707855, 0.10453355923340531, 0.10453355923340531, 
0.11739382723998365, 0.14404826949109142, 0.14635996214627783, 0.13902866034146844, 0.21838162630121138, 0.11739382723998365, 0.11739382723998365, 
0.10287172791218002, 0.22293333234416327, 0.1349286761214871, 0.13504396542479227, 0.19847884237301713, 0.10287172791218002, 0.10287172791218002, 
0.10934008626422173, 0.2154867952425588, 0.1383703344101426, 0.1373496507151018, 0.18077296083953165, 0.10934008626422173, 0.10934008626422173, 
0.11308297663212823, 0.18351248968145792, 0.1417894793704637, 0.1404380641682109, 0.1950110368834829, 0.11308297663212823, 0.11308297663212823, 
0.10617027360467221, 0.19191572721937142, 0.1419975016796178, 0.14072438921042899, 0.2068515610765651, 0.10617027360467221, 0.10617027360467221, 
0.1106002523426069, 0.18662885578765168, 0.1386689544712122, 0.13906046441186126, 0.20384096830145407, 0.1106002523426069, 0.1106002523426069, 
0.12299707761884811, 0.11860145225713362, 0.12186852515034405, 0.14265111978954012, 0.2478876699464379, 0.12299707761884811, 0.12299707761884811, 
0.11383667837572596, 0.15612081163220545, 0.12699874160521044, 0.14410521864529013, 0.2312651929901161, 0.11383667837572596, 0.11383667837572596, 
0.12609753418796096, 0.10635029917165227, 0.12118381629077764, 0.14112206013370748, 0.25305122183997975, 0.12609753418796096, 0.12609753418796096, 
0.12582750876376078, 0.12275783408977123, 0.1249459897588348, 0.13967535436765463, 0.23513829549245702, 0.12582750876376078, 0.12582750876376078, 
0.10705151110954207, 0.1843104207566846, 0.1301678739905607, 0.14415610501418455, 0.220211066909944, 0.10705151110954207, 0.10705151110954207, 
0.1136686225797716, 0.1649301231849564, 0.1290318664465326, 0.14068661118884954, 0.22434553144034672, 0.1136686225797716, 0.1136686225797716, 
0.10599955421359819, 0.21613424084322372, 0.13549362471045975, 0.13777003845549848, 0.19260343335002342, 0.10599955421359819, 0.10599955421359819, 
0.10335761781086195, 0.22708399609805635, 0.13555996436545278, 0.13702267702534457, 0.19026050907856057, 0.10335761781086195, 0.10335761781086195, 
0.10384324640583222, 0.21719512723057274, 0.13343440740206394, 0.13617566800481787, 0.20166505814504873, 0.10384324640583222, 0.10384324640583222, 
0.1268420773894608, 0.10882957451650119, 0.12331471440915664, 0.14233263399200582, 0.24499684491395393, 0.1268420773894608, 0.1268420773894608, 
0.11858602467260797, 0.1311113125456219, 0.12668912368611018, 0.1453637877377094, 0.24107770201273457, 0.11858602467260797, 0.11858602467260797, 
0.11411487566787314, 0.17195207287303027, 0.13294148618136092, 0.14589632180334783, 0.20686549213864164, 0.11411487566787314, 0.11411487566787314, 
0.1291200181407757, 0.11099806149203682, 0.1274619623079421, 0.14268485829656055, 0.23149506348113333, 0.1291200181407757, 0.1291200181407757, 
0.13454817963929086, 0.108413119710098, 0.12819981591480964, 0.13117514327218247, 0.2285673821850375, 0.13454817963929086, 0.13454817963929086, 
0.12149262795805348, 0.1336884752021302, 0.12838032856113177, 0.13067872782755355, 0.24277458453502396, 0.12149262795805348, 0.12149262795805348, 
0.11557924039948998, 0.14549797774083084, 0.12252121952195871, 0.14721130507705132, 0.23803177646168924, 0.11557924039948998, 0.11557924039948998, 
0.11311627990373282, 0.15892024385675238, 0.12487269555471017, 0.14502488447377146, 0.2318333364035677, 0.11311627990373282, 0.11311627990373282, 
0.11857415470300946, 0.14784954458097208, 0.12549112148788064, 0.13236723786825924, 0.23856963195385972, 0.11857415470300946, 0.11857415470300946, 
0.11376802124557066, 0.17169241835363086, 0.12919320945551055, 0.13730503502527266, 0.22050527342887377, 0.11376802124557066, 0.11376802124557066, 
0.12768039121627708, 0.13570730021432167, 0.1290033692105018, 0.13355208532366608, 0.21869607160267912, 0.12768039121627708, 0.12768039121627708, 
0.11738529147249221, 0.1678464653033146, 0.1307905171737657, 0.14356496687890577, 0.20564217622653724, 0.11738529147249221, 0.11738529147249221, 
0.11228940995034632, 0.18210528846330076, 0.13140776218139869, 0.14289356460323507, 0.2067251549010266, 0.11228940995034632, 0.11228940995034632, 
0.12374159528669197, 0.1363499627885926, 0.12620355688616142, 0.14291802548496912, 0.22330366898020093, 0.12374159528669197, 0.12374159528669197, 
0.11185847309766532, 0.19458527590592908, 0.1331779187251271, 0.13806313619268268, 0.19859824988326513, 0.11185847309766532, 0.11185847309766532, 
0.12060742727283642, 0.15069705231861297, 0.128560576983447, 0.14273749647846057, 0.21618259240097018, 0.12060742727283642, 0.12060742727283642, 
0.1271137801787857, 0.13049866017873563, 0.1269442109379895, 0.14038497005633688, 0.22083081829058085, 0.1271137801787857, 0.1271137801787857, 
0.12710341751455903, 0.12458046767097904, 0.12270439905119836, 0.13993331691460426, 0.2314715638195412, 0.12710341751455903, 0.12710341751455903, 
0.14137911856484675, 0.07667078613083836, 0.11773772773394135, 0.13889206717866037, 0.2425620632620197, 0.14137911856484675, 0.14137911856484675, 
0.13087533253963468, 0.10182923384181009, 0.11873759590713369, 0.14131225202514294, 0.24549492060700906, 0.13087533253963468, 0.13087533253963468, 
0.1342728415251715, 0.10273531962174949, 0.12114952232584565, 0.1390111487756635, 0.23428548470122681, 0.1342728415251715, 0.1342728415251715, 
0.13483198785176698, 0.09605848991067739, 0.11920722116263868, 0.14267050315028204, 0.23756782222110084, 0.13483198785176698, 0.13483198785176698, 
0.13393234206824542, 0.10484369451677415, 0.12223302266578996, 0.13967560366359086, 0.2314506529491088, 0.13393234206824542, 0.13393234206824542, 
0.12430116951265152, 0.12149716845096194, 0.12088612388345922, 0.14152923089594374, 0.24318396823168045, 0.12430116951265152, 0.12430116951265152, 
0.11190338126576709, 0.15880047935041255, 0.12667062238476742, 0.14774697235513962, 0.23107178211237914, 0.11190338126576709, 0.11190338126576709, 
0.12436104798266143, 0.12815360113141624, 0.12371607116239851, 0.1416406455129039, 0.23340653824529708, 0.12436104798266143, 0.12436104798266143, 
0.10473104839750356, 0.22359001783885438, 0.1350159224181887, 0.1380330069959627, 0.1891679075544835, 0.10473104839750356, 0.10473104839750356, 
0.1136198060948101, 0.18629844581255064, 0.13158198756586928, 0.1404054155988196, 0.20085473273833032, 0.1136198060948101, 0.1136198060948101, 
0.1161417866904881, 0.17018825851939934, 0.12907861867752746, 0.14430571402599845, 0.20800204870561048, 0.1161417866904881, 0.1161417866904881, 
0.11621837877296129, 0.17153726947308023, 0.1300108151879934, 0.1438486527456418, 0.20594812627440062, 0.11621837877296129, 0.11621837877296129, 
0.11105259600604289, 0.1910088745403753, 0.1322756018831039, 0.1393182036097983, 0.20423953194859384, 0.11105259600604289, 0.11105259600604289, 
0.09980461283533866, 0.2310693911730654, 0.13312433794664078, 0.1386343432624904, 0.19775808911178755, 0.09980461283533866, 0.09980461283533866, 
0.1102661652662987, 0.17960768847383607, 0.12747359820592563, 0.14534217539847227, 0.21677804212286989, 0.1102661652662987, 0.1102661652662987, 
0.12815805901336555, 0.12839575217280685, 0.12503206401054204, 0.14095569778649403, 0.22114230899006027, 0.12815805901336555, 0.12815805901336555, 
0.11088564473623595, 0.20628641416745544, 0.1360509747675002, 0.14000363814733838, 0.1850020387089981, 0.11088564473623595, 0.11088564473623595, 
0.1073466678672543, 0.19741264712675266, 0.13012459046416605, 0.14205343112754426, 0.20836932767977406, 0.1073466678672543, 0.1073466678672543, 
0.1266273699235657, 0.10673930535188647, 0.11886175009006368, 0.1402781268512696, 0.25423870793608316, 0.1266273699235657, 0.1266273699235657, 
0.13736644670802098, 0.08987916073594662, 0.12029739386050582, 0.13826320182306323, 0.23946090345642132, 0.13736644670802098, 0.13736644670802098, 
0.11671072820414816, 0.16061617755179458, 0.12616698510113009, 0.14193576961151788, 0.22114888312311307, 0.11671072820414816, 0.11671072820414816, 
0.12459296992238834, 0.12199175056695108, 0.12085449821183503, 0.14093271267615026, 0.24244212877789864, 0.12459296992238834, 0.12459296992238834, 
0.11528993519815879, 0.16021296463217244, 0.12433913602748219, 0.1450145276978217, 0.22456356604804714, 0.11528993519815879, 0.11528993519815879, 
0.11824521279588732, 0.1577037027248493, 0.12720212239986803, 0.1416013231048157, 0.2187572133828049, 0.11824521279588732, 0.11824521279588732, 
0.12606301908044082, 0.12913556017619754, 0.1249170958215618, 0.13870794989835214, 0.22905033686256612, 0.12606301908044082, 0.12606301908044082, 
0.11665101773600157, 0.15230494820167695, 0.12316935406690388, 0.14314541152234536, 0.23142723300106915, 0.11665101773600157, 0.11665101773600157, 
0.11135046532897647, 0.18068200872946755, 0.12817132664664835, 0.1465894110940789, 0.2105058575428757, 0.11135046532897647, 0.11135046532897647, 
0.11991821944845224, 0.1483719245343747, 0.12567646450174236, 0.14002812865990977, 0.22616882395861634, 0.11991821944845224, 0.11991821944845224, 
0.12605643149107912, 0.1202771116513323, 0.12104240184113062, 0.13946580642554285, 0.24104538560875682, 0.12605643149107912, 0.12605643149107912, 
0.11008644227513699, 0.20049744078523057, 0.1339595646852607, 0.13992099773378405, 0.1953626699703135, 0.11008644227513699, 0.11008644227513699, 
0.10962083890684113, 0.19232006331770707, 0.13209963822719356, 0.14440239650650233, 0.20231538522807346, 0.10962083890684113, 0.10962083890684113, 
0.10535520580025402, 0.20419442117486175, 0.1317049926828495, 0.14258278471288607, 0.20545218402864068, 0.10535520580025402, 0.10535520580025402, 
0.11270894730716285, 0.17973653941961068, 0.13718377049017244, 0.14560213692170487, 0.19935071124702364, 0.11270894730716285, 0.11270894730716285, 
0.10370684647528929, 0.20738373197021853, 0.1323334644749897, 0.144413439829957, 0.20474882429896699, 0.10370684647528929, 0.10370684647528929, 
0.10561241795861379, 0.18845865740176582, 0.12785096366820098, 0.14375355755167066, 0.22309956750252113, 0.10561241795861379, 0.10561241795861379, 
0.11900161765252082, 0.11531308252171096, 0.11863166201549316, 0.14950498018591418, 0.25954542231931926, 0.11900161765252082, 0.11900161765252082, 
0.11656764238643988, 0.15447579223967386, 0.12626567543346875, 0.14591011594279676, 0.22364548922474087, 0.11656764238643988, 0.11656764238643988, 
0.12189288876090304, 0.13514161415334175, 0.12473665890730663, 0.14141979788974246, 0.23302326276689997, 0.12189288876090304, 0.12189288876090304, 
0.11846063438253902, 0.1339992207889774, 0.13032354227136025, 0.14657950513045384, 0.23371582866159146, 0.11846063438253902, 0.11846063438253902, 
0.11240785457106661, 0.19197505882616928, 0.13508625731254864, 0.14266884417290163, 0.19304627597518054, 0.11240785457106661, 0.11240785457106661, 
