
1.2605963470658846E-25,1.323066560019469E-25,1.0,1.0984680527725261E-25,1.61935806399405E-25,9.263946826438688E-18,
3.092792678531334E-26,2.848786915572876E-26,0.99999999708788,2.354054675983363E-26,2.199507006843937E-26,2.912120048188087E-9,
2.275993950937931E-26,3.075065747292038E-26,0.9532415142044,2.3488904785325675E-26,2.1963657890495783E-26,0.04675848579560002,
6.2540018824516786E-30,8.853603113218833E-30,5.140133570770759E-4,6.774684593493318E-30,5.161600631153071E-30,0.999485986642923,
1.814086615718269E-29,7.774781142673197E-30,5.72062342020459E-4,1.2730841574376877E-29,9.307838156068329E-30,0.9994279376579795,
8.284588333520622E-22,8.632651661151428E-22,1.4091375898963253E-4,4.561271814371035E-30,4.6439242694057044E-30,0.9998590862410104,
5.539260123420258E-25,7.9127568010468125E-16,1.6490450035181023E-7,9.027202709856563E-34,1.3979455792375043E-33,0.9999998350954988,
1.3770916877840492E-24,2.015693598904896E-15,5.330371922709606E-7,1.1386686526038365E-24,6.008620662338278E-33,0.9999994669628057,
8.636451926861099E-25,1.1237718420184667E-15,0.0015585143436948991,1.0631114666278986E-24,1.50011504933871E-33,0.998441485656304,
5.265379941202256E-16,1.3745248019358868E-8,0.7763959504165099,3.7422701846712547E-25,1.3225420714785294E-33,0.22360403583824173,
1.6308326486424335E-9,6.659081255938514E-5,0.997336777840846,2.989825870225792E-18,9.893549437388564E-36,0.0025966297157618895,
4.971493627324121E-9,6.682423356089387E-4,0.957540173319411,5.674922087188872E-17,3.0291003278682063E-26,0.041791579373486334,
1.2786827787905417E-9,8.098048319125731E-5,0.9972408446427462,3.237108743493658E-18,2.7610217553623798E-18,0.0026781735953797666,
1.229682734762077E-12,3.507490117725741E-8,0.9999953524849754,1.1446721644554546E-21,1.4518513018733204E-13,4.61243874842477E-6,
5.029402764557783E-8,7.37464397118374E-12,0.9999999492546884,3.464288879955802E-25,1.0434589515731745E-11,4.3347482206161685E-10,
2.715926544028608E-10,1.0309758522948904E-7,0.9999998963352712,1.0394536342440735E-17,7.79813346921674E-12,2.877527658879913E-10,
5.059294546786963E-7,2.641884497455848E-7,0.9999992297116054,7.773055079661686E-12,6.597464333004271E-12,1.5611958241364286E-10,
1.5900645438562564E-7,6.953782101839506E-8,0.9999997074540784,4.481732150129014E-12,3.0432021877912874E-12,6.399412147602064E-8,
5.458951096204786E-7,1.937576150402784E-7,0.9999989702679686,6.134199993557605E-12,2.5507339356562446E-7,3.4999778713153154E-8,
0.048026485269439104,1.466644426817565E-7,0.9516940649357012,1.1652392595716812E-11,2.7922990682247034E-4,7.321194201166454E-8,
0.0583003472790978,2.554887629041865E-7,0.940990638719573,1.4792781719518082E-7,7.085673026540327E-4,4.328209503960354E-8,
0.03683748375297977,4.2219092236622823E-4,0.8272585838778422,0.13511851811397027,3.63187151519162E-4,3.618132226047322E-8,
0.019553532183182,3.5844326299899233E-4,0.9355726108270113,0.0440969828312555,3.994880687543056E-4,1.8942826797996274E-5,
0.03912623243192333,7.258763646659873E-4,0.8068799898861377,0.14611464781114158,5.420584015303997E-4,0.006611195104600891,
0.04084132800339423,2.1912240838183755E-4,0.7793193436670359,0.049286632391662734,1.281261981953158E-4,0.13020544733133,
0.04244299312806601,0.038912196839606936,0.7003171573733747,0.13382860840405883,8.605604712787051E-5,0.08441298820776565,
0.588989507568382,0.023570875395751582,0.23658509200532846,0.0060116294840499365,0.024314151174296274,0.12052874437219184,
0.6441804597014266,0.0435046654772438,0.2959288414367054,0.0038135964080406154,0.011802543409943632,7.698935666399403E-4,
0.33459304493429365,0.020038830239985365,0.16009436791984585,0.008163173271629657,0.4757872774850556,0.0013233061491898413,
0.011292607805931824,0.009676751399862139,0.013531661945006993,0.3054105337049747,0.6592103762831114,8.78068861112924E-4,
5.957970845512116E-6,1.7218238338696148E-7,0.007139014793567093,0.95321646957562,0.03663212269075942,0.0030062627868245964,
4.533629305589011E-6,6.364147630210828E-8,0.0026708957407226702,0.4213863466857975,0.574636418624686,0.0013017416780119581,
1.1068396551568487E-5,5.679006539622247E-7,0.04093150309671678,0.4049296971631464,0.5505331591767086,0.003594004266222824,
8.45575887754113E-5,2.3453772077452361E-7,0.01030815398575431,0.07737505542947033,0.9122285405265929,3.4579316863010435E-6,
2.355926640699996E-5,1.9634028545446663E-8,2.3850692808864758E-4,0.017219116976052225,0.9825174901639234,1.3070315001533194E-6,
1.4953849384520716E-4,3.700821752484946E-8,0.0017427150384284429,0.17868002434458954,0.8194258278611336,1.8572537856293204E-6,
5.7540451784157876E-5,1.340606529687609E-9,4.332644304327734E-4,0.5940606064141531,0.4054482947843383,2.925786851266508E-7,
6.45456207835695E-5,8.106046118456518E-9,5.410414688661553E-4,0.8610984100996045,0.138293538026539,2.456678160658609E-6,
5.875891715025908E-5,6.439318494117195E-9,1.8495363876890535E-4,0.5465304483354089,0.453224559150181,1.2735191724156965E-6,
2.9166828444000034E-5,4.0816614182184174E-9,1.43541505141378E-4,0.2803783598915965,0.719447690626687,1.2370664697625543E-6,
2.5214862856911145E-5,2.6343598437790004E-9,1.5348409372178436E-4,0.5173507747187782,0.4824648538394666,5.669850816720022E-6,
2.131394621067742E-5,4.323752390301534E-9,1.8232091558926326E-4,0.39919967082703633,0.6005891499185251,7.540068886339058E-6,
2.878224567063699E-5,8.326791757977775E-13,1.5921467232913412E-4,0.5721604833923292,0.42764242437078276,9.095318055515022E-6,
3.701680294398372E-5,7.435647968892354E-13,0.0020707896188120927,0.7001079099518627,0.2977721124105769,1.2171215061016385E-5,
1.091040292955617E-5,5.32336803455971E-13,7.901024852752464E-4,0.22135257266904762,0.77775244428639,9.397015582524483E-5,
2.572247263982473E-5,6.625733631267963E-13,0.0010892836845661261,0.30798285836246575,0.6907748277055776,1.2730777408820007E-4,
7.461320028187165E-5,3.551358933291622E-11,7.383380903480315E-4,0.37866203165242407,0.6204947933461727,3.022367525965446E-5,
2.239015243639838E-4,2.066148874904993E-10,4.101756858339828E-4,0.4121153866177631,0.5872095649492984,4.097101612564008E-5,
9.941839591816521E-5,2.175564852043972E-10,7.341635908225434E-4,0.3954097745962213,0.6036933643390475,6.327886043405961E-5,
2.2612887156491838E-4,5.790623538541563E-10,2.711767911931917E-4,3.437555825506991E-7,0.9994183231660132,8.402683658381095E-5,
3.033320623689105E-4,9.037929272190513E-10,0.0014856599131208876,2.718987040362529E-7,0.9981741379024689,3.659731954439888E-5,
2.2897839421694334E-4,7.071922606548621E-10,5.814201327951682E-4,2.488211334061185E-7,0.9981980553454172,9.912965992449098E-4,
1.29244130247416E-4,1.9114960674762812E-10,5.845141424178992E-4,5.435085010199385E-7,0.9988061074290562,4.795905986279732E-4,
0.0014501413503555285,2.883112566669493E-10,4.604129787467148E-4,4.051745834458764E-7,0.9976285069681056,4.605332398976262E-4,
0.0017479587591921852,2.0047227902976724E-9,0.001218114495595158,7.102502501094201E-7,0.9966405342262172,3.9268026402255524E-4,
8.597281605637727E-4,6.835896209394188E-10,3.8576831130876537E-4,2.0105643239469462E-7,0.9984073923196642,3.46909468441086E-4,
8.995513021116103E-4,1.6361162254560544E-9,4.259786068255356E-4,1.1006165147577807E-6,0.9984266697697933,2.466980686384422E-4,
0.0014258026366995192,2.1686912858032996E-9,4.2991643785996185E-4,4.989011827233438E-7,0.9976257903785704,5.179894769961887E-4,
5.605195861201003E-4,2.6163566037947373E-8,1.7799886609056942E-4,1.4422210528665074E-6,0.9991407155810124,1.1929758215793428E-4,
0.0011083970985360963,1.6714838917553608E-6,2.023230243367853E-4,2.096355686999266E-6,0.9980715964136411,6.139156239073108E-4,
5.852484345663151E-4,7.329012397839978E-7,4.4039332341295226E-4,1.0496935547454184E-5,0.9987341141667561,2.290142384773958E-4,
0.001147382356160004,1.2124741697766185E-6,0.001627187842845242,4.707820099565215E-8,0.9969768445865724,2.473256620516162E-4,
0.001779613717701461,1.942958689893244E-6,0.0025274275059512796,2.3586954570487342E-7,0.9907373111540358,0.004953468794075831,
0.032122778332252945,2.3870854311684954E-10,0.004311474863067861,1.8630775373170762E-7,0.9612864208147539,0.0022791394434630652,
0.006085865049420957,6.874876980997223E-9,0.0028460011153627267,1.837384754014897E-8,0.9893750439458884,0.0016930646406035045,
0.013513297653408658,3.3941346107934294E-9,0.0021255152252482867,4.903770028405328E-8,0.9785258584530574,0.005835276236450658,
0.045795786091825094,1.0120935396849409E-8,0.005472680588608307,1.0139809465137557E-7,0.9270913288652979,0.021640092935238737,
0.005767162770290155,5.031909148772126E-9,0.0014228672108022086,4.427941224915062E-7,0.9834944159655931,0.009315106227282974,
0.011704091979650298,3.760647657736105E-9,0.00293472971470113,4.885430888866306E-7,0.9181275810507359,0.06723310495117618,
0.015628156531743338,7.925878355737227E-10,0.007346150890460678,3.9207678651394984E-8,0.937717986194787,0.039307666382742565,
0.011201164901232996,3.708081145099481E-8,0.005704840969448252,5.985009994548265E-8,0.9474467122964131,0.035647184901994255,
0.007612812648342946,1.2509723677674074E-6,0.011224572756249832,1.891447424952856E-6,0.9438549070355955,0.037304565140019,
0.013721471727674944,1.269691773918312E-6,0.007761748011605803,2.1147099775934515E-6,0.9347325120227924,0.04378088383617528,
0.3190418463377149,5.511848094542836E-21,0.6809278365520208,3.0317110260375437E-5,3.386409195928193E-23,4.047559774120365E-15,
0.0067987034575781695,1.1114447749420228E-5,0.03569381349411521,4.881408287305556E-7,0.8319913875853154,0.12550449287441312,
0.01530880273120575,1.3983841636217502E-5,0.04860347672494756,1.2901194290888908E-6,0.9360718956268964,5.509558847932719E-7,
0.030982965293586955,6.211685258688941E-5,0.05036065371868153,2.6802602619931293E-6,0.9185913569821265,2.268927562896969E-7,
0.015655332089714098,6.455358172481843E-5,3.2430054202480654E-7,8.622545664414373E-7,0.9842788657807475,6.199270497319221E-8,
0.01934873791878295,2.639411599718197E-5,2.642178508614499E-7,1.2417328217463636E-6,0.9806231845979471,1.7741660022173812E-7,
1.478161668890427E-7,2.2539017394472387E-5,2.3839558259284128E-7,1.820876669744615E-6,0.9999752103042798,4.3589906354840245E-8,
1.9857928838981156E-7,1.0605052389663574E-5,1.243979911492391E-7,8.488307906453249E-7,0.9999880087909067,2.143486334453696E-7,
6.867170318321509E-7,4.986850158121767E-4,6.929862579423551E-7,2.180648183854315E-7,0.9994993734180192,3.437980604484013E-7,
1.1860691776084102E-7,1.4480720984058656E-4,2.0150675750440065E-6,1.2074349215201118E-7,0.9998510441615708,1.894210603868184E-6,
1.3683289431153396E-7,1.8276697366627126E-4,2.672083653779092E-5,1.0754053403255623E-7,0.9997901914119887,7.640437884302207E-8,
6.620500352788962E-7,0.007152983939675515,9.227211916324942E-5,6.780015437567911E-7,0.9927532200931385,1.8379644385869728E-7,
1.4696864441715424E-6,4.3481273643666274E-8,2.4454482756220553E-8,2.2562487170807877E-7,0.9999981708894261,6.586350160048493E-8,
1.6699152361982407E-6,3.860280791045192E-8,4.0863151588873966E-8,3.571229992600944E-11,0.999998168442255,8.214083696164096E-8,
1.978801656511403E-6,3.254404158282749E-8,5.108591929946343E-7,3.897987407909405E-11,0.9999974267730725,5.098305641710588E-8,
1.7111104035714302E-6,9.523418822689602E-7,8.937736357264632E-7,4.026506713170156E-11,0.9999963388223718,1.0391144161478508E-7,
2.246346700172244E-6,8.212266372788995E-7,5.147302238188644E-7,1.1663633980354821E-11,0.9999963275257946,9.015898049056735E-8,
5.05960100072908E-6,1.5991871909462514E-6,1.115740938655914E-6,3.622650284892907E-11,0.9999918443409742,3.810936690763443E-7,
3.6372929858777724E-6,1.0242059477549613E-6,4.5839600102535204E-7,1.8172190588307878E-11,0.9999945112369146,3.6884997860721113E-7,
1.5061251396017319E-6,6.092122415108875E-6,3.4464245053667043E-7,1.6861989713562985E-11,0.9999919478287245,1.0926440824835233E-7,
2.135949768141301E-5,1.0843614775748556E-5,1.3790608107390273E-6,2.1899445066923232E-10,0.9999659771183068,4.40489430890596E-7,
2.8332864442762366E-5,9.876752306448054E-6,6.339518342101457E-7,1.619439594160555E-10,0.999961107664337,4.860513569079985E-8,
3.502326514896584E-5,1.4364001197872464E-5,1.1973130474974603E-6,2.9773425653757226E-10,0.9999491938683365,2.2125453492889911E-7,
1.777934112283754E-5,9.238562272092855E-6,8.638671359882338E-7,5.808733418175144E-10,0.9999691765791683,2.9410694276243186E-6,
7.624589464534668E-5,8.509842683056108E-6,1.7571582918923198E-7,3.00542714315455E-10,0.999912716777455,2.3514688446919055E-6,
3.8979631284643694E-5,1.3489618896552096E-5,4.164726368355103E-8,1.21126834192989E-9,0.9999465312591512,9.566321355435513E-7,
1.7462371143313866E-5,4.4921822075910845E-6,8.091698423106486E-8,2.920013325086352E-10,0.9999768445104019,1.1197272615579306E-6,
5.109807801081954E-5,1.5465457264887354E-5,4.1672303905724233E-7,6.687109629780819E-8,0.9999163798917442,1.6572978844788945E-5,
3.886981270908699E-5,9.048994179968514E-6,1.6250847723390505E-7,2.7327556625441487E-8,0.999944890742329,7.000614748256598E-6,
2.887345000000999E-5,1.2919359887978135E-4,1.9023478360765256E-7,2.9301987094479808E-8,0.9998254990883852,1.6214325964208666E-5,
2.4076070717447758E-5,1.3114877398508965E-4,1.7606270849550163E-7,3.5513844137133356E-8,0.9997604648337268,8.40987450180653E-5,
8.883834073982194E-5,1.3897980651775683E-6,2.490181949941494E-6,4.3356291024348774E-8,0.9996675782809057,2.3966004204833982E-4,
0.0012207981727771701,1.0730902843785126E-5,2.5816977327260925E-10,4.6057680487769E-8,0.9987045709822203,6.385362630860382E-5,
3.9925949238915745E-4,7.2797101847720905E-6,3.8440052775193756E-10,1.8667299656987937E-8,0.9993474119684158,2.460297773100415E-4,
1.500557110802695E-7,1.2796034050636357E-5,4.670631616506372E-10,1.011425586649373E-6,0.9982710123308264,0.0017150296867621214,
7.302715635608493E-6,3.0286866568350746E-5,9.928929306013348E-10,3.958144772000503E-6,0.9991020222112422,8.564290688889026E-4,
1.096899400543237E-6,6.633342737276343E-6,4.5329134342445667E-10,1.275008214214359E-6,0.9929643244191628,0.007026669877193758,
1.7919157970738373E-6,8.771679181754265E-6,4.505880013992348E-10,1.7873459672734846E-5,0.9960190352825907,0.003952527212169691,
1.4600318209484357E-6,1.0736166075818635E-5,3.092385560719743E-10,2.6772294620940225E-4,0.9962459392679829,0.003474141278672401,
1.3355090686911262E-6,9.196873708879542E-6,1.2795600182811548E-10,1.484854388002079E-4,0.9944278918883366,0.005413090162129507,
3.316656190802785E-6,2.0451639939563042E-5,2.93313825227563E-10,0.002211110201201287,0.9937892736782032,0.003975847531151484,
1.6032935901606324E-5,9.52676941059881E-6,5.464423986068907E-9,0.0011896365888589239,0.9910386834980124,0.007746114743392529,
1.272588037573625E-5,4.5212859538529634E-6,1.521730962283782E-8,4.286784092337612E-4,0.9351002672914831,0.06445379191564393,
1.92259000379794E-5,5.563682816775349E-7,6.411434160763259E-9,9.658032371081211E-4,0.9705357402444174,0.02847866783872063,
4.230972241389367E-6,5.078823822466963E-7,4.156350093043462E-9,0.005079312407490789,0.9730525741994079,0.021863370382127465,
2.1310230075743787E-4,6.398760496786157E-7,1.5232835447740036E-8,2.0802949678684209E-7,0.9829270207801243,0.01685901378073643,
7.280311585160382E-4,5.062903422714159E-7,8.183358962020353E-9,1.148050371889854E-6,0.9800471714991383,0.019223134818272394,
6.830624707360472E-4,9.21542957406233E-6,1.1047903684573627E-8,2.5730674517581925E-6,0.9338154403551078,0.06548969762922681,
6.81003116413518E-4,3.8784599544345447E-11,8.914342196234334E-9,3.6222589072696984E-7,0.9735556123821024,0.02576301332246657,
0.0010949086456699421,9.60798368208636E-12,1.2305446047915322E-8,1.950068252921933E-6,0.8913380341416728,0.1075650948293504,
7.992996308963775E-4,6.73465380371268E-12,3.867248364775232E-9,1.3608944145574949E-6,0.9355857269469722,0.06361360865373394,
0.0012890875466929183,1.178655375215171E-11,1.4109469478170187E-8,1.129797063445488E-6,0.8905465024625793,0.10816326607240828,
0.011806243232487943,3.376860268288502E-11,2.2711848255846596E-8,3.4750492096693956E-6,0.9881896445542717,6.144184138685955E-7,
0.03771627026328861,3.6825404214317534E-11,2.397175924604321E-8,2.8260302321606615E-6,0.9622806374977848,2.422001097104242E-7,
0.019555046225565736,1.744924343943206E-11,8.728633292625776E-9,1.131291050502856E-6,0.9804438135693483,1.679529276950733E-10,
0.013216847508154756,1.7448396610518112E-11,1.1719591415373483E-8,1.6042564444132288E-6,0.986781488892774,4.760558700970936E-8,
0.9999026007735591,9.34388141957358E-11,2.4445274047461697E-8,9.727074845376696E-5,1.0393869558638276E-7,5.788406396378172E-13,
0.2965937089859141,4.383579309392826E-11,1.2141990838672185E-8,1.2091679703898037E-5,0.703394133576914,5.357164122461012E-8,
0.1577715235418556,1.2269355765704716E-10,1.0150231754137455E-7,8.841018615893656E-5,0.8421399646456706,1.3037563493792355E-12,
0.2304443439817271,1.6516481341662074E-10,1.036507635674968E-7,1.0246246670935872E-4,0.7694530009974573,8.87381779418777E-8,
0.18676547952268896,1.1203707133107157E-10,1.0016240759346753E-7,7.649454025499612E-5,0.8131578040422217,1.2162038953919302E-7,
0.385570492405861,6.876328978336656E-11,3.894344380141133E-7,2.6372142863526695E-4,0.6141632198085619,2.1768537404895285E-6,
0.16824009004739693,3.901615598620646E-11,1.4446527966432272E-7,8.642025794549389E-4,0.8308951566996838,4.0616916856122687E-7,
0.1636056154626447,8.44155360984937E-11,2.8282974038875054E-7,4.0574547677259373E-4,0.8359741626954057,1.4193451020956784E-5,
0.25225218883494605,3.5651411238024195E-11,1.5835628678919817E-7,5.472655086451674E-4,0.7471956841242311,4.703140239478693E-6,
0.2241812125150985,4.3779663987429336E-12,5.9599591728789934E-6,6.633065394106707E-4,0.7750304998261718,1.1902115576826353E-4,
0.23265774209059745,1.2978645940224785E-11,6.784473853446657E-4,0.0014348766612584905,0.765103890657715,1.2504319210574684E-4,
0.3881305552507793,2.4614528180148734E-11,4.819433985824551E-4,0.011207853565388762,0.6000898804689256,8.976729170925051E-5,
0.19554171139500234,1.6555161720825213E-11,9.555235521913991E-4,0.0064512181500892005,0.7968826740380901,1.6887284807181376E-4,
0.27075327326922216,5.805995548971712E-12,7.573348365724644E-4,0.033352310488416644,0.6949983196218593,1.387617781234546E-4,
2.709155889912759E-7,1.6598714087037434E-11,7.347521584658136E-4,0.06292502820556439,0.9361988167845958,1.4113191918625596E-4,
2.3363325872262683E-7,1.1117463903471558E-10,6.488034723181195E-4,0.029370826345612958,0.9699207903631332,5.9346074502305696E-5,
2.738306477123349E-7,2.2229088641164537E-10,0.006556121642032191,0.03253395835814574,0.9607857663139743,1.2387963290926877E-4,
2.0937144566756493E-7,1.6658330872121291E-10,3.9637823029295105E-8,0.026274603530601504,0.9737250500729164,9.722063008058517E-8,
3.933823872113115E-7,2.8831893163939242E-11,2.0013586825727375E-7,0.11758750216828526,0.8824107562247556,1.1480598719060403E-6,
3.4449064780357545E-7,2.673818310005337E-11,1.5401895170466188E-7,0.02083687265387079,0.9791466887415785,1.5940068212945864E-5,
1.5065515413753284E-7,7.118099404133716E-12,9.672357980111945E-12,0.021538279138456386,0.9784583319001098,3.238289489358037E-6,
3.000479072332833E-7,1.5995201449548573E-11,1.466119120352487E-11,1.320419821276714E-7,0.9999916389235276,7.928955926634566E-6,
3.365134050317387E-7,1.9174660036583257E-11,1.3620949730760825E-11,2.4625884567772295E-7,0.9999563289399725,4.308825498112633E-5,
2.696895359969429E-7,2.0986892614440143E-11,1.466193313348748E-11,2.1141574131319038E-7,0.9999345877406964,6.4931118377344E-5,
1.2960191016910056E-7,6.443561815942632E-12,1.1130893462870943E-11,1.0126952605469506E-7,0.9995113456905704,4.884234204188999E-4,
4.649038407127075E-6,5.128116758675391E-11,2.8959947241013244E-11,5.671159414619954E-7,0.9952458905523532,0.004748893213056965,
9.054342913818252E-6,4.3718848619768544E-11,4.4415301997703045E-11,1.6013580418597014E-6,0.9782184304110024,0.021770913799907674,
2.1924246833697695E-6,8.112261667788128E-10,4.40964186843335E-12,1.332824502251335E-7,0.9948993702139409,0.005098303263289608,
3.734938014752857E-6,5.426428436597012E-10,1.7465827667366053E-10,6.855796589178941E-7,0.9652511992931747,0.03474437947185045,
1.79740168219876E-5,6.644797049287241E-10,1.4825923386754907E-9,1.4143567614791642E-7,0.9565362386183934,0.04344564378203637,
1.718398210765748E-5,6.372553069698143E-10,1.753916610901403E-9,6.242206005374398E-8,0.8240158343988496,0.17596691680581075,
1.766063282202383E-4,6.339481881215101E-10,2.2265577094219978E-9,6.899900081493346E-8,0.9998229089072035,4.1290506961458044E-7,
5.639340913887849E-4,7.535918120406754E-10,1.2784842488335205E-9,1.8337350454270869E-7,0.9994351225302528,7.579727778071739E-7,
0.0020398208553833656,1.5022867285680472E-8,2.424308589259071E-9,2.0168433162642208E-7,0.997959774465792,1.8554731715217574E-7,
1.3278973717477473E-7,4.8647504492829114E-8,2.591067689316916E-9,2.1221355996644623E-7,0.9999990227896576,5.809684730282761E-7,
3.3654324527550285E-7,9.996872484047664E-7,2.8007282263767838E-9,3.0022726585195645E-7,0.9999976955320563,6.652094558739867E-7,
2.1158836583862625E-7,8.800136229539685E-7,4.807495102668156E-9,1.5572453291003091E-6,0.9999966529944874,6.933506995475884E-7,
1.5174596624260053E-6,1.3862617188125464E-6,2.7590231623633893E-9,1.35674289178268E-5,0.9999829610783437,5.650123340503433E-7,
1.2639433309077194E-6,2.430795733131503E-6,6.610504226784527E-8,2.727101387025231E-4,0.9997228179671722,7.110500190343346E-7,
5.139927623338697E-7,7.702825133353667E-7,7.516355492874377E-8,9.471337780041224E-5,0.9999038650554323,6.212793672411847E-8,
9.857773783687467E-7,1.8466504379291936E-6,1.0008651477878855E-7,7.425337520946506E-5,0.9999226252511841,1.8885927526795496E-7,
1.6602725232343878E-6,1.5563787443560918E-6,1.8849285642736976E-7,1.3497608227909728E-4,0.9998615928754963,2.589810070558534E-8,
1.2866739509950734E-5,1.5349551017924262E-6,1.1873614719080006E-7,7.371323114487914E-7,0.9999844439390143,2.984979153080218E-7,
0.01592876527232074,0.0010127440544256253,3.553620279084867E-5,5.691396102995832E-4,0.9823747976733987,7.90171867643548E-5,
1.8641948366840466E-5,9.51889600833059E-7,1.0838242209777585E-7,1.3103149668811208E-6,0.9999787170429711,2.704216722772175E-7,
8.03153823944937E-6,1.2947213105079467E-6,7.711218523101768E-8,4.746800878377113E-7,0.9999900556385369,6.630963997965932E-8,
1.7765508924469177E-5,5.791343654777693E-7,5.064633108325415E-6,6.967681969815541E-7,0.9999757850853008,1.0887010386239676E-7,
1.2598012781408927E-5,1.6824366902704835E-6,4.8420319803437144E-5,1.5494764119672206E-6,0.9999356326943846,1.1705992822794467E-7,
6.583165397760586E-5,2.7647870621291624E-6,1.5228044753961035E-4,3.643038505912805E-6,0.999775322374114,1.5769880077547058E-7,
2.1431161934231705E-5,9.67511094428217E-5,2.1763989735057323E-5,1.1425428908790406E-6,0.9998587336272553,1.7756874161398806E-7,
1.8713476041503843E-5,3.986739539015101E-4,5.831417561358318E-5,1.5543298255683902E-6,0.9995225741631759,1.6990144195177235E-7,
1.6968219759600926E-5,5.507789983854262E-4,4.065489677163149E-5,5.523868934570721E-6,0.9993859781145357,9.590161316302455E-8,
1.575468663829219E-5,1.8212499851293334E-4,4.738544331807509E-5,7.316507702376062E-6,0.9997473017740194,1.1658980884039935E-7,
6.914694031938544E-8,1.6298246581676273E-4,3.378257934418128E-5,4.164275956981444E-6,0.9997988763348363,1.2519710544440136E-7,
6.884737093803698E-8,1.1690865391819174E-4,4.504428071038397E-4,4.68481473256613E-5,0.9993856589526547,7.259162665484329E-8,
2.3917045040461333E-7,0.006263757597816642,0.0029552007111269883,3.2623727764812975E-4,0.9904542305498891,3.346930687771715E-7,
1.0134187331368331E-7,0.0021534777291190564,0.002617527393270572,9.5114732257383E-5,0.9951334011486043,3.7765487541669357E-7,
3.998763942262684E-8,9.645907964316382E-8,0.0027568104964004084,7.016968581379795E-5,0.997171581440645,1.3019304218172929E-6,
3.9667079575692414E-7,3.5817398004577786E-8,1.596088404677845E-8,6.494756121219573E-5,0.9999336679232533,9.360664567308658E-7,
7.10082253720651E-7,9.677989981367164E-8,7.101697346740948E-8,1.9334850121598574E-4,0.9998044799101711,1.2937094858859058E-6,
6.860079119701239E-7,4.710055298378594E-8,1.118937486276348E-7,5.787017120273804E-5,0.9999407391844943,5.456420894116781E-7,
7.01049946203805E-7,5.395169353017006E-10,2.7693786001270767E-11,4.782620720361501E-4,0.999519439911278,1.5963995289001138E-6,
2.368715225729379E-6,3.9734859167693835E-10,1.7563659415801384E-11,3.966773837724846E-4,0.9996005112872626,4.421988269423212E-7,
9.348858306111437E-6,2.2482575284745882E-8,7.694924883938045E-12,5.964596078863087E-4,0.9993934351550988,7.338884386926676E-7,
4.326298751507827E-6,6.418957613617203E-9,7.43315540094703E-12,0.0027059562215733858,0.9972889214580397,7.895952446198567E-7,
1.1491596555707933E-5,4.988944124090061E-7,1.3231362934161048E-11,0.006536195119877845,0.9934516236662405,1.907096822157793E-7,
2.4963528144869276E-6,3.9492683198540716E-7,8.36340442696187E-12,1.5215821243972382E-7,0.99999691255132,4.4002457651982445E-8,
7.418100892875175E-6,5.27840885747263E-7,6.952681209164153E-12,7.077673338875824E-8,0.9999919211686727,6.210586256139318E-8,
5.514042527171155E-6,6.802443475980347E-7,8.03578257796619E-12,4.392230912784479E-8,0.9999937133775607,4.84052195829319E-8,
5.442275808903797E-4,5.912900303110222E-7,9.317145369227759E-10,1.0591470317827444E-6,0.99945404278611,7.826422298495976E-8,
6.342367369024224E-5,6.182417722062084E-10,1.6666326298107617E-8,4.893622426365369E-7,0.9999360167219936,5.2957505451685125E-8,
3.343094991974012E-4,9.327783301692732E-9,2.329320274486382E-8,9.773033270454088E-7,0.9996646166972546,6.387923503946864E-8,
3.308470485086345E-4,8.390775693981402E-7,2.3037698310761278E-8,1.1210826188688061E-6,0.999667138902932,3.085067271447987E-8,
1.7185818110704247E-4,3.417165729526106E-7,5.095972529363109E-9,9.881658501890365E-6,0.999817879614778,3.373306753387391E-8,
5.168691855131136E-4,1.3094724228901678E-5,6.47622518996118E-7,7.548856746383582E-8,0.9994691492407236,1.6373844775379494E-7,
1.825828021742438E-4,6.781472049037065E-6,7.088788427868536E-7,1.3722741472033784E-7,0.9998096722263863,1.1739313301074782E-7,
3.18158776548614E-4,7.34589283472635E-6,4.328219036197279E-7,4.8116617145426485E-8,0.9996737560365038,2.5835559199049496E-7,
0.0024831450387438714,5.777926862680883E-6,1.7283372421908386E-7,6.519726307811406E-12,0.997510767197797,1.3699635248648146E-7,
0.004544032806174761,1.3320145779938122E-5,1.97321347934462E-8,1.9548994548638234E-11,0.9954422224820808,4.0481428077516416E-7,
0.00740838644927477,3.444141830667253E-5,6.056634685342901E-8,1.0716169107677288E-10,0.9925559069542853,1.2045046247020752E-6,
0.0089786971458366,7.008416889736199E-6,1.5549231587150338E-8,1.206444618535212E-11,0.9910139152637635,3.6361221419888254E-7,
0.004820801856541141,1.0135695988790962E-5,1.711276856507431E-8,2.513749407518783E-11,0.9951689531312432,9.217832079433667E-8,
0.039139432780732834,7.804460925058324E-6,1.5558838390262594E-8,2.389099138411339E-11,0.9608524795462998,2.6762931293605814E-7,
0.9995984456839498,2.2057647204526014E-4,5.735819491863011E-7,9.142797246074864E-10,1.7884493143826825E-4,1.5584163376242043E-6,
0.014585091082531485,1.0435534781483803E-5,3.3375285750699265E-7,1.2061537702146836E-11,0.9854040760337399,6.358402813490395E-8,
0.03651371948845758,2.4235083899185953E-10,1.65883354616495E-7,6.183770987785422E-11,0.9634860546078433,5.971615583050623E-8,
0.04734553006736169,1.9924335916936246E-9,7.931023811180857E-7,1.2966601469923094E-10,0.9526535906892016,8.401895596010747E-8,
0.013806575335065904,3.249781091130827E-10,1.7183689603147948E-7,1.3469756853031385E-9,0.9861932058338697,4.5322214588600365E-8,
0.05326303149644591,1.4033864156189122E-9,4.4041806887797205E-7,1.9105636258846556E-9,0.946736464096585,6.067495006175431E-8,
0.03008948282410011,9.451414422867887E-10,3.6143524545602935E-7,1.2673702740399982E-9,0.9699101535281428,3.046624991923941E-18,
0.04781962228998329,6.270193948063887E-10,9.213755441287623E-10,7.605871054135772E-10,0.9521801690253292,2.0637570535445304E-7,
0.678743001037326,4.798457684821674E-9,9.44235377588463E-9,1.4573635115831322E-8,0.32125696860792846,1.5402990193864265E-9,
0.02531788493010463,7.972337069625643E-10,5.079316891267622E-10,1.4424505291560605E-6,0.97468057351952,9.779468082068124E-8,
0.0803266475302318,2.9567376698564426E-10,8.997271785813655E-10,1.1869033538495957E-6,0.919671826996947,3.3737406647714847E-7,
0.043916402775520294,1.1620347981720794E-9,4.0776780017031504E-10,1.84860253736682E-6,0.9560796376391195,2.1094130203310072E-6,
0.09313555864098429,9.287541927530123E-10,1.1681785485743945E-9,9.588575574929623E-7,0.9068609355244791,2.5448800464778488E-6,
0.160237454165303,1.5090325676239116E-10,8.72965290929263E-10,1.2053080313314221E-6,0.8397598356109531,1.5038918439635543E-6,
0.12699058591625054,1.34034628269265E-9,1.6524081168944248E-9,4.04371516110818E-5,0.872751269353132,2.177045862520248E-4,
0.1748789817704159,5.700512957906004E-10,1.1801095309400125E-9,1.0628185745748893E-5,0.824355940347708,7.544479459693946E-4,
0.1743337126661651,1.457181011732768E-9,2.11714324369925E-9,4.500491580665385E-5,0.8250982709027498,5.230079409542949E-4,
0.2363842806468969,6.60283645241536E-8,4.1678989155533485E-8,5.979317764396768E-8,0.7630819270057826,5.336248467891195E-4,
0.270597079685546,2.1967237424803812E-8,3.4280229402428183E-6,2.5000973139234897E-8,0.7291842062243508,2.1523909895253265E-4,
2.71333833803131E-7,4.53500067410584E-8,1.0062220377742222E-6,2.0310801534071272E-8,0.9994048834785844,5.937733047358502E-4,
7.429431042049175E-8,1.7737624997390162E-8,1.801388269371474E-5,8.569596946709637E-9,0.9999818535556638,3.196011002754137E-8,
1.8319934604033034E-7,1.9089204613077972E-8,1.9785689851238512E-5,2.3860780628083846E-7,0.9999796052720002,1.681417916779795E-7,
1.0469124630138569E-7,1.1234640489603568E-8,1.6388674523202433E-5,1.319554903265244E-7,0.99998326201967,1.0142442961463419E-7,
5.722717057092456E-4,1.9986871079115277E-6,0.020112944429356766,7.888949639508356E-7,0.9793117600521221,2.3623074005847267E-7,
0.001649811553612017,4.409084531649214E-6,0.04712631401428825,1.2826587773310138E-6,0.9512177908127721,3.918760185690211E-7,
2.4112665938831525E-4,1.9874389377676193E-7,0.013787274477106036,6.791280876910945E-6,0.9859645091313347,9.970740032805645E-8,
1.3212793072420333E-4,6.225160539332657E-9,0.0230130126432421,4.031236383453887E-5,0.9768144448213059,9.601573280556309E-8,
2.5481416953071248E-9,2.046497900861004E-8,0.033885889612884086,3.0864509689778354E-5,0.9660831645045329,5.835977259347577E-8,
4.286349062478521E-9,3.403521333572374E-8,0.05051770096089318,7.009874470622995E-4,0.9487809892007506,2.8406973134905487E-7,
3.771852604409618E-9,2.2461309834093134E-8,0.03837407710527495,2.934477594563622E-4,0.9613323686338547,8.026825150788776E-8,
1.9163731037774292E-7,4.30568563729549E-8,0.06274343694518941,7.581563430319044E-4,0.9364948393801718,3.332637440110667E-6,
6.778809071101403E-8,1.1978778916753589E-8,0.014622515615731005,0.0012008044706063239,0.9841758067314251,7.93415367898167E-7,
2.7028437685349547E-8,1.9770568277687966E-8,0.004991380705323184,0.003199762177033215,0.9918081169981001,6.933205376129093E-7,
8.972352145966525E-8,1.0082054191359445E-7,0.027580254358867885,0.003356401838902082,0.9690624654445484,6.878136181142781E-7,
6.78479125422109E-8,1.2787425532275947E-7,0.0352638777755003,0.002321237493956455,0.9624141619377231,5.270706523678277E-7,
4.221361226252419E-8,7.480931273111698E-8,0.03535268524278179,0.002982408541041494,0.9616512182114794,1.3570981772442146E-5,
6.663153431554778E-8,3.706243978118481E-8,0.015039962584316075,8.92341200781802E-4,0.9840353078463245,3.2284674603589364E-5,
2.878284631218617E-7,2.6622193611616015E-8,0.014895979183068158,1.1300772231440622E-8,0.9850906048887937,1.3090176709189606E-5,
1.4539239817806398E-6,7.998999739921191E-8,0.024023005617348717,1.581890318913718E-8,0.9758869652500348,8.847939973422756E-5,
1.377739770374856E-6,4.038759402973127E-8,0.03665738277587844,1.976673827799298E-7,0.9632471662196211,9.383520975317925E-5,
7.40389407264593E-7,5.2476844711537954E-8,0.014024099947014434,1.6138579011842592E-7,0.9855825749052757,3.923708956677688E-4,
1.3623153344534358E-6,4.424342686047266E-7,0.023606750153017254,2.563603508208509E-7,0.9760829444874995,3.082442495294126E-4,
1.1007473335862791E-6,4.0243261943752725E-7,0.03041971719492106,3.5958837860178324E-7,0.9685272463332077,0.001051173703539558,
2.56802468293287E-6,1.7034489507249257E-6,0.05664092600220506,7.117046621343707E-8,0.9427459243114474,6.088070422476403E-4,
4.055059865845854E-6,1.4018837780034731E-6,0.08363727666217594,5.104160367649231E-7,0.908530035148401,0.007826720829742501,
2.3663764685954305E-5,7.003026022189906E-7,0.024681595040126448,1.6360544238823208E-7,0.969060683156967,0.006233194130175914,
1.8943569796163446E-5,6.142813215385772E-7,0.02045089524693533,2.2518757159926276E-7,0.9528309731645929,0.02669834854978253,
8.495849865025609E-5,1.7864441348239426E-6,0.04923766330999204,4.230277530945492E-6,0.9326313908045893,0.01803997066510263,
2.0345092665614E-5,7.58826920406422E-6,0.04695041560413305,1.056814517305817E-5,0.8797585779406183,0.07325250494820588,
2.8948837210273607E-4,6.936128220370898E-6,0.017892127395107888,4.428715664239115E-6,0.9427970582376407,0.039009961151264025,
1.6240669599481053E-4,7.597875199348835E-5,0.011241206903087633,3.4149080316093997E-6,0.9810185351873802,0.007498457553512143,
2.587168565460709E-4,1.1902932960771212E-4,0.013329386216612598,3.2121248844401234E-5,0.9542340522389479,0.032026694109441256,
2.4655304789763025E-4,6.634818587140232E-5,0.02246695502456083,1.777423489740612E-5,0.9772020586448515,3.108619211170437E-7,
3.572894744820057E-4,0.0014134785112040517,0.02075849026991198,8.421983763642054E-5,0.9773860032955008,5.186112646683543E-7,
2.8919829299836445E-4,4.112332679000585E-4,0.029238791940721907,6.878157360965767E-5,0.9699915571161534,4.3780861661402137E-7,
0.0017419970235260142,4.0695702751875106E-4,0.12389423331319745,1.6935236475135216E-5,0.8739386584351084,1.2189641742003243E-6,
8.729549402137747E-4,4.2571030230295886E-4,0.0660587085250651,4.770466505616762E-5,0.9325948482883734,7.327898863882048E-8,
0.002829545556405859,0.0013767742249982252,0.10300928564529623,4.5127464437372014E-5,0.892739227771736,3.933712634336914E-8,
0.0019548021402083136,0.0013468839826466356,0.1495742626872208,2.833344325075127E-4,0.8468407165200696,2.3734728080264043E-10,
0.0016386082884766904,0.004413324038102112,0.21472939907134062,9.344855666347723E-4,0.7782840082769394,1.7475850628423338E-7,
0.002973312885373209,0.010691145730049527,5.612240205024899E-7,1.5125009948382446E-4,0.9861834762550185,2.538060544579263E-7,
0.007253243247842961,0.003084162638240718,2.7705572488195023E-5,1.4213847467990567E-4,0.9894924653609369,2.8470581123049705E-7,
0.012255923179886876,0.011438818464133145,0.0020773584593724373,5.305225775390613E-9,0.9742224205677369,5.4740236448702326E-6,
0.00849367398151789,0.004333371923052993,0.0020900187111067155,2.812425721528725E-9,0.985063836534743,1.9096037153615784E-5,
0.007185607345052471,0.009234508336958654,6.419980829280932E-4,4.072400632817969E-9,0.9829024037916166,3.547837104355831E-5,
0.004850091323111479,0.010359757911957725,0.0021412379586438005,7.476909486860698E-9,0.9823377570720322,3.111482573453812E-4,
0.023376226983188524,0.03444040936292588,0.0027982807445394793,2.7601761112241343E-8,0.9305953242740314,0.008789731033553674,
1.3790283848798463E-5,0.5697286197401172,0.30199020698913265,3.6265323194644645E-7,1.1732352910539392E-11,0.12826702032193696,
1.1262273711785262E-7,5.251700347925094E-7,0.9999951257262376,3.3308175714524035E-7,6.412221108996542E-13,3.903398592113305E-6,
1.3763566928230408E-7,0.012696683653177686,0.028251154478691528,5.194751017509513E-9,0.9590519010623344,1.1797537613868207E-7,
1.547643429595845E-7,0.003874107813347146,0.05977620928749082,1.1177533905528615E-7,0.9363491401233744,2.7623610548229844E-7,
3.4116650733898763E-7,0.05211569867990551,0.22855940840448738,9.885958022920415E-6,0.7193135927620871,1.0730289897114767E-6,
9.884945869309542E-8,0.039660136017918186,0.06295342045265817,2.185173566308283E-6,0.89738395087297,2.0863342867355078E-7,
1.4158577551731244E-7,0.02740554425134643,0.13602712605896286,1.864068452074612E-8,0.8365644752476533,2.6942155773413704E-6,
9.762242300631513E-7,0.03704724632935252,0.08966616006423925,2.0500377871036007E-7,0.8732836097083976,1.8026700019113442E-6,
2.599995678693996E-6,7.759084627026588E-8,0.5228322064658875,2.2569965553785587E-7,0.477161483219182,3.407028750004653E-6,
1.5445418785106061E-6,3.272201867924228E-8,0.11098568614286666,5.036276152280556E-7,0.88901094415272,1.288812900956873E-6,
6.346032174672103E-8,1.155069314641594E-7,0.41899203957755654,5.5522457842696794E-5,0.5809492692359558,2.9897613918062737E-6,
9.340597884718773E-8,8.56508819277483E-6,8.267842837643811E-7,2.4075781656689654E-5,0.9999639402336948,2.4987061931190804E-6,
4.14151174986213E-8,2.2831263518831382E-5,2.1037161460112256E-7,3.857239039981976E-5,0.9999335125750758,4.831984273494381E-6,
1.7076992800756806E-8,7.40288351846205E-10,5.176663474885763E-7,0.0023165605770369287,0.9976792370153897,3.6669239446179245E-6,
2.1110262242821432E-8,4.347609115805225E-10,4.060544355217706E-7,0.0018218476039884714,0.99817451787019,3.206926362959322E-6,
3.796015169070349E-8,1.0180794209005095E-9,6.856615427956702E-7,0.0015725379252620499,0.9983923043968046,3.4433038159317686E-5,
4.109864705719609E-8,4.798696746243553E-10,2.376040867264074E-6,7.365979732893873E-4,0.9992609557230792,2.8684247447389842E-8,
3.8607742181444226E-8,4.887024823120291E-10,1.3377975431462144E-6,0.0010609435045335043,0.9989376796014787,1.170576284190343E-18,
3.511403213597209E-8,9.250089162615959E-10,2.9436078611100276E-6,0.0021178492632553843,0.9978713155438341,7.855546008314594E-6,
3.116271088831116E-8,2.479907096380971E-9,2.791876722287891E-6,0.0014440627324527736,0.9985469459517917,6.165796415154212E-6,
4.595534803340829E-8,3.294764711119843E-8,1.9806395569189453E-6,9.327326508539274E-4,0.9990622378114535,2.969995140457598E-6,
6.152362104143128E-8,1.8086083869281774E-8,3.4853577336537197E-6,1.501612008936665E-7,0.9999929725501325,3.3123212280142458E-6,
2.612063457253011E-7,8.643769072711943E-8,3.181450537243427E-4,2.4217956909354175E-7,0.9996653522365431,1.5912886127078845E-5,
1.5364797249400296E-7,3.2677841327510215E-8,4.6924485889833826E-4,1.67059011578781E-6,0.9995234684078917,5.429817280336954E-6,
1.2063536197876842E-7,3.8725449596585434E-8,1.1328632319563898E-7,1.1016087001387975E-6,0.9999906286251027,7.997119062461237E-6,
7.030978485990818E-8,6.491755939226596E-8,2.28615805876418E-7,1.187185563015373E-6,0.9999697130661314,2.8735905155551655E-5,
2.2860733824123145E-7,1.100353395190916E-7,3.614554119897098E-7,4.481606826984379E-6,0.9998372110832123,1.576072118708474E-4,
1.5723841355865556E-7,1.565874453141345E-5,2.227090263029823E-7,1.379097984773604E-6,0.999943456455283,3.912575476072868E-5,
1.429692232288417E-7,6.585597443720854E-6,1.2068940765532816E-7,1.268465460941533E-6,0.999906668827944,8.521345052032051E-5,
7.687563177496303E-8,1.0032219226596859E-5,1.3435289984260748E-7,1.7962437020630078E-6,0.9999871132199183,8.470886213697568E-7,
1.5854380333578289E-7,2.5605130360238647E-8,1.4198421451506932E-7,6.498844964450482E-6,0.9999925457067024,6.293151849335595E-7,
2.035078873820424E-7,1.834201896239466E-12,2.0739739099395232E-7,7.926781239299344E-8,0.999998328284388,1.1815406870909848E-6,
7.529723683604261E-8,1.0559531923491583E-10,2.876057399099898E-7,1.06452272699797E-6,0.9999979489926049,6.234760961479061E-7,
1.4967217640391306E-7,2.628145733981598E-10,1.588082933754139E-7,2.667936735090834E-7,0.9999985662626749,8.582003671846332E-7,
8.937052475420853E-8,1.0587716954792646E-10,1.233961877027524E-7,3.648053171113777E-7,0.9999957225040011,3.699818092237163E-6,
1.2325524024728354E-7,6.908188979912025E-9,2.855291339671883E-6,2.971293323913028E-7,0.9999948769096557,1.840506242895864E-6,
5.154846069892006E-7,2.6068861120770066E-8,3.1614761308696167E-6,9.622415669543824E-6,0.9999623776360421,2.4296918689355837E-5,
