
0.14285714285714285, 0.14285714285714285, 0.14285714285714285, 0.14285714285714285, 0.14285714285714285, 0.14285714285714285, 0.14285714285714285, 
0.14285714285714285, 0.14285714285714285, 0.14285714285714285, 0.14285714285714285, 0.14285714285714285, 0.14285714285714285, 0.14285714285714285, 
0.14285714285714285, 0.14285714285714285, 0.14285714285714285, 0.14285714285714285, 0.14285714285714285, 0.14285714285714285, 0.14285714285714285, 
0.14285714285714288, 0.14285714285714288, 0.14285714285714288, 0.14285714285714288, 0.14285714285714288, 0.14285714285714288, 0.14285714285714288, 
0.14285714285714285, 0.14285714285714285, 0.14285714285714285, 0.14285714285714285, 0.14285714285714285, 0.14285714285714285, 0.14285714285714285, 
0.14285714285714285, 0.14285714285714285, 0.14285714285714285, 0.14285714285714285, 0.14285714285714285, 0.14285714285714285, 0.14285714285714285, 
0.14285714285714288, 0.14285714285714288, 0.14285714285714288, 0.14285714285714288, 0.14285714285714288, 0.14285714285714288, 0.14285714285714288, 
0.14285714285714285, 0.14285714285714285, 0.14285714285714285, 0.14285714285714285, 0.14285714285714285, 0.14285714285714285, 0.14285714285714285, 
0.14285714285714288, 0.14285714285714288, 0.14285714285714288, 0.14285714285714288, 0.14285714285714288, 0.14285714285714288, 0.14285714285714288, 
0.118587900178422, 0.2526441133662733, 0.118587900178422, 0.15441638574161679, 0.118587900178422, 0.118587900178422, 0.118587900178422, 
0.12372398006437332, 0.2280611999351217, 0.12372398006437332, 0.15331889974301174, 0.12372398006437332, 0.12372398006437332, 0.12372398006437332, 
0.12129590175165164, 0.23901049369926428, 0.12129590175165164, 0.15450999754247774, 0.12129590175165164, 0.12129590175165164, 0.12129590175165164, 
0.12206846028782807, 0.23667362628830924, 0.12206846028782807, 0.15298407227255037, 0.12206846028782807, 0.12206846028782807, 0.12206846028782807, 
0.12001062273526518, 0.24555846819563815, 0.12001062273526518, 0.15438841812803594, 0.12001062273526518, 0.12001062273526518, 0.12001062273526518, 
0.11957333995346311, 0.2477630930685271, 0.11957333995346311, 0.15437020716415734, 0.11957333995346311, 0.11957333995346311, 0.11957333995346311, 
0.12312081943775957, 0.23081010762532495, 0.12312081943775957, 0.15358579518587745, 0.12312081943775957, 0.12312081943775957, 0.12312081943775957, 
0.12390444910563889, 0.22704123087867498, 0.12390444910563889, 0.15343652359313056, 0.12390444910563889, 0.12390444910563889, 0.12390444910563889, 
0.12318769699636743, 0.23010244000057264, 0.12318769699636743, 0.15395907501759004, 0.12318769699636743, 0.12318769699636743, 0.12318769699636743, 
0.12311041140561219, 0.23065159790821488, 0.12311041140561219, 0.15379634506372408, 0.12311041140561219, 0.12311041140561219, 0.12311041140561219, 
0.11888428396024098, 0.25142363643142956, 0.11888428396024098, 0.15415494376736555, 0.11888428396024098, 0.11888428396024098, 0.11888428396024098, 
0.12329802758247038, 0.22967366868753572, 0.12329802758247038, 0.15383619340011243, 0.12329802758247038, 0.12329802758247038, 0.12329802758247038, 
0.12287981209042323, 0.2326421396051362, 0.12287981209042323, 0.15295879994274747, 0.12287981209042323, 0.12287981209042323, 0.12287981209042323, 
0.1176945450455841, 0.2556474578450299, 0.1176945450455841, 0.1558798169270497, 0.1176945450455841, 0.1176945450455841, 0.1176945450455841, 
0.11968807884214062, 0.24762557417359776, 0.11968807884214062, 0.153934031615699, 0.11968807884214062, 0.11968807884214062, 0.11968807884214062, 
0.12246304722864385, 0.23381907106260602, 0.12246304722864385, 0.1538656927941747, 0.12246304722864385, 0.12246304722864385, 0.12246304722864385, 
0.12020320509883219, 0.24357713034047251, 0.12020320509883219, 0.15540684416536646, 0.12020320509883219, 0.12020320509883219, 0.12020320509883219, 
0.11619569387816146, 0.26398200841293323, 0.11619569387816146, 0.15503952219625947, 0.11619569387816146, 0.11619569387816146, 0.11619569387816146, 
0.12167733081939439, 0.23783559360226078, 0.12167733081939439, 0.15377775230076707, 0.12167733081939439, 0.12167733081939439, 0.12167733081939439, 
0.12174807935629003, 0.2371299780000108, 0.12174807935629003, 0.15412962521853907, 0.12174807935629003, 0.12174807935629003, 0.12174807935629003, 
0.12583541376321322, 0.21823501189276437, 0.12583541376321322, 0.15258791929116958, 0.12583541376321322, 0.12583541376321322, 0.12583541376321322, 
0.12338923177173815, 0.2291603311755858, 0.12338923177173815, 0.15389350996572349, 0.12338923177173815, 0.12338923177173815, 0.12338923177173815, 
0.12429829683174444, 0.22529104369696062, 0.12429829683174444, 0.15321747214431733, 0.12429829683174444, 0.12429829683174444, 0.12429829683174444, 
0.11922346634746944, 0.24797251517496022, 0.11922346634746944, 0.15591015308769268, 0.11922346634746944, 0.11922346634746944, 0.11922346634746944, 
0.12369410719001997, 0.2280793112274302, 0.12369410719001997, 0.15345015282247002, 0.12369410719001997, 0.12369410719001997, 0.12369410719001997, 
0.12629246189467716, 0.21614875902517358, 0.12629246189467716, 0.1523889315014405, 0.12629246189467716, 0.12629246189467716, 0.12629246189467716, 
0.1184587369140223, 0.2515608178331611, 0.1184587369140223, 0.15614549759672747, 0.1184587369140223, 0.1184587369140223, 0.1184587369140223, 
0.11971458151330043, 0.24639928232456157, 0.11971458151330043, 0.15502781010893613, 0.11971458151330043, 0.11971458151330043, 0.11971458151330043, 
0.12045567322686476, 0.24259749320089866, 0.12045567322686476, 0.15512414066477742, 0.12045567322686476, 0.12045567322686476, 0.12045567322686476, 
0.12043840559105187, 0.24311934881131664, 0.12043840559105187, 0.15468862323342397, 0.12043840559105187, 0.12043840559105187, 0.12043840559105187, 
0.12406736328496806, 0.2263498952275536, 0.12406736328496806, 0.15331328834760605, 0.12406736328496806, 0.12406736328496806, 0.12406736328496806, 
0.1202330770783657, 0.24365747077684807, 0.1202330770783657, 0.15517714383132347, 0.1202330770783657, 0.1202330770783657, 0.1202330770783657, 
0.11938246364420983, 0.2469188296121376, 0.11938246364420983, 0.15616885216681337, 0.11938246364420983, 0.11938246364420983, 0.11938246364420983, 
0.12432685395361472, 0.225354917526889, 0.12432685395361472, 0.15301081270503733, 0.12432685395361472, 0.12432685395361472, 0.12432685395361472, 
0.12232838413460839, 0.23419015390341832, 0.12232838413460839, 0.15416792542353958, 0.12232838413460839, 0.12232838413460839, 0.12232838413460839, 
0.12178429016925103, 0.23711874978820588, 0.12178429016925103, 0.15395979936553894, 0.12178429016925103, 0.12178429016925103, 0.12178429016925103, 
0.11751751912711153, 0.2561636208120769, 0.11751751912711153, 0.1562487835523655, 0.11751751912711153, 0.11751751912711153, 0.11751751912711153, 
0.11993652498923663, 0.24650069781379852, 0.11993652498923663, 0.15381667724001832, 0.11993652498923663, 0.11993652498923663, 0.11993652498923663, 
0.12245862858044607, 0.23326983545646884, 0.12245862858044607, 0.15443702164130074, 0.12245862858044607, 0.12245862858044607, 0.12245862858044607, 
0.12095490640859231, 0.24092082778022866, 0.12095490640859231, 0.15430464017680992, 0.12095490640859231, 0.12095490640859231, 0.12095490640859231, 
0.12644127227488017, 0.21596088364897098, 0.12644127227488017, 0.1518327549766282, 0.12644127227488017, 0.12644127227488017, 0.12644127227488017, 
0.12273327940285866, 0.23234840100761106, 0.12273327940285866, 0.15398520197809576, 0.12273327940285866, 0.12273327940285866, 0.12273327940285866, 
0.1236903843787126, 0.22811168053437647, 0.1236903843787126, 0.15343639757206068, 0.1236903843787126, 0.1236903843787126, 0.1236903843787126, 
0.12344846727026726, 0.23043717322462526, 0.12344846727026726, 0.1523204904240384, 0.12344846727026726, 0.12344846727026726, 0.12344846727026726, 
0.12397220068443136, 0.225976584555062, 0.12397220068443136, 0.1541624120227811, 0.12397220068443136, 0.12397220068443136, 0.12397220068443136, 
0.11963734406093753, 0.24650316892487079, 0.11963734406093753, 0.15531011077044163, 0.11963734406093753, 0.11963734406093753, 0.11963734406093753, 
0.12050426722224307, 0.241674558182688, 0.12050426722224307, 0.15580410570609676, 0.12050426722224307, 0.12050426722224307, 0.12050426722224307, 
0.118970502465992, 0.25112192454962395, 0.118970502465992, 0.15402556312041607, 0.118970502465992, 0.118970502465992, 0.118970502465992, 
0.11940849979314691, 0.24817677619058262, 0.11940849979314691, 0.15478072484368288, 0.11940849979314691, 0.11940849979314691, 0.11940849979314691, 
0.12032081644462957, 0.2446684490975708, 0.12032081644462957, 0.15372746867928147, 0.12032081644462957, 0.12032081644462957, 0.12032081644462957, 
0.12403536997581589, 0.2254661620461971, 0.12403536997581589, 0.15435698807472334, 0.12403536997581589, 0.12403536997581589, 0.12403536997581589, 
0.12164259119485941, 0.23788723967370454, 0.12164259119485941, 0.15389980435199838, 0.12164259119485941, 0.12164259119485941, 0.12164259119485941, 
0.12292845404844399, 0.2304582556916034, 0.12292845404844399, 0.15489947406617652, 0.12292845404844399, 0.12292845404844399, 0.12292845404844399, 
0.12420180070090917, 0.22537768847670964, 0.12420180070090917, 0.15361330801874443, 0.12420180070090917, 0.12420180070090917, 0.12420180070090917, 
0.11890969781607867, 0.2501453948799352, 0.11890969781607867, 0.15530611603967162, 0.11890969781607867, 0.11890969781607867, 0.11890969781607867, 
0.12019602622388702, 0.24403304819216487, 0.12019602622388702, 0.15498682068840022, 0.12019602622388702, 0.12019602622388702, 0.12019602622388702, 
0.12234412002095268, 0.2346412505383543, 0.12234412002095268, 0.15363814935688236, 0.12234412002095268, 0.12234412002095268, 0.12234412002095268, 
0.12392030982479144, 0.226044135750715, 0.12392030982479144, 0.1543543151253278, 0.12392030982479144, 0.12392030982479144, 0.12392030982479144, 
0.12458119304162958, 0.22163834833574478, 0.12458119304162958, 0.1554556864561073, 0.12458119304162958, 0.12458119304162958, 0.12458119304162958, 
0.12509348375404403, 0.21931991691203853, 0.12509348375404403, 0.15521266431774142, 0.12509348375404403, 0.12509348375404403, 0.12509348375404403, 
0.11913514568026039, 0.24715805026820967, 0.11913514568026039, 0.1571662213304885, 0.11913514568026039, 0.11913514568026039, 0.11913514568026039, 
0.12272846496854073, 0.23021543003755807, 0.12272846496854073, 0.15614224511973818, 0.12272846496854073, 0.12272846496854073, 0.12272846496854073, 
0.12734868560294035, 0.20899194215505704, 0.12734868560294035, 0.15426462983024106, 0.12734868560294035, 0.12734868560294035, 0.12734868560294035, 
0.12575118709998753, 0.2175122175186568, 0.12575118709998753, 0.15373184698140546, 0.12575118709998753, 0.12575118709998753, 0.12575118709998753, 
0.11851565590622125, 0.2500817465199186, 0.11851565590622125, 0.15733997394897506, 0.11851565590622125, 0.11851565590622125, 0.11851565590622125, 
0.1266835172282846, 0.21174769087438425, 0.1266835172282846, 0.15483472298419262, 0.1266835172282846, 0.1266835172282846, 0.1266835172282846, 
0.11615909357122639, 0.2603867032591143, 0.11615909357122639, 0.15881782888475393, 0.11615909357122639, 0.11615909357122639, 0.11615909357122639, 
0.12530513117177744, 0.21864769936721773, 0.12530513117177744, 0.15482664477389493, 0.12530513117177744, 0.12530513117177744, 0.12530513117177744, 
0.11537423812373686, 0.2637009795575081, 0.11537423812373686, 0.1594278298238075, 0.11537423812373686, 0.11537423812373686, 0.11537423812373686, 
0.1145744198838713, 0.2685234549602174, 0.1145744198838713, 0.158604445620426, 0.1145744198838713, 0.1145744198838713, 0.1145744198838713, 
0.12424684649769803, 0.22374817468757763, 0.12424684649769803, 0.15501759282393207, 0.12424684649769803, 0.12424684649769803, 0.12424684649769803, 
0.1230929831729205, 0.2294596942728863, 0.1230929831729205, 0.15507538986251135, 0.1230929831729205, 0.1230929831729205, 0.1230929831729205, 
0.12131161843947669, 0.23856950088490095, 0.12131161843947669, 0.15487240691771573, 0.12131161843947669, 0.12131161843947669, 0.12131161843947669, 
0.1201353995703144, 0.24428147521622304, 0.1201353995703144, 0.15504152693220483, 0.1201353995703144, 0.1201353995703144, 0.1201353995703144, 
0.12448687721043517, 0.22370816872961713, 0.12448687721043517, 0.15385744521820707, 0.12448687721043517, 0.12448687721043517, 0.12448687721043517, 
0.1133133022048223, 0.27468579944757426, 0.1133133022048223, 0.15874768952831403, 0.1133133022048223, 0.1133133022048223, 0.1133133022048223, 
0.11908458717787596, 0.24875881689020798, 0.11908458717787596, 0.15581824722041238, 0.11908458717787596, 0.11908458717787596, 0.11908458717787596, 
0.12019601883472408, 0.2437353505329275, 0.12019601883472408, 0.15528455529345223, 0.12019601883472408, 0.12019601883472408, 0.12019601883472408, 
0.11805478446726514, 0.25364052349829125, 0.11805478446726514, 0.15608555416538317, 0.11805478446726514, 0.11805478446726514, 0.11805478446726514, 
0.1185441165640245, 0.2513390371084088, 0.1185441165640245, 0.15594038007146885, 0.1185441165640245, 0.1185441165640245, 0.1185441165640245, 
0.11751012178364371, 0.25719232003617004, 0.11751012178364371, 0.15525707104561132, 0.11751012178364371, 0.11751012178364371, 0.11751012178364371, 
0.12514558864522268, 0.21963853990292057, 0.12514558864522268, 0.15463351687096596, 0.12514558864522268, 0.12514558864522268, 0.12514558864522268, 
0.1252899888557128, 0.2193267773785332, 0.1252899888557128, 0.15422327834290298, 0.1252899888557128, 0.1252899888557128, 0.1252899888557128, 
0.1250306734468762, 0.22148987670376052, 0.1250306734468762, 0.15335675606185842, 0.1250306734468762, 0.1250306734468762, 0.1250306734468762, 
0.12303461318438474, 0.23144283178348687, 0.12303461318438474, 0.15338410229458946, 0.12303461318438474, 0.12303461318438474, 0.12303461318438474, 
0.12261195987149859, 0.23272326235921653, 0.12261195987149859, 0.15421693828329053, 0.12261195987149859, 0.12261195987149859, 0.12261195987149859, 
0.1228772219822894, 0.2299235047099821, 0.1228772219822894, 0.15569038537857077, 0.1228772219822894, 0.1228772219822894, 0.1228772219822894, 
0.12306563004624364, 0.23117048968474482, 0.12306563004624364, 0.15350136008403714, 0.12306563004624364, 0.12306563004624364, 0.12306563004624364, 
0.12397506987839098, 0.22512717818903227, 0.12397506987839098, 0.15499747241901296, 0.12397506987839098, 0.12397506987839098, 0.12397506987839098, 
0.12074526651349318, 0.24164653294141342, 0.12074526651349318, 0.15462713449112053, 0.12074526651349318, 0.12074526651349318, 0.12074526651349318, 
0.12076213030673406, 0.23974069480614285, 0.12076213030673406, 0.15644865366018695, 0.12076213030673406, 0.12076213030673406, 0.12076213030673406, 
0.1183732617101732, 0.2506950833254411, 0.1183732617101732, 0.15743860812369284, 0.1183732617101732, 0.1183732617101732, 0.1183732617101732, 
0.11920924405631148, 0.24714843726290037, 0.11920924405631148, 0.15680534245554212, 0.11920924405631148, 0.11920924405631148, 0.11920924405631148, 
0.11824231199843634, 0.25246676881401314, 0.11824231199843634, 0.15632167119380533, 0.11824231199843634, 0.11824231199843634, 0.11824231199843634, 
0.1209947384969684, 0.23743843601024336, 0.1209947384969684, 0.15758787150491452, 0.1209947384969684, 0.1209947384969684, 0.1209947384969684, 
0.1195046946953797, 0.24589325310608665, 0.1195046946953797, 0.1565832734170147, 0.1195046946953797, 0.1195046946953797, 0.1195046946953797, 
0.12176568070570759, 0.2366072864516744, 0.12176568070570759, 0.15456431001978777, 0.12176568070570759, 0.12176568070570759, 0.12176568070570759, 
0.11861797932661515, 0.2498516382110205, 0.11861797932661515, 0.15705846515590383, 0.11861797932661515, 0.11861797932661515, 0.11861797932661515, 
0.1151718293315275, 0.2656589270529872, 0.1151718293315275, 0.1584819262893753, 0.1151718293315275, 0.1151718293315275, 0.1151718293315275, 
0.11681506225582171, 0.2589730105295982, 0.11681506225582171, 0.1569516781912933, 0.11681506225582171, 0.11681506225582171, 0.11681506225582171, 
0.12240272338336868, 0.23358895882914696, 0.12240272338336868, 0.15439742425400954, 0.12240272338336868, 0.12240272338336868, 0.12240272338336868, 
0.1212976296330681, 0.23792787419199288, 0.1212976296330681, 0.15558397764266677, 0.1212976296330681, 0.1212976296330681, 0.1212976296330681, 
0.12079294948022455, 0.24232778920303272, 0.12079294948022455, 0.15370746339584437, 0.12079294948022455, 0.12079294948022455, 0.12079294948022455, 
0.12348574124708117, 0.22891848089956035, 0.12348574124708117, 0.15365281286503374, 0.12348574124708117, 0.12348574124708117, 0.12348574124708117, 
0.12075809626320123, 0.2418941831119717, 0.12075809626320123, 0.15431533557202215, 0.12075809626320123, 0.12075809626320123, 0.12075809626320123, 
0.12025709873999958, 0.2418890784636427, 0.12025709873999958, 0.1568254278363594, 0.12025709873999958, 0.12025709873999958, 0.12025709873999958, 
0.1189105497539183, 0.25005204907938566, 0.1189105497539183, 0.15539520215102282, 0.1189105497539183, 0.1189105497539183, 0.1189105497539183, 
0.12133022326585312, 0.23943804068739957, 0.12133022326585312, 0.15391084298333466, 0.12133022326585312, 0.12133022326585312, 0.12133022326585312, 
0.12481960152780218, 0.2234513632334516, 0.12481960152780218, 0.15245062912753735, 0.12481960152780218, 0.12481960152780218, 0.12481960152780218, 
0.12461004495828842, 0.22422662009661454, 0.12461004495828842, 0.15272315511194326, 0.12461004495828842, 0.12461004495828842, 0.12461004495828842, 
0.12398150451510832, 0.2266988831660977, 0.12398150451510832, 0.1533935942583608, 0.12398150451510832, 0.12398150451510832, 0.12398150451510832, 
0.1285067110465198, 0.20632564921550017, 0.1285067110465198, 0.15114079555190094, 0.1285067110465198, 0.1285067110465198, 0.1285067110465198, 
0.12327258303919827, 0.2303711035150154, 0.12327258303919827, 0.15326598128899319, 0.12327258303919827, 0.12327258303919827, 0.12327258303919827, 
0.12487096651532086, 0.2232637603794109, 0.12487096651532086, 0.15238140704398462, 0.12487096651532086, 0.12487096651532086, 0.12487096651532086, 
0.12498030187872267, 0.22799662272233617, 0.12498030187872267, 0.14710186788405066, 0.12498030187872267, 0.12498030187872267, 0.12498030187872267, 
0.1257357207063552, 0.22153973032306223, 0.1257357207063552, 0.14978166614516183, 0.1257357207063552, 0.1257357207063552, 0.1257357207063552, 
0.12404838104154069, 0.23141950096246394, 0.12404838104154069, 0.1483385938298327, 0.12404838104154069, 0.12404838104154069, 0.12404838104154069, 
0.12061114828145714, 0.2438565405548684, 0.12061114828145714, 0.15308771803784585, 0.12061114828145714, 0.12061114828145714, 0.12061114828145714, 
0.11855419148401194, 0.2555396818800393, 0.11855419148401194, 0.151689360699901, 0.11855419148401194, 0.11855419148401194, 0.11855419148401194, 
0.12199005983840427, 0.23709176993266776, 0.12199005983840427, 0.15295793087531076, 0.12199005983840427, 0.12199005983840427, 0.12199005983840427, 
0.12400776289431986, 0.2293353693416489, 0.12400776289431986, 0.1506258161867517, 0.12400776289431986, 0.12400776289431986, 0.12400776289431986, 
0.12653403130089472, 0.21667959518660138, 0.12653403130089472, 0.15065024830892523, 0.12653403130089472, 0.12653403130089472, 0.12653403130089472, 
0.12167383904268372, 0.24096594543538027, 0.12167383904268372, 0.1506648593512011, 0.12167383904268372, 0.12167383904268372, 0.12167383904268372, 
0.12276816210662407, 0.23804585512880846, 0.12276816210662407, 0.14811333433807092, 0.12276816210662407, 0.12276816210662407, 0.12276816210662407, 
0.11775338255621866, 0.2569329136549609, 0.11775338255621866, 0.1543001735639458, 0.11775338255621866, 0.11775338255621866, 0.11775338255621866, 
0.11966282329961021, 0.24691564354588, 0.11966282329961021, 0.15477023995606884, 0.11966282329961021, 0.11966282329961021, 0.11966282329961021, 
0.12019075203665605, 0.24855965071204353, 0.12019075203665605, 0.15048658910467627, 0.12019075203665605, 0.12019075203665605, 0.12019075203665605, 
0.12049641018808083, 0.2440252196818371, 0.12049641018808083, 0.15349272937775874, 0.12049641018808083, 0.12049641018808083, 0.12049641018808083, 
0.12490613922785876, 0.22513529859785125, 0.12490613922785876, 0.15033400526285493, 0.12490613922785876, 0.12490613922785876, 0.12490613922785876, 
0.12170468937429314, 0.2395783783083802, 0.12170468937429314, 0.15189817482015405, 0.12170468937429314, 0.12170468937429314, 0.12170468937429314, 
0.12004688816066178, 0.24791209219701268, 0.12004688816066178, 0.15185346699967842, 0.12004688816066178, 0.12004688816066178, 0.12004688816066178, 
0.12429945354092281, 0.22678128416577198, 0.12429945354092281, 0.15172144812961383, 0.12429945354092281, 0.12429945354092281, 0.12429945354092281, 
0.12170889201083937, 0.24183745976368498, 0.12170889201083937, 0.14961808018211814, 0.12170889201083937, 0.12170889201083937, 0.12170889201083937, 
0.12381349520952545, 0.2311211481033583, 0.12381349520952545, 0.14981137584901438, 0.12381349520952545, 0.12381349520952545, 0.12381349520952545, 
0.1207490131240531, 0.24332881289414326, 0.1207490131240531, 0.15292612148559145, 0.1207490131240531, 0.1207490131240531, 0.1207490131240531, 
0.11497660370622129, 0.23745020076737058, 0.11497660370622129, 0.187666780701523, 0.11497660370622129, 0.11497660370622129, 0.11497660370622129, 
0.11721453934279359, 0.22925745015598137, 0.11721453934279359, 0.18466985313005055, 0.11721453934279359, 0.11721453934279359, 0.11721453934279359, 
0.11909869972823525, 0.22352476445007638, 0.11909869972823525, 0.18098173690874733, 0.11909869972823525, 0.11909869972823525, 0.11909869972823525, 
0.12328379541688407, 0.20876509054042605, 0.12328379541688407, 0.17481593237515344, 0.12328379541688407, 0.12328379541688407, 0.12328379541688407, 
0.11530306267119224, 0.2368080226260102, 0.11530306267119224, 0.18667666401802846, 0.11530306267119224, 0.11530306267119224, 0.11530306267119224, 
0.1237458732813378, 0.20732580492927996, 0.1237458732813378, 0.17394482866403096, 0.1237458732813378, 0.1237458732813378, 0.1237458732813378, 
0.11579063949257319, 0.23482827912141357, 0.11579063949257319, 0.18621852341572037, 0.11579063949257319, 0.11579063949257319, 0.11579063949257319, 
0.11751751084265397, 0.2283750102479339, 0.11751751084265397, 0.18403743553879606, 0.11751751084265397, 0.11751751084265397, 0.11751751084265397, 
0.11968415490060719, 0.22139686384148188, 0.11968415490060719, 0.1801823616554822, 0.11968415490060719, 0.11968415490060719, 0.11968415490060719, 
0.11648624480429909, 0.23143540390555464, 0.11648624480429909, 0.18613337207294992, 0.11648624480429909, 0.11648624480429909, 0.11648624480429909, 
0.11984787682388079, 0.2201680369246747, 0.11984787682388079, 0.1805925789559215, 0.11984787682388079, 0.11984787682388079, 0.11984787682388079, 
0.11946710061341789, 0.22147299580948626, 0.11946710061341789, 0.1811915011234243, 0.11946710061341789, 0.11946710061341789, 0.11946710061341789, 
0.12022847574310866, 0.21902868259708264, 0.12022847574310866, 0.1798289386873741, 0.12022847574310866, 0.12022847574310866, 0.12022847574310866, 
0.11839516802999993, 0.22526540801502318, 0.11839516802999993, 0.18275875183497722, 0.11839516802999993, 0.11839516802999993, 0.11839516802999993, 
0.11652702338074596, 0.23164400888353565, 0.11652702338074596, 0.18572087421273467, 0.11652702338074596, 0.11652702338074596, 0.11652702338074596, 
0.11484457626736343, 0.23698701913236278, 0.11484457626736343, 0.18879009953082018, 0.11484457626736343, 0.11484457626736343, 0.11484457626736343, 
0.12023901354902684, 0.218475419821967, 0.12023901354902684, 0.18032951243289866, 0.12023901354902684, 0.12023901354902684, 0.12023901354902684, 
0.1209819530517363, 0.21585284895054685, 0.1209819530517363, 0.17923738579077153, 0.1209819530517363, 0.1209819530517363, 0.1209819530517363, 
0.11641249587478535, 0.23215000409980782, 0.11641249587478535, 0.18578751652626554, 0.11641249587478535, 0.11641249587478535, 0.11641249587478535, 
0.11734975922093363, 0.22828183843422295, 0.11734975922093363, 0.18496936546110884, 0.11734975922093363, 0.11734975922093363, 0.11734975922093363, 
0.11564748968178722, 0.23388488068365162, 0.11564748968178722, 0.1878776709074124, 0.11564748968178722, 0.11564748968178722, 0.11564748968178722, 
0.11480543662900924, 0.2369436650698437, 0.11480543662900924, 0.1890291517851102, 0.11480543662900924, 0.11480543662900924, 0.11480543662900924, 
0.1200857826889457, 0.21896405438144495, 0.1200857826889457, 0.18060703217382645, 0.1200857826889457, 0.1200857826889457, 0.1200857826889457, 
0.11686100981127248, 0.2298088892076078, 0.11686100981127248, 0.18588606173602978, 0.11686100981127248, 0.11686100981127248, 0.11686100981127248, 
0.1142823575161729, 0.23930289917499167, 0.1142823575161729, 0.1892853132441437, 0.1142823575161729, 0.1142823575161729, 0.1142823575161729, 
0.11774288145057805, 0.22782636121233799, 0.11774288145057805, 0.18345923153477164, 0.11774288145057805, 0.11774288145057805, 0.11774288145057805, 
0.11416834448692266, 0.240600962260429, 0.11416834448692266, 0.1885573153049576, 0.11416834448692266, 0.11416834448692266, 0.11416834448692266, 
0.11955275924587826, 0.22221075390391565, 0.11955275924587826, 0.18002544986669325, 0.11955275924587826, 0.11955275924587826, 0.11955275924587826, 
0.1103888456654954, 0.25401424190123767, 0.1103888456654954, 0.19404152977128541, 0.1103888456654954, 0.1103888456654954, 0.1103888456654954, 
0.12026962819688236, 0.2098656700168229, 0.12026962819688236, 0.1887861889987653, 0.12026962819688236, 0.12026962819688236, 0.12026962819688236, 
0.11427483039364685, 0.2268815395411306, 0.11427483039364685, 0.2017443084906351, 0.11427483039364685, 0.11427483039364685, 0.11427483039364685, 
0.11371831341872922, 0.22875866104454995, 0.11371831341872922, 0.20264977186180402, 0.11371831341872922, 0.11371831341872922, 0.11371831341872922, 
0.1169049164793368, 0.21927175848661035, 0.1169049164793368, 0.1962036591167055, 0.1169049164793368, 0.1169049164793368, 0.1169049164793368, 
0.11798830458436846, 0.21600760949534784, 0.11798830458436846, 0.19405086758280976, 0.11798830458436846, 0.11798830458436846, 0.11798830458436846, 
0.11693025757005333, 0.2186814329689771, 0.11693025757005333, 0.19666727918075613, 0.11693025757005333, 0.11693025757005333, 0.11693025757005333, 
0.11486141481241138, 0.22534419685789273, 0.11486141481241138, 0.20034872908005028, 0.11486141481241138, 0.11486141481241138, 0.11486141481241138, 
0.10805703529833408, 0.2464563989460263, 0.10805703529833408, 0.21325842456230315, 0.10805703529833408, 0.10805703529833408, 0.10805703529833408, 
0.11337833246171368, 0.2307470533677088, 0.11337833246171368, 0.2023612843237227, 0.11337833246171368, 0.11337833246171368, 0.11337833246171368, 
0.11383508148800617, 0.22895383759298985, 0.11383508148800617, 0.20187075496697934, 0.11383508148800617, 0.11383508148800617, 0.11383508148800617, 
0.11496545232108477, 0.22532210214472453, 0.11496545232108477, 0.19985063624985178, 0.11496545232108477, 0.11496545232108477, 0.11496545232108477, 
0.11183698995230781, 0.23466471001950023, 0.11183698995230781, 0.20615034021896073, 0.11183698995230781, 0.11183698995230781, 0.11183698995230781, 
0.11726642338638976, 0.21802244491451586, 0.11726642338638976, 0.19564543815353533, 0.11726642338638976, 0.11726642338638976, 0.11726642338638976, 
0.110820613086099, 0.2388531704293772, 0.110820613086099, 0.2070437641401279, 0.110820613086099, 0.110820613086099, 0.110820613086099, 
0.11737508057350211, 0.21787570372405207, 0.11737508057350211, 0.1952488934084372, 0.11737508057350211, 0.11737508057350211, 0.11737508057350211, 
0.11603813765809759, 0.22218731879564801, 0.11603813765809759, 0.19762199291386418, 0.11603813765809759, 0.11603813765809759, 0.11603813765809759, 
0.1151169839925884, 0.22533886418251572, 0.1151169839925884, 0.19907621585454235, 0.1151169839925884, 0.1151169839925884, 0.1151169839925884, 
0.11359986443150276, 0.22909095987405967, 0.11359986443150276, 0.2029097179684265, 0.11359986443150276, 0.11359986443150276, 0.11359986443150276, 
0.1162424387965407, 0.22052367110935492, 0.1162424387965407, 0.1982641349079416, 0.1162424387965407, 0.1162424387965407, 0.1162424387965407, 
0.11007138404898381, 0.24041152843919647, 0.11007138404898381, 0.2092315513158847, 0.11007138404898381, 0.11007138404898381, 0.11007138404898381, 
0.11002366999045543, 0.24015015764286707, 0.11002366999045543, 0.2097314924048558, 0.11002366999045543, 0.11002366999045543, 0.11002366999045543, 
0.11569180392328333, 0.2229645538291895, 0.11569180392328333, 0.198576426554394, 0.11569180392328333, 0.11569180392328333, 0.11569180392328333, 
0.11166984774718391, 0.23512998820844216, 0.11166984774718391, 0.20652077305563837, 0.11166984774718391, 0.11166984774718391, 0.11166984774718391, 
0.11757731428592712, 0.21770142786701824, 0.11757731428592712, 0.19441200070334602, 0.11757731428592712, 0.11757731428592712, 0.11757731428592712, 
0.11848306573714236, 0.21530323680238073, 0.11848306573714236, 0.19228143451190757, 0.11848306573714236, 0.11848306573714236, 0.11848306573714236, 
0.11151316415568813, 0.23656845570890747, 0.11151316415568813, 0.20586572351265192, 0.11151316415568813, 0.11151316415568813, 0.11151316415568813, 
0.11255779505127414, 0.2332311722154114, 0.11255779505127414, 0.203979852528218, 0.11255779505127414, 0.11255779505127414, 0.11255779505127414, 
0.11567839997711533, 0.22332083330993172, 0.11567839997711533, 0.1982871668044917, 0.11567839997711533, 0.11567839997711533, 0.11567839997711533, 
0.11152445057988006, 0.23579701472704578, 0.11152445057988006, 0.20658073237355393, 0.11152445057988006, 0.11152445057988006, 0.11152445057988006, 
0.11847060909089727, 0.21451426891135664, 0.11847060909089727, 0.19313268563415711, 0.11847060909089727, 0.11847060909089727, 0.11847060909089727, 
0.11098165706173437, 0.23770484776295972, 0.11098165706173437, 0.2073868669283684, 0.11098165706173437, 0.11098165706173437, 0.11098165706173437, 
0.11373689806436636, 0.22863678158700707, 0.11373689806436636, 0.20267872809116114, 0.11373689806436636, 0.11373689806436636, 0.11373689806436636, 
0.12252699729554778, 0.20241874959035813, 0.12252699729554778, 0.18494626393190283, 0.12252699729554778, 0.12252699729554778, 0.12252699729554778, 
0.11746035612434252, 0.2181747088705767, 0.11746035612434252, 0.19452351050771075, 0.11746035612434252, 0.11746035612434252, 0.11746035612434252, 
0.11616667176246488, 0.22103586033355116, 0.11616667176246488, 0.19813078085412444, 0.11616667176246488, 0.11616667176246488, 0.11616667176246488, 
0.11546549489536348, 0.22372911750499977, 0.11546549489536348, 0.19894340801818297, 0.11546549489536348, 0.11546549489536348, 0.11546549489536348, 
0.11858000218846235, 0.21412294524427491, 0.11858000218846235, 0.1929770438134133, 0.11858000218846235, 0.11858000218846235, 0.11858000218846235, 
0.11220259842547133, 0.23281390406135066, 0.11220259842547133, 0.20617310381129267, 0.11220259842547133, 0.11220259842547133, 0.11220259842547133, 
0.11486123940549327, 0.22497798772352073, 0.11486123940549327, 0.20071581524901297, 0.11486123940549327, 0.11486123940549327, 0.11486123940549327, 
0.11509856339429929, 0.22438045991860966, 0.11509856339429929, 0.2001267231098938, 0.11509856339429929, 0.11509856339429929, 0.11509856339429929, 
0.11638111656415036, 0.2218143159313713, 0.11638111656415036, 0.1962801012478769, 0.11638111656415036, 0.11638111656415036, 0.11638111656415036, 
0.11768294670180182, 0.2172463228993028, 0.11768294670180182, 0.194338943591688, 0.11768294670180182, 0.11768294670180182, 0.11768294670180182, 
0.11687884360277549, 0.22014232649583168, 0.11687884360277549, 0.1954634554902909, 0.11687884360277549, 0.11687884360277549, 0.11687884360277549, 
0.1067644091450306, 0.25044027312538225, 0.1067644091450306, 0.21573768114946468, 0.1067644091450306, 0.1067644091450306, 0.1067644091450306, 
0.11529147487946896, 0.2242907973296917, 0.11529147487946896, 0.19925182827296348, 0.11529147487946896, 0.11529147487946896, 0.11529147487946896, 
0.11432022523191358, 0.22685994969899687, 0.11432022523191358, 0.20153892414143507, 0.11432022523191358, 0.11432022523191358, 0.11432022523191358, 
0.11886386841595903, 0.21349158284216846, 0.11886386841595903, 0.1921890750780364, 0.11886386841595903, 0.11886386841595903, 0.11886386841595903, 
0.11926333834540355, 0.21238134522467492, 0.11926333834540355, 0.1913019630483075, 0.11926333834540355, 0.11926333834540355, 0.11926333834540355, 
0.1140966900406651, 0.22785417575579006, 0.1140966900406651, 0.2016623740408846, 0.1140966900406651, 0.1140966900406651, 0.1140966900406651, 
0.11222237471812377, 0.232669625767504, 0.11222237471812377, 0.206218500641877, 0.11222237471812377, 0.11222237471812377, 0.11222237471812377, 
0.1141441546308825, 0.2273450451688973, 0.1141441546308825, 0.20193418167669008, 0.1141441546308825, 0.1141441546308825, 0.1141441546308825, 
0.11267884939700777, 0.23169352312695046, 0.11267884939700777, 0.20491222988801058, 0.11267884939700777, 0.11267884939700777, 0.11267884939700777, 
0.11882949770162961, 0.2140130812099419, 0.11882949770162961, 0.19183943028191, 0.11882949770162961, 0.11882949770162961, 0.11882949770162961, 
0.1161910205602573, 0.22166355894710543, 0.1161910205602573, 0.19738133825160795, 0.1161910205602573, 0.1161910205602573, 0.1161910205602573, 
0.11088192713722031, 0.23617495450327228, 0.11088192713722031, 0.20941540981062626, 0.11088192713722031, 0.11088192713722031, 0.11088192713722031, 
0.11429158520331228, 0.22656316600183904, 0.11429158520331228, 0.20197890798159945, 0.11429158520331228, 0.11429158520331228, 0.11429158520331228, 
0.11668750516910485, 0.21971307211068392, 0.11668750516910485, 0.1968494020437919, 0.11668750516910485, 0.11668750516910485, 0.11668750516910485, 
0.11226174951003232, 0.23330257407014804, 0.11226174951003232, 0.2053886783796902, 0.11226174951003232, 0.11226174951003232, 0.11226174951003232, 
0.11274700046257786, 0.23172270182615637, 0.11274700046257786, 0.20454229586095446, 0.11274700046257786, 0.11274700046257786, 0.11274700046257786, 
0.11718552857065963, 0.21874931455178745, 0.11718552857065963, 0.1953230425949143, 0.11718552857065963, 0.11718552857065963, 0.11718552857065963, 
0.11627967269938239, 0.22109823915414176, 0.11627967269938239, 0.19750339734894617, 0.11627967269938239, 0.11627967269938239, 0.11627967269938239, 
0.1152601359495696, 0.2241381584264304, 0.1152601359495696, 0.19956116182572164, 0.1152601359495696, 0.1152601359495696, 0.1152601359495696, 
0.11760656141511383, 0.21726751859777618, 0.11760656141511383, 0.19469967432665444, 0.11760656141511383, 0.11760656141511383, 0.11760656141511383, 
0.11915585544674794, 0.21276559600631714, 0.11915585544674794, 0.1914551267599431, 0.11915585544674794, 0.11915585544674794, 0.11915585544674794, 
0.11903545570071385, 0.21271204328241913, 0.11903545570071385, 0.19211067821401173, 0.11903545570071385, 0.11903545570071385, 0.11903545570071385, 
0.11422447541838666, 0.2271533927295266, 0.11422447541838666, 0.20172423017853996, 0.11422447541838666, 0.11422447541838666, 0.11422447541838666, 
0.11721066092868619, 0.21831548094055403, 0.11721066092868619, 0.19563121441601491, 0.11721066092868619, 0.11721066092868619, 0.11721066092868619, 
0.11543232108096335, 0.2240036302070148, 0.11543232108096335, 0.19883476438816833, 0.11543232108096335, 0.11543232108096335, 0.11543232108096335, 
0.11747165323038411, 0.2177944421068082, 0.11747165323038411, 0.19484729174127133, 0.11747165323038411, 0.11747165323038411, 0.11747165323038411, 
0.11758474599710021, 0.21696447422139778, 0.11758474599710021, 0.19511179579310134, 0.11758474599710021, 0.11758474599710021, 0.11758474599710021, 
0.1177924286325669, 0.21581272069760285, 0.1177924286325669, 0.19522513613956285, 0.1177924286325669, 0.1177924286325669, 0.1177924286325669, 
0.11637763133458065, 0.2208079147500292, 0.11637763133458065, 0.19730392857706763, 0.11637763133458065, 0.11637763133458065, 0.11637763133458065, 
0.11909233171479144, 0.2126375090735941, 0.11909233171479144, 0.19190083235244884, 0.11909233171479144, 0.11909233171479144, 0.11909233171479144, 
0.11518023802892342, 0.2247348206887038, 0.11518023802892342, 0.1993639891666789, 0.11518023802892342, 0.11518023802892342, 0.11518023802892342, 
0.11950450776735878, 0.21123628143970033, 0.11950450776735878, 0.19124117972350577, 0.11950450776735878, 0.11950450776735878, 0.11950450776735878, 
0.11296330758716042, 0.23157623303992902, 0.11296330758716042, 0.20360722902426887, 0.11296330758716042, 0.11296330758716042, 0.11296330758716042, 
0.12000475935257923, 0.2099705374585292, 0.12000475935257923, 0.19000566577857467, 0.12000475935257923, 0.12000475935257923, 0.12000475935257923, 
0.11828171410780054, 0.21512742594118964, 0.11828171410780054, 0.19346400351980766, 0.11828171410780054, 0.11828171410780054, 0.11828171410780054, 
0.11475052566686873, 0.2250975106548885, 0.11475052566686873, 0.20114986101076776, 0.11475052566686873, 0.11475052566686873, 0.11475052566686873, 
0.112982551719128, 0.23176523980472483, 0.112982551719128, 0.203322001599635, 0.112982551719128, 0.112982551719128, 0.112982551719128, 
0.11783729552788619, 0.21671946373934503, 0.11783729552788619, 0.19409405862122403, 0.11783729552788619, 0.11783729552788619, 0.11783729552788619, 
0.11667876925339622, 0.2196587948139813, 0.11667876925339622, 0.19694735891903745, 0.11667876925339622, 0.11667876925339622, 0.11667876925339622, 
0.12012906445699047, 0.20951192688362627, 0.12012906445699047, 0.18984275083142124, 0.12012906445699047, 0.12012906445699047, 0.12012906445699047, 
0.11540927512981139, 0.2234057643348494, 0.11540927512981139, 0.1995478600160935, 0.11540927512981139, 0.11540927512981139, 0.11540927512981139, 
0.11829716148481499, 0.21479301975302, 0.11829716148481499, 0.1937211728229051, 0.11829716148481499, 0.11829716148481499, 0.11829716148481499, 
0.11678315642142174, 0.21983862340193636, 0.11678315642142174, 0.19624559449095488, 0.11678315642142174, 0.11678315642142174, 0.11678315642142174, 
0.11407938486596729, 0.22733610436074683, 0.11407938486596729, 0.20226697130941676, 0.11407938486596729, 0.11407938486596729, 0.11407938486596729, 
0.11918204440681616, 0.2123542756018424, 0.11918204440681616, 0.19173550236407685, 0.11918204440681616, 0.11918204440681616, 0.11918204440681616, 
0.11808337250273936, 0.21576929787688606, 0.11808337250273936, 0.19381383960941725, 0.11808337250273936, 0.11808337250273936, 0.11808337250273936, 
0.11337238316682043, 0.23039466271396367, 0.11337238316682043, 0.20274342145193427, 0.11337238316682043, 0.11337238316682043, 0.11337238316682043, 
0.11521068265749783, 0.22428232892396907, 0.11521068265749783, 0.1996642577885419, 0.11521068265749783, 0.11521068265749783, 0.11521068265749783, 
0.11247456772884153, 0.23254738907415085, 0.11247456772884153, 0.2050797722816415, 0.11247456772884153, 0.11247456772884153, 0.11247456772884153, 
0.11726203531565736, 0.21783872026814244, 0.11726203531565736, 0.1958511031535707, 0.11726203531565736, 0.11726203531565736, 0.11726203531565736, 
0.11199197950259436, 0.23454018629194, 0.11199197950259436, 0.20549991619508806, 0.11199197950259436, 0.11199197950259436, 0.11199197950259436, 
0.11114849817906473, 0.23776542844253928, 0.11114849817906473, 0.20649208066213687, 0.11114849817906473, 0.11114849817906473, 0.11114849817906473, 
0.11823834410300314, 0.21565138573086914, 0.11823834410300314, 0.19315689375411502, 0.11823834410300314, 0.11823834410300314, 0.11823834410300314, 
0.11221153486700536, 0.23342261855161806, 0.11221153486700536, 0.20551970711335502, 0.11221153486700536, 0.11221153486700536, 0.11221153486700536, 
0.11285909832758419, 0.2318464086408204, 0.11285909832758419, 0.2038580997212588, 0.11285909832758419, 0.11285909832758419, 0.11285909832758419, 
0.1126251798912955, 0.23085148205854672, 0.1126251798912955, 0.20602261848497566, 0.1126251798912955, 0.1126251798912955, 0.1126251798912955, 
