
0.14285714285714288, 0.14285714285714288, 0.14285714285714288, 0.14285714285714288, 0.14285714285714288, 0.14285714285714288, 0.14285714285714288, 
0.13961658336495336, 0.13961658336495336, 0.13961658336495336, 0.16230049981027986, 0.13961658336495336, 0.13961658336495336, 0.13961658336495336, 
0.14040629133308724, 0.14040629133308724, 0.14040629133308724, 0.15756225200147647, 0.14040629133308724, 0.14040629133308724, 0.14040629133308724, 
0.13478285239477839, 0.13478285239477839, 0.13478285239477839, 0.19130288563132977, 0.13478285239477839, 0.13478285239477839, 0.13478285239477839, 
0.1382051336557671, 0.1382051336557671, 0.1382051336557671, 0.17076919806539745, 0.1382051336557671, 0.1382051336557671, 0.1382051336557671, 
0.13527648739669867, 0.13527648739669867, 0.13527648739669867, 0.1883410756198079, 0.13527648739669867, 0.13527648739669867, 0.13527648739669867, 
0.1306267890644937, 0.1306267890644937, 0.1306267890644937, 0.21623926561303766, 0.1306267890644937, 0.1306267890644937, 0.1306267890644937, 
0.1291835138686905, 0.1291835138686905, 0.1291835138686905, 0.22602811391133137, 0.1291835138686905, 0.1291835138686905, 0.128054316745216, 
0.14710400663613257, 0.14710400663613257, 0.14710400663613257, 0.1408571016115872, 0.14710400663613257, 0.14710400663613257, 0.1236228652077499, 
0.13538262809081647, 0.13538262809081647, 0.13538262809081647, 0.1897040741729422, 0.13538262809081647, 0.13538262809081647, 0.1333827853729754, 
0.1358479051545908, 0.1358479051545908, 0.1358479051545908, 0.2130121142758707, 0.1358479051545908, 0.1358479051545908, 0.10774835995117545, 
0.12560626689610968, 0.12560626689610968, 0.12560626689610968, 0.25576809098633446, 0.12560626689610968, 0.12560626689610968, 0.11620057453311738, 
0.14001668990625457, 0.14001668990625457, 0.14001668990625457, 0.17231428241299007, 0.14001668990625457, 0.14001668990625457, 0.12760226805573713, 
0.14512073820570362, 0.14512073820570362, 0.14512073820570362, 0.14739669656445245, 0.14512073820570362, 0.14512073820570362, 0.12699961240702937, 
0.140894010696815, 0.140894010696815, 0.140894010696815, 0.20413550512937628, 0.140894010696815, 0.140894010696815, 0.09139444138654869, 
0.137009879581708, 0.137009879581708, 0.137009879581708, 0.17055364081393096, 0.137009879581708, 0.137009879581708, 0.14439696127752905, 
0.14373762731215006, 0.14373762731215006, 0.14373762731215006, 0.17248841018276065, 0.14373762731215006, 0.14373762731215006, 0.10882345325648903, 
0.1355488400698613, 0.1355488400698613, 0.1355488400698613, 0.2092061114001592, 0.1355488400698613, 0.1355488400698613, 0.11304968825053446, 
0.13672604990659087, 0.13672604990659087, 0.13672604990659087, 0.1687481926230149, 0.13672604990659087, 0.13672604990659087, 0.14762155784403064, 
0.142904911480503, 0.142904911480503, 0.142904911480503, 0.18433582794695597, 0.142904911480503, 0.142904911480503, 0.10113961465052905, 
0.13966412484082624, 0.13966412484082624, 0.13966412484082624, 0.20212612830677948, 0.13966412484082624, 0.13966412484082624, 0.0995532474890892, 
0.14619039041922652, 0.14619039041922652, 0.14619039041922652, 0.1598615937843969, 0.14619039041922652, 0.14619039041922652, 0.10918645411947049, 
0.14578442156104293, 0.14578442156104293, 0.14578442156104293, 0.19742347161115906, 0.14578442156104293, 0.14578442156104293, 0.07365442058362627, 
0.14104661542581445, 0.14104661542581445, 0.14104661542581445, 0.19442104149119427, 0.14104661542581445, 0.14104661542581445, 0.10034588137973338, 
0.12974202865757542, 0.12974202865757542, 0.12974202865757542, 0.2533716681044569, 0.12974202865757542, 0.12974202865757542, 0.0979181886076661, 
0.13602472225142992, 0.13602472225142992, 0.13602472225142992, 0.18676953494024706, 0.13602472225142992, 0.13602472225142992, 0.13310685380260337, 
0.12887712751057362, 0.12887712751057362, 0.12887712751057362, 0.24691521260809943, 0.12887712751057362, 0.12887712751057362, 0.10869914983903255, 
0.14180916030008317, 0.14180916030008317, 0.14180916030008317, 0.16026898678749463, 0.14180916030008317, 0.14180916030008317, 0.13068521171208947, 
0.14248549994267734, 0.14248549994267734, 0.14248549994267734, 0.17595193014649232, 0.14248549994267734, 0.14248549994267734, 0.11162057014012096, 
0.13665687561897125, 0.13665687561897125, 0.13665687561897125, 0.21115317239474232, 0.13665687561897125, 0.13665687561897125, 0.10556244951040146, 
0.12069524460995724, 0.12069524460995724, 0.12069524460995724, 0.21841611587317972, 0.12069524460995724, 0.12069524460995724, 0.17810766107703402, 
0.1481268972947309, 0.1481268972947309, 0.1481268972947309, 0.1548422485851844, 0.1481268972947309, 0.1481268972947309, 0.1045232649411612, 
0.15063740137826664, 0.15063740137826664, 0.15063740137826664, 0.11153880532166754, 0.15063740137826664, 0.15063740137826664, 0.13527418778699912, 
0.1492761833878193, 0.1492761833878193, 0.1492761833878193, 0.18042983370742413, 0.1492761833878193, 0.1492761833878193, 0.07318924935347924, 
0.13273710641405662, 0.13273710641405662, 0.13273710641405662, 0.22157354057653547, 0.13273710641405662, 0.13273710641405662, 0.11474092735318141, 
0.1386217705843087, 0.1386217705843087, 0.1386217705843087, 0.21468597573756384, 0.1386217705843087, 0.1386217705843087, 0.09220517134089258, 
0.1393537527187821, 0.1393537527187821, 0.1393537527187821, 0.2046600942202771, 0.1393537527187821, 0.1393537527187821, 0.09857114218581241, 
0.13106672921619164, 0.13106672921619164, 0.13106672921619164, 0.23652403768986624, 0.13106672921619164, 0.13106672921619164, 0.10814231622917557, 
0.1321153438993136, 0.1321153438993136, 0.1321153438993136, 0.2300038157899727, 0.1321153438993136, 0.1321153438993136, 0.10941946471345936, 
0.13381348989739, 0.13381348989739, 0.13381348989739, 0.20994587322335354, 0.13381348989739, 0.13381348989739, 0.12098667728969666, 
0.14517916697165073, 0.14517916697165073, 0.14517916697165073, 0.15370381415952653, 0.14517916697165073, 0.14517916697165073, 0.12040035098221974, 
0.13323788700038453, 0.13323788700038453, 0.13323788700038453, 0.24059897062588692, 0.13323788700038453, 0.13323788700038453, 0.09321159437219055, 
0.13496544616735398, 0.13496544616735398, 0.13496544616735398, 0.21652805462437313, 0.13496544616735398, 0.13496544616735398, 0.10864471453885702, 
0.1369709897596999, 0.1369709897596999, 0.1369709897596999, 0.22608703993370324, 0.1369709897596999, 0.1369709897596999, 0.08905801126779724, 
0.11722065110909409, 0.11722065110909409, 0.11722065110909409, 0.2393113659686564, 0.11722065110909409, 0.11722065110909409, 0.174585378485873, 
0.1374494763752895, 0.1374494763752895, 0.1374494763752895, 0.22114362341502755, 0.1374494763752895, 0.1374494763752895, 0.09160899470852503, 
0.15345238321535148, 0.15345238321535148, 0.15345238321535148, 0.15776824617612387, 0.15345238321535148, 0.15345238321535148, 0.07496983774711882, 
0.14908267635979885, 0.14908267635979885, 0.14908267635979885, 0.17439118791031907, 0.14908267635979885, 0.14908267635979885, 0.08019543029068658, 
0.1308328851884215, 0.1308328851884215, 0.1308328851884215, 0.23534776013186431, 0.1308328851884215, 0.1308328851884215, 0.11048781392602827, 
0.135030904087449, 0.135030904087449, 0.135030904087449, 0.2140142098462381, 0.135030904087449, 0.135030904087449, 0.11083126971651688, 
0.15481039349922124, 0.15481039349922124, 0.15481039349922124, 0.16533461931424115, 0.15481039349922124, 0.15481039349922124, 0.060613413189652694, 
0.15414214919974742, 0.15414214919974742, 0.15414214919974742, 0.1426787082988021, 0.15414214919974742, 0.15414214919974742, 0.08661054570246074, 
0.13810059618378973, 0.13810059618378973, 0.13810059618378973, 0.23672569799728344, 0.13810059618378973, 0.13810059618378973, 0.072771321083768, 
0.16041989782843669, 0.16041989782843669, 0.16041989782843669, 0.11569780052367168, 0.16041989782843669, 0.16041989782843669, 0.08220271033414481, 
0.14785388747376688, 0.14785388747376688, 0.14785388747376688, 0.1779049872928604, 0.14785388747376688, 0.14785388747376688, 0.08282557533830527, 
0.15133360070369029, 0.15133360070369029, 0.15133360070369029, 0.1830109538982124, 0.15133360070369029, 0.15133360070369029, 0.06032104258333631, 
0.15092537164179545, 0.15092537164179545, 0.15092537164179545, 0.13927745683919404, 0.15092537164179545, 0.15092537164179545, 0.10609568495182871, 
0.15520516583629718, 0.15520516583629718, 0.15520516583629718, 0.17120620359921218, 0.15520516583629718, 0.15520516583629718, 0.05276796721930189, 
0.15601807312643834, 0.15601807312643834, 0.15601807312643834, 0.15342052481503574, 0.15601807312643834, 0.15601807312643834, 0.06648910955277272, 
0.13547190615397067, 0.13547190615397067, 0.13547190615397067, 0.2259990785350644, 0.13547190615397067, 0.13547190615397067, 0.09664139069508212, 
0.15385580272505456, 0.15385580272505456, 0.15385580272505456, 0.14753171637290102, 0.15385580272505456, 0.15385580272505456, 0.08318927000182617, 
0.14221629066512337, 0.14221629066512337, 0.14221629066512337, 0.17130579275589874, 0.14221629066512337, 0.14221629066512337, 0.11761275391848447, 
0.13582446190623515, 0.13582446190623515, 0.13582446190623515, 0.17396568425142325, 0.13582446190623515, 0.13582446190623515, 0.146912006217401, 
0.1326686415403403, 0.1326686415403403, 0.1326686415403403, 0.1865743403194957, 0.1326686415403403, 0.1326686415403403, 0.15008245197880274, 
0.14978120757010505, 0.14978120757010505, 0.14978120757010505, 0.16091697973934074, 0.14978120757010505, 0.14978120757010505, 0.09017698241013401, 
0.1431915145031584, 0.1431915145031584, 0.1431915145031584, 0.21190158080549726, 0.1431915145031584, 0.1431915145031584, 0.07214084667871082, 
0.13705025765507428, 0.13705025765507428, 0.13705025765507428, 0.2287027386727458, 0.13705025765507428, 0.13705025765507428, 0.08604597305188288, 
0.1470375451271533, 0.1470375451271533, 0.1470375451271533, 0.14806098343957858, 0.1470375451271533, 0.1470375451271533, 0.11675129092465494, 
0.13523708311987018, 0.13523708311987018, 0.13523708311987018, 0.17130255440408151, 0.13523708311987018, 0.13523708311987018, 0.15251202999656766, 
0.14496841727238477, 0.14496841727238477, 0.14496841727238477, 0.14372130299408178, 0.14496841727238477, 0.14496841727238477, 0.13143661064399448, 
0.14923180181400203, 0.14923180181400203, 0.14923180181400203, 0.17359118707039337, 0.14923180181400203, 0.14923180181400203, 0.08024980385959657, 
0.1581713935913502, 0.1581713935913502, 0.1581713935913502, 0.10335623408669223, 0.1581713935913502, 0.1581713935913502, 0.10578679795655671, 
0.15705016060957933, 0.15705016060957933, 0.15705016060957933, 0.13371547027467767, 0.15705016060957933, 0.15705016060957933, 0.08103372667742562, 
0.14988194627517426, 0.14988194627517426, 0.14988194627517426, 0.11665623390611655, 0.14988194627517426, 0.14988194627517426, 0.13393403471801224, 
0.1424768211762717, 0.1424768211762717, 0.1424768211762717, 0.1692636034124219, 0.1424768211762717, 0.1424768211762717, 0.11835229070621966, 
0.14763589821956624, 0.14763589821956624, 0.14763589821956624, 0.17567450853361735, 0.14763589821956624, 0.14763589821956624, 0.08614600036855148, 
0.15883266073102442, 0.15883266073102442, 0.15883266073102442, 0.11568808720025868, 0.15883266073102442, 0.15883266073102442, 0.09014860914461918, 
0.16123199387880938, 0.16123199387880938, 0.16123199387880938, 0.11558908221699252, 0.16123199387880938, 0.16123199387880938, 0.07825094838896067, 
0.15810421789338525, 0.15810421789338525, 0.15810421789338525, 0.12014818612846975, 0.15810421789338525, 0.15810421789338525, 0.08933072440460402, 
0.13389118739829237, 0.13389118739829237, 0.13389118739829237, 0.2189188739855993, 0.13389118739829237, 0.13389118739829237, 0.11162518902293882, 
0.15687966918653062, 0.15687966918653062, 0.15687966918653062, 0.09217443994733697, 0.15687966918653062, 0.15687966918653062, 0.12342721412000988, 
0.1513190087546727, 0.1513190087546727, 0.1513190087546727, 0.1208815916555337, 0.1513190087546727, 0.1513190087546727, 0.12252336457110287, 
0.1425273406793359, 0.1425273406793359, 0.1425273406793359, 0.13479041930088234, 0.1425273406793359, 0.1425273406793359, 0.1525728773024382, 
0.17370541579463727, 0.17370541579463727, 0.17370541579463727, 0.0929686491538804, 0.17370541579463727, 0.17370541579463727, 0.03850427187293311, 
0.1453289407435513, 0.1453289407435513, 0.1453289407435513, 0.19131308655923612, 0.1453289407435513, 0.1453289407435513, 0.08204220972300728, 
0.16298526343378603, 0.16298526343378603, 0.16298526343378603, 0.13460034502877283, 0.16298526343378603, 0.16298526343378603, 0.05047333780229695, 
0.15349629910512402, 0.15349629910512402, 0.15349629910512402, 0.1626570791422077, 0.15349629910512402, 0.15349629910512402, 0.06986142533217243, 
0.15949504272955578, 0.15949504272955578, 0.15949504272955578, 0.1625165533935726, 0.15949504272955578, 0.15949504272955578, 0.04000823295864858, 
0.14361580646501115, 0.14361580646501115, 0.14361580646501115, 0.20656219184152563, 0.14361580646501115, 0.14361580646501115, 0.07535877583341852, 
0.1338331825344849, 0.1338331825344849, 0.1338331825344849, 0.2048289241888705, 0.1338331825344849, 0.1338331825344849, 0.12600516313870488, 
0.1553556197293772, 0.1553556197293772, 0.1553556197293772, 0.16732791375662126, 0.1553556197293772, 0.1553556197293772, 0.0558939875964928, 
0.15359277790251824, 0.15359277790251824, 0.15359277790251824, 0.17712136969675513, 0.15359277790251824, 0.15359277790251824, 0.05491474079065351, 
0.15020335811727858, 0.15020335811727858, 0.15020335811727858, 0.16912134732284823, 0.15020335811727858, 0.15020335811727858, 0.07986186209075898, 
0.15194273888411197, 0.15194273888411197, 0.15194273888411197, 0.17024324960799966, 0.15194273888411197, 0.15194273888411197, 0.07004305597144041, 
0.12720006781586787, 0.12720006781586787, 0.12720006781586787, 0.23385889780986646, 0.12720006781586787, 0.12720006781586787, 0.1301407631107941, 
0.14339421768033359, 0.14339421768033359, 0.14339421768033359, 0.21743748362506107, 0.14339421768033359, 0.14339421768033359, 0.0655914279732711, 
0.13196172492688152, 0.13196172492688152, 0.13196172492688152, 0.2630661749444527, 0.13196172492688152, 0.13196172492688152, 0.07712520042113986, 
0.15656510680503077, 0.15656510680503077, 0.15656510680503077, 0.13115843277949554, 0.15656510680503077, 0.15656510680503077, 0.08601603319535056, 
0.1598385519111639, 0.1598385519111639, 0.1598385519111639, 0.14157476890572787, 0.1598385519111639, 0.1598385519111639, 0.059232471538452604, 
0.13600102208270987, 0.13600102208270987, 0.13600102208270987, 0.2513704341144286, 0.13600102208270987, 0.13600102208270987, 0.06862445547202219, 
0.14715831864733284, 0.14715831864733284, 0.14715831864733284, 0.189979936060676, 0.14715831864733284, 0.14715831864733284, 0.0742284707026598, 
0.1328199898313424, 0.1328199898313424, 0.1328199898313424, 0.2214727364703887, 0.1328199898313424, 0.1328199898313424, 0.11442731437289921, 
0.16268451225121477, 0.16268451225121477, 0.16268451225121477, 0.13839501554434783, 0.16268451225121477, 0.16268451225121477, 0.04818242319957836, 
0.15883177771856716, 0.15883177771856716, 0.15883177771856716, 0.16902002768983476, 0.15883177771856716, 0.15883177771856716, 0.03682108371732949, 
0.1508195203061503, 0.1508195203061503, 0.1508195203061503, 0.15215779920318448, 0.1508195203061503, 0.1508195203061503, 0.093744599266064, 
0.15012403582263562, 0.15012403582263562, 0.15012403582263562, 0.16293110589502666, 0.15012403582263562, 0.15012403582263562, 0.08644871499179521, 
0.17031091473831025, 0.17031091473831025, 0.17031091473831025, 0.09762091799571147, 0.17031091473831025, 0.17031091473831025, 0.05082450831273733, 
0.15509689750756897, 0.15509689750756897, 0.15509689750756897, 0.15477392171276286, 0.15509689750756897, 0.15509689750756897, 0.0697415907493923, 
0.13804070451850206, 0.13804070451850206, 0.13804070451850206, 0.22493238642041485, 0.13804070451850206, 0.13804070451850206, 0.08486409098707497, 
0.15588669637362032, 0.15588669637362032, 0.15588669637362032, 0.13696679265424522, 0.15588669637362032, 0.15588669637362032, 0.08359972547765311, 
0.16361959331496337, 0.16361959331496337, 0.16361959331496337, 0.1240162407487532, 0.16361959331496337, 0.16361959331496337, 0.05788579267643008, 
0.1595508253741937, 0.1595508253741937, 0.1595508253741937, 0.12355989227050214, 0.1595508253741937, 0.1595508253741937, 0.07868598085852933, 
0.16163578089592465, 0.16163578089592465, 0.16163578089592465, 0.119121477684097, 0.16163578089592465, 0.16163578089592465, 0.07269961783627962, 
0.15847549996120344, 0.15847549996120344, 0.15847549996120344, 0.12713380425747695, 0.15847549996120344, 0.15847549996120344, 0.08048869593650602, 
0.15581907155633917, 0.15581907155633917, 0.15581907155633917, 0.14669810266996888, 0.15581907155633917, 0.15581907155633917, 0.07420653954833513, 
0.16259447459594772, 0.16259447459594772, 0.16259447459594772, 0.13590171465434087, 0.16259447459594772, 0.16259447459594772, 0.05112591236592048, 
0.14703614191003006, 0.14703614191003006, 0.14703614191003006, 0.1770521895061173, 0.14703614191003006, 0.14703614191003006, 0.08776710094373237, 
0.15510615866802516, 0.15510615866802516, 0.15510615866802516, 0.15351147343529423, 0.15510615866802516, 0.15510615866802516, 0.07095773322457992, 
0.16199876361310198, 0.16199876361310198, 0.16199876361310198, 0.1662832526949346, 0.16199876361310198, 0.16199876361310198, 0.023722929239555438, 
0.1278521268108444, 0.1278521268108444, 0.1278521268108444, 0.20889450940127774, 0.1278521268108444, 0.1278521268108444, 0.15184485654450028, 
0.13568222233712562, 0.13568222233712562, 0.13568222233712562, 0.19086083580011798, 0.13568222233712562, 0.13568222233712562, 0.1307280525142538, 
0.1584908882956216, 0.1584908882956216, 0.1584908882956216, 0.12261121512481495, 0.1584908882956216, 0.1584908882956216, 0.0849343433970772, 
0.15318273572449398, 0.15318273572449398, 0.15318273572449398, 0.14496602705459596, 0.15318273572449398, 0.15318273572449398, 0.08912029432293404, 
0.13313100450812712, 0.13313100450812712, 0.13313100450812712, 0.20860471604018382, 0.13313100450812712, 0.13313100450812712, 0.12574026141918054, 
0.14058680156632186, 0.14058680156632186, 0.14058680156632186, 0.18566135894173838, 0.14058680156632186, 0.14058680156632186, 0.11140463322665226, 
0.13781226281347775, 0.13781226281347775, 0.13781226281347775, 0.2050790482589145, 0.13781226281347775, 0.13781226281347775, 0.10585963767369673, 
0.13859607073855829, 0.13859607073855829, 0.13859607073855829, 0.1989457673833177, 0.13859607073855829, 0.13859607073855829, 0.10807387892389081, 
0.1452965250476193, 0.1452965250476193, 0.1452965250476193, 0.1795265009678468, 0.1452965250476193, 0.1452965250476193, 0.0939908737940567, 
0.14965916062400755, 0.14965916062400755, 0.14965916062400755, 0.1780728085157569, 0.14965916062400755, 0.14965916062400755, 0.07363138836420537, 
0.14419687304945056, 0.14419687304945056, 0.14419687304945056, 0.2152896714121295, 0.14419687304945056, 0.14419687304945056, 0.06372596334061771, 
0.1397454227927227, 0.1397454227927227, 0.1397454227927227, 0.20549702387333357, 0.1397454227927227, 0.1397454227927227, 0.09577586216305303, 
0.15807352977387323, 0.15807352977387323, 0.15807352977387323, 0.12330479776505536, 0.15807352977387323, 0.15807352977387323, 0.08632755336557854, 
0.12972414596007453, 0.12972414596007453, 0.12972414596007453, 0.23729519369481827, 0.12972414596007453, 0.12972414596007453, 0.11408407650480928, 
0.1460135063382672, 0.1460135063382672, 0.1460135063382672, 0.19295565933523887, 0.1460135063382672, 0.1460135063382672, 0.07697680897342499, 
0.15796192651344257, 0.15796192651344257, 0.15796192651344257, 0.156279025584541, 0.15796192651344257, 0.15796192651344257, 0.05391134184824623, 
0.13769729717539647, 0.13769729717539647, 0.13769729717539647, 0.20154537961621322, 0.13769729717539647, 0.13769729717539647, 0.10996813450680445, 
0.14938435461014773, 0.14938435461014773, 0.14938435461014773, 0.15791019878821727, 0.14938435461014773, 0.14938435461014773, 0.09516802816104421, 
0.13879531911954862, 0.13879531911954862, 0.13879531911954862, 0.21695545270004746, 0.13879531911954862, 0.13879531911954862, 0.08906795170220949, 
0.14271635213537504, 0.14271635213537504, 0.14271635213537504, 0.192438677229677, 0.14271635213537504, 0.14271635213537504, 0.09397956209344788, 
0.15261533481626569, 0.15261533481626569, 0.15261533481626569, 0.17803371798463657, 0.15261533481626569, 0.15261533481626569, 0.058889607934035096, 
0.15588969884459636, 0.15588969884459636, 0.15588969884459636, 0.14645824650578035, 0.15588969884459636, 0.15588969884459636, 0.07409325927123797, 
0.13034164987322386, 0.13034164987322386, 0.13034164987322386, 0.22438105452490045, 0.13034164987322386, 0.13034164987322386, 0.1239106961089804, 
0.15628787507708775, 0.15628787507708775, 0.15628787507708775, 0.15570095734974435, 0.15628787507708775, 0.15628787507708775, 0.06285966726481697, 
0.1382628080649269, 0.1382628080649269, 0.1382628080649269, 0.22915792216733757, 0.1382628080649269, 0.1382628080649269, 0.07952803750802785, 
0.15611841772663648, 0.15611841772663648, 0.15611841772663648, 0.15691048659499637, 0.15611841772663648, 0.15611841772663648, 0.06249742477182121, 
0.15475705294615139, 0.15475705294615139, 0.15475705294615139, 0.09019913702723467, 0.15475705294615139, 0.15475705294615139, 0.13601559824200848, 
0.16089716543572635, 0.16089716543572635, 0.16089716543572635, 0.11445531724321674, 0.16089716543572635, 0.16089716543572635, 0.08105885557815155, 
0.14383092030837227, 0.14383092030837227, 0.14383092030837227, 0.19547288582502104, 0.14383092030837227, 0.14383092030837227, 0.08537251263311757, 
0.12856443624276007, 0.12856443624276007, 0.12856443624276007, 0.2408241763613642, 0.12856443624276007, 0.12856443624276007, 0.1163536424248355, 
0.1352653653805834, 0.1352653653805834, 0.1352653653805834, 0.21928747371914672, 0.1352653653805834, 0.1352653653805834, 0.10438569937793628, 
0.14804888682960124, 0.14804888682960124, 0.14804888682960124, 0.17738781831149433, 0.14804888682960124, 0.14804888682960124, 0.08236774754049954, 
0.12632126730117493, 0.12632126730117493, 0.12632126730117493, 0.21124850390495548, 0.12632126730117493, 0.12632126730117493, 0.1571451595891701, 
0.1622420463924781, 0.1622420463924781, 0.1622420463924781, 0.133982208097692, 0.1622420463924781, 0.1622420463924781, 0.05480755993991737, 
0.10970634875596443, 0.10970634875596443, 0.10970634875596443, 0.28013862043126286, 0.10970634875596443, 0.10970634875596443, 0.17132963578891497, 
0.12798198434917718, 0.12798198434917718, 0.12798198434917718, 0.21972818873676758, 0.12798198434917718, 0.12798198434917718, 0.1403618895173462, 
0.1512708372058368, 0.1512708372058368, 0.1512708372058368, 0.15491113035042392, 0.1512708372058368, 0.1512708372058368, 0.08873468362039195, 
0.16043687385910732, 0.16043687385910732, 0.16043687385910732, 0.12105201320626754, 0.16043687385910732, 0.16043687385910732, 0.07676361749819588, 
0.1703705861742737, 0.1703705861742737, 0.1703705861742737, 0.10523108657867036, 0.1703705861742737, 0.1703705861742737, 0.04291598254996117, 
0.17088908422414184, 0.17088908422414184, 0.17088908422414184, 0.08940619444972536, 0.17088908422414184, 0.17088908422414184, 0.05614838442956533, 
0.15376219831591156, 0.15376219831591156, 0.15376219831591156, 0.1135368042750514, 0.15376219831591156, 0.15376219831591156, 0.1176522041453908, 
0.15571591609578794, 0.15571591609578794, 0.15571591609578794, 0.10770596446704177, 0.15571591609578794, 0.15571591609578794, 0.11371445505401845, 
0.13681717767368534, 0.13681717767368534, 0.13681717767368534, 0.20272164796576014, 0.13681717767368534, 0.13681717767368534, 0.11319246366581315, 
0.1620881007396216, 0.1620881007396216, 0.1620881007396216, 0.1453862527948472, 0.1620881007396216, 0.1620881007396216, 0.0441732435070448, 
0.157211519627094, 0.157211519627094, 0.157211519627094, 0.16670600441158767, 0.157211519627094, 0.157211519627094, 0.04723639745294219, 
0.13504439709687424, 0.13504439709687424, 0.13504439709687424, 0.17507133491704346, 0.13504439709687424, 0.13504439709687424, 0.14970667959858536, 
0.13440149001892712, 0.13440149001892712, 0.13440149001892712, 0.233545863098637, 0.13440149001892712, 0.13440149001892712, 0.09444668680672734, 
0.1322554123120566, 0.1322554123120566, 0.1322554123120566, 0.2141071212948434, 0.1322554123120566, 0.1322554123120566, 0.12461581714487342, 
0.1287102395112724, 0.1287102395112724, 0.1287102395112724, 0.22406761914090273, 0.1287102395112724, 0.1287102395112724, 0.13238118330273527, 
0.15716928848468825, 0.15716928848468825, 0.15716928848468825, 0.1365074585387833, 0.15716928848468825, 0.15716928848468825, 0.07764609903777552, 
0.1529998094964365, 0.1529998094964365, 0.1529998094964365, 0.10326426601539529, 0.1529998094964365, 0.1529998094964365, 0.13173668650242235, 
0.1337302639058634, 0.1337302639058634, 0.1337302639058634, 0.19066317728276844, 0.1337302639058634, 0.1337302639058634, 0.1406855031879145, 
0.1383559246463455, 0.1383559246463455, 0.1383559246463455, 0.18570651330796994, 0.1383559246463455, 0.1383559246463455, 0.12251386346030275, 
0.14278381629052114, 0.14278381629052114, 0.14278381629052114, 0.17058754945467172, 0.14278381629052114, 0.14278381629052114, 0.11549336909272255, 
0.16287480348179598, 0.16287480348179598, 0.16287480348179598, 0.14399753706773782, 0.16287480348179598, 0.16287480348179598, 0.041628445523282306, 
0.14255692563250424, 0.14255692563250424, 0.14255692563250424, 0.18924193198568134, 0.14255692563250424, 0.14255692563250424, 0.09797343985179742, 
0.16094999257609865, 0.16094999257609865, 0.16094999257609865, 0.11585800666523656, 0.16094999257609865, 0.16094999257609865, 0.07939203045427011, 
0.15595278810501834, 0.15595278810501834, 0.15595278810501834, 0.16690848579182613, 0.15595278810501834, 0.15595278810501834, 0.053327573683082316, 
0.15742284720107247, 0.15742284720107247, 0.15742284720107247, 0.13581897005143584, 0.15742284720107247, 0.15742284720107247, 0.07706679394320168, 
0.15920233921355634, 0.15920233921355634, 0.15920233921355634, 0.15153064976606032, 0.15920233921355634, 0.15920233921355634, 0.052457654166158045, 
0.14044134619000495, 0.14044134619000495, 0.14044134619000495, 0.22612861301258974, 0.14044134619000495, 0.14044134619000495, 0.07166465603738532, 
0.16064007416060108, 0.16064007416060108, 0.16064007416060108, 0.12765748024242446, 0.16064007416060108, 0.16064007416060108, 0.06914214895457022, 
0.13795655026160683, 0.13795655026160683, 0.13795655026160683, 0.19007049039442162, 0.13795655026160683, 0.13795655026160683, 0.12014675829754412, 
0.15215698842862, 0.15215698842862, 0.15215698842862, 0.1360255205619767, 0.15215698842862, 0.15215698842862, 0.1031895372949233, 
0.15694551925498262, 0.15694551925498262, 0.15694551925498262, 0.1293659433562147, 0.15694551925498262, 0.15694551925498262, 0.0859064603688722, 
0.15700897930341784, 0.15700897930341784, 0.15700897930341784, 0.16491656900800888, 0.15700897930341784, 0.15700897930341784, 0.0500385344749019, 
0.14986229020095426, 0.14986229020095426, 0.14986229020095426, 0.15104307369194497, 0.14986229020095426, 0.14986229020095426, 0.09964547530328371, 
0.13296030073236917, 0.13296030073236917, 0.13296030073236917, 0.21909133426042432, 0.13296030073236917, 0.13296030073236917, 0.11610716207772977, 
0.12424731123156671, 0.12424731123156671, 0.12424731123156671, 0.2427662195703551, 0.12424731123156671, 0.12424731123156671, 0.13599722427181127, 
0.14604297339226588, 0.14604297339226588, 0.14604297339226588, 0.18303122684908193, 0.14604297339226588, 0.14604297339226588, 0.08675390618958873, 
0.1521276291874119, 0.1521276291874119, 0.1521276291874119, 0.11376076989646186, 0.1521276291874119, 0.1521276291874119, 0.12560108416647853, 
0.168928816808796, 0.168928816808796, 0.168928816808796, 0.12074314312137985, 0.168928816808796, 0.168928816808796, 0.03461277283464019, 
0.1406408569438066, 0.1406408569438066, 0.1406408569438066, 0.1601779520930202, 0.1406408569438066, 0.1406408569438066, 0.13661776318794666, 
0.13364339898849345, 0.13364339898849345, 0.13364339898849345, 0.18767490524387506, 0.13364339898849345, 0.13364339898849345, 0.1441080998136578, 
0.15806559604216788, 0.15806559604216788, 0.15806559604216788, 0.15292609624810657, 0.15806559604216788, 0.15806559604216788, 0.05674592354105391, 
0.1541999804197903, 0.1541999804197903, 0.1541999804197903, 0.18557397214362753, 0.1541999804197903, 0.1541999804197903, 0.04342612575742099, 
0.1305194210387744, 0.1305194210387744, 0.1305194210387744, 0.2315624093739731, 0.1305194210387744, 0.1305194210387744, 0.11584048543215482, 
0.1575940592231879, 0.1575940592231879, 0.1575940592231879, 0.13420297666730696, 0.1575940592231879, 0.1575940592231879, 0.0778267272167536, 
0.158229911885397, 0.158229911885397, 0.158229911885397, 0.13619522324637778, 0.158229911885397, 0.158229911885397, 0.07265521732663718, 
0.1705236518815006, 0.1705236518815006, 0.1705236518815006, 0.10535448158856806, 0.1705236518815006, 0.1705236518815006, 0.042027259003928966, 
0.15746363803269392, 0.15746363803269392, 0.15746363803269392, 0.16804842079122215, 0.15746363803269392, 0.15746363803269392, 0.04463338904530813, 
0.1329857779686991, 0.1329857779686991, 0.1329857779686991, 0.20592036072364617, 0.1329857779686991, 0.1329857779686991, 0.12915074943285834, 
0.14175388752550874, 0.14175388752550874, 0.14175388752550874, 0.14506695498927907, 0.14175388752550874, 0.14175388752550874, 0.14616360738317719, 
0.16870413220230682, 0.16870413220230682, 0.16870413220230682, 0.10173328528962586, 0.16870413220230682, 0.16870413220230682, 0.05474605369884025, 
0.17506238713443198, 0.17506238713443198, 0.17506238713443198, 0.09476071151386335, 0.17506238713443198, 0.17506238713443198, 0.029927352813976817, 
0.1602651461424734, 0.1602651461424734, 0.1602651461424734, 0.11085739997219116, 0.1602651461424734, 0.1602651461424734, 0.08781686931544168, 
0.1567165060682619, 0.1567165060682619, 0.1567165060682619, 0.14091615777649236, 0.1567165060682619, 0.1567165060682619, 0.075501311882198, 
0.14884096815446612, 0.14884096815446612, 0.14884096815446612, 0.16428432742456786, 0.14884096815446612, 0.14884096815446612, 0.09151083180310154, 
0.155110960684026, 0.155110960684026, 0.155110960684026, 0.14000685684253644, 0.155110960684026, 0.155110960684026, 0.08443833973733361, 
0.16088632150438217, 0.16088632150438217, 0.16088632150438217, 0.10753434695862632, 0.16088632150438217, 0.16088632150438217, 0.08803404551946276, 
0.1578381931904576, 0.1578381931904576, 0.1578381931904576, 0.14079422445717388, 0.1578381931904576, 0.1578381931904576, 0.07001480959053805, 
0.14651452517318517, 0.14651452517318517, 0.14651452517318517, 0.14603485391702575, 0.14651452517318517, 0.14651452517318517, 0.12139252021704856, 
0.16635100702347813, 0.16635100702347813, 0.16635100702347813, 0.08941460668396596, 0.16635100702347813, 0.16635100702347813, 0.07883035819864333, 
0.15255264486026587, 0.15255264486026587, 0.15255264486026587, 0.14486180420815437, 0.15255264486026587, 0.15255264486026587, 0.09237497149051621, 
0.13408178188850253, 0.13408178188850253, 0.13408178188850253, 0.1330874464971471, 0.13408178188850253, 0.13408178188850253, 0.19650364406034024, 
0.13415054820248468, 0.13415054820248468, 0.13415054820248468, 0.15650102538709285, 0.13415054820248468, 0.13415054820248468, 0.17274623360048363, 
0.14648591948017972, 0.14648591948017972, 0.14648591948017972, 0.13919227111621377, 0.14648591948017972, 0.14648591948017972, 0.12837813148288765, 
0.13349023144845035, 0.13349023144845035, 0.13349023144845035, 0.2065899676947412, 0.13349023144845035, 0.13349023144845035, 0.12595887506300715, 
0.1354849474340686, 0.1354849474340686, 0.1354849474340686, 0.19665085998226187, 0.1354849474340686, 0.1354849474340686, 0.1259244028473951, 
0.14160120061437678, 0.14160120061437678, 0.14160120061437678, 0.18764406014921287, 0.14160120061437678, 0.14160120061437678, 0.10434993677890314, 
0.1551975672064757, 0.1551975672064757, 0.1551975672064757, 0.15227094935021926, 0.1551975672064757, 0.1551975672064757, 0.07174121461740235, 
0.15731533868084782, 0.15731533868084782, 0.15731533868084782, 0.1452617816644735, 0.15731533868084782, 0.15731533868084782, 0.06816152493128728, 
0.1528258290063682, 0.1528258290063682, 0.1528258290063682, 0.12412224725385816, 0.1528258290063682, 0.1528258290063682, 0.11174860771430063, 
0.16171666773083665, 0.16171666773083665, 0.16171666773083665, 0.1315578011640942, 0.16171666773083665, 0.16171666773083665, 0.05985886018172256, 
0.154083105572744, 0.154083105572744, 0.154083105572744, 0.13897338832229802, 0.154083105572744, 0.154083105572744, 0.09061108381398204, 
0.1376374190357998, 0.1376374190357998, 0.1376374190357998, 0.21008060947310697, 0.1376374190357998, 0.1376374190357998, 0.10173229534789412, 
0.1205235283842945, 0.1205235283842945, 0.1205235283842945, 0.24290208966789256, 0.1205235283842945, 0.1205235283842945, 0.15448026841063495, 
0.15165658659226144, 0.15165658659226144, 0.15165658659226144, 0.17922912134844332, 0.15165658659226144, 0.15165658659226144, 0.06248794569024939, 
0.1500811994081246, 0.1500811994081246, 0.1500811994081246, 0.1955852985364565, 0.1500811994081246, 0.1500811994081246, 0.05400870442292048, 
0.13953359819481656, 0.13953359819481656, 0.13953359819481656, 0.19015484530162144, 0.13953359819481656, 0.13953359819481656, 0.11217716372429573, 
0.13377692811910213, 0.13377692811910213, 0.13377692811910213, 0.2260068220829103, 0.13377692811910213, 0.13377692811910213, 0.10510853732157899, 
0.14707057460387318, 0.14707057460387318, 0.14707057460387318, 0.1987595892497394, 0.14707057460387318, 0.14707057460387318, 0.06588753773089465, 
0.15193497896203031, 0.15193497896203031, 0.15193497896203031, 0.18129465947611356, 0.15193497896203031, 0.15193497896203031, 0.05903044571373486, 
0.14752254001194884, 0.14752254001194884, 0.14752254001194884, 0.1872928655632512, 0.14752254001194884, 0.14752254001194884, 0.07509443437700454, 
0.15525343844815642, 0.15525343844815642, 0.15525343844815642, 0.17676720615843497, 0.15525343844815642, 0.15525343844815642, 0.046965601600782794, 
0.13983906609904692, 0.13983906609904692, 0.13983906609904692, 0.21959630379622275, 0.13983906609904692, 0.13983906609904692, 0.08120836570854273, 
0.14608147843496472, 0.14608147843496472, 0.14608147843496472, 0.1641494846600218, 0.14608147843496472, 0.14608147843496472, 0.10544312316515474, 
0.16207681630472123, 0.16207681630472123, 0.16207681630472123, 0.13020291196596973, 0.16207681630472123, 0.16207681630472123, 0.059413006510424166, 
0.16162803479085758, 0.16162803479085758, 0.16162803479085758, 0.14305563637898383, 0.16162803479085758, 0.16162803479085758, 0.048804189666728115, 
0.16257331861036603, 0.16257331861036603, 0.16257331861036603, 0.12551991777741875, 0.16257331861036603, 0.16257331861036603, 0.06161348917075107, 
0.15231226285650531, 0.15231226285650531, 0.15231226285650531, 0.15568245105977566, 0.15231226285650531, 0.15231226285650531, 0.08275623465769778, 
0.14693516570129384, 0.14693516570129384, 0.14693516570129384, 0.17346832947253663, 0.14693516570129384, 0.14693516570129384, 0.09185584202099425, 
0.13697632889024955, 0.13697632889024955, 0.13697632889024955, 0.1945218993094484, 0.13697632889024955, 0.13697632889024955, 0.12059645623930366, 
0.13565533857872897, 0.13565533857872897, 0.13565533857872897, 0.13650689139934247, 0.13565533857872897, 0.13565533857872897, 0.18521641570701272, 
0.14701872969689816, 0.14701872969689816, 0.14701872969689816, 0.1625832085663367, 0.14701872969689816, 0.14701872969689816, 0.10232314294917265, 
0.13862334813289529, 0.13862334813289529, 0.13862334813289529, 0.22553139432925595, 0.13862334813289529, 0.13862334813289529, 0.08135186500626766, 
0.13997723730080902, 0.13997723730080902, 0.13997723730080902, 0.20569849613536778, 0.13997723730080902, 0.13997723730080902, 0.09441531736058704, 
0.14991448212832204, 0.14991448212832204, 0.14991448212832204, 0.1826507144954525, 0.14991448212832204, 0.14991448212832204, 0.06777687486293714, 
0.13601241107367346, 0.13601241107367346, 0.13601241107367346, 0.20708376929531846, 0.13601241107367346, 0.13601241107367346, 0.11285417533631432, 
0.1367388436645739, 0.1367388436645739, 0.1367388436645739, 0.22943477987673963, 0.1367388436645739, 0.1367388436645739, 0.08687100180039083, 
0.1425313657402753, 0.1425313657402753, 0.1425313657402753, 0.21480370861070117, 0.1425313657402753, 0.1425313657402753, 0.07253946268792223, 
0.14273669233093528, 0.14273669233093528, 0.14273669233093528, 0.20557346491646789, 0.14273669233093528, 0.14273669233093528, 0.0807430734288558, 
0.1444230706815698, 0.1444230706815698, 0.1444230706815698, 0.16405709044921843, 0.1444230706815698, 0.1444230706815698, 0.11382755614293248, 
0.1350523774064313, 0.1350523774064313, 0.1350523774064313, 0.19569236502092588, 0.1350523774064313, 0.1350523774064313, 0.1290457479469176, 
0.136647733074908, 0.136647733074908, 0.136647733074908, 0.23064599185425116, 0.136647733074908, 0.136647733074908, 0.08611534277120876, 
0.13446851134543467, 0.13446851134543467, 0.13446851134543467, 0.1877897665810149, 0.13446851134543467, 0.13446851134543467, 0.13986767669181177, 
0.13203666587475776, 0.13203666587475776, 0.13203666587475776, 0.2127079063698544, 0.13203666587475776, 0.13203666587475776, 0.12710876425635675, 
0.1495916901669838, 0.1495916901669838, 0.1495916901669838, 0.13586285669734968, 0.1495916901669838, 0.1495916901669838, 0.11617869246773156, 
0.14021967228716056, 0.14021967228716056, 0.14021967228716056, 0.1958766122824749, 0.14021967228716056, 0.14021967228716056, 0.10302502628172235, 
0.1470189833682529, 0.1470189833682529, 0.1470189833682529, 0.15862907855894118, 0.1470189833682529, 0.1470189833682529, 0.10627600459979446, 
0.14237476644355848, 0.14237476644355848, 0.14237476644355848, 0.19081515943703958, 0.14237476644355848, 0.14237476644355848, 0.09731100834516801, 
0.1336539248986199, 0.1336539248986199, 0.1336539248986199, 0.2331879013760263, 0.1336539248986199, 0.1336539248986199, 0.09854247413087416, 
0.15234857213977687, 0.15234857213977687, 0.15234857213977687, 0.16111085816444753, 0.15234857213977687, 0.15234857213977687, 0.0771462811366682, 
0.16138510373186948, 0.16138510373186948, 0.16138510373186948, 0.14269500196748164, 0.16138510373186948, 0.16138510373186948, 0.050379479373170916, 
0.15327849088236914, 0.15327849088236914, 0.15327849088236914, 0.16628175115944235, 0.15327849088236914, 0.15327849088236914, 0.06732579442871198, 
0.16227230111657184, 0.16227230111657184, 0.16227230111657184, 0.10493370659019038, 0.16227230111657184, 0.16227230111657184, 0.08370478782695051, 
0.13528912187102377, 0.13528912187102377, 0.13528912187102377, 0.1730594649382769, 0.13528912187102377, 0.13528912187102377, 0.1504949257066044, 
0.15155264734574883, 0.15155264734574883, 0.15155264734574883, 0.16550551037239497, 0.15155264734574883, 0.15155264734574883, 0.07673125289886099, 
0.15208275668559557, 0.15208275668559557, 0.15208275668559557, 0.16281873254239276, 0.15208275668559557, 0.15208275668559557, 0.07676748402962942, 
0.14000336716078654, 0.14000336716078654, 0.14000336716078654, 0.21628391463380947, 0.14000336716078654, 0.14000336716078654, 0.08369924956225784, 
0.15256765000971875, 0.15256765000971875, 0.15256765000971875, 0.10969119601209003, 0.15256765000971875, 0.15256765000971875, 0.1274705539393162, 
0.15285341021546342, 0.15285341021546342, 0.15285341021546342, 0.1513775256682014, 0.15285341021546342, 0.15285341021546342, 0.08435542325448157, 
0.16723497640265528, 0.16723497640265528, 0.16723497640265528, 0.11596488743968068, 0.16723497640265528, 0.16723497640265528, 0.047860230547042866, 
0.1601876348381702, 0.1601876348381702, 0.1601876348381702, 0.13908339418011553, 0.1601876348381702, 0.1601876348381702, 0.059978431629033616, 
0.15911130974307094, 0.15911130974307094, 0.15911130974307094, 0.09549159382334724, 0.15911130974307094, 0.15911130974307094, 0.10895185746129807, 
