
0.12671423552852926,0.12626577673876224,0.12783712816817913,0.1277230485726905,0.12550929095267802,0.12240311899954794,0.12252569611020048,0.12102170492942237,
0.05978774893938683,0.0018299343532507627,0.010373394028591979,0.9244692100589134,0.0018338638290340548,7.807360901592721E-4,5.474192293734464E-4,3.7769347129016045E-4,
0.09400062109745286,0.0018515958044200793,0.01163227621129874,0.8892226080354756,6.567833692559771E-4,0.001233808963801644,7.267345282764692E-4,6.75571990018526E-4,
0.09477856304898714,0.002096225216622132,0.008216301753504006,0.88867848850408,0.0016374369589341427,0.0011819586401787404,0.0018016378146887887,0.0016093880630050183,
0.09611740043109387,0.0026159811601435407,0.008954777162572128,0.8858963037475768,0.0017006117349156592,0.0018822413913137947,0.0010983222849246578,0.0017343620874594604,
0.10397057649713257,1.086702433796607E-4,0.0018752060248358423,0.8937381026547185,8.788845721879822E-5,1.094271643288543E-4,4.962507504012762E-5,6.0503883345423765E-5,
0.09390623883610304,0.006338669649008338,8.150568387304943E-4,0.8988105053683222,3.14746059670592E-5,3.711632935776476E-5,2.6806354637772498E-5,3.4132017873432245E-5,
0.04420575942267807,0.023557430023124333,8.601182206352184E-4,0.931371639130093,1.6760025721083037E-6,1.4183031377591995E-6,1.3808095757706461E-6,5.780881834091551E-7,
0.013178489651718956,0.00240361109750761,0.0038226144361606018,0.9804675565927936,3.583739257681892E-5,2.930215331449429E-5,4.095608992784743E-5,2.163258600004664E-5,
0.0889876026256379,0.007155012331596371,0.008704497199448723,0.8906140978627914,8.489006426544483E-4,0.0013931603174147883,0.001269079903867678,0.0010276491165888968,
0.0027004151442113944,0.05122539385194024,5.835406805062815E-5,0.9460156553035788,5.221136264079717E-8,3.762614275527699E-8,5.8534133169211056E-8,3.326058115349001E-8,
0.10319053017221173,0.003193588731490825,0.0025367063694068394,0.8889739214207161,5.346417233382246E-4,5.451988367574414E-4,5.850611347270075E-4,4.4035161135179147E-4,
0.02704008544750432,0.15619077611526294,8.392640205281454E-4,0.8159294656987066,7.429445429766725E-8,9.638558771235385E-8,8.245938936296047E-8,1.5557856673467708E-7,
0.00218595554577613,0.0980187030816668,3.5176790069775346E-5,0.8997601645808969,5.8897705914028E-13,2.3866974556997565E-13,3.540589700578049E-13,4.086147341695605E-13,
0.004795359992163852,0.09874718770629816,5.297415826759944E-5,0.8964044781408885,7.674408794256921E-13,5.372457394951081E-13,4.088439192919071E-13,6.681612916494934E-13,
0.003031352156374617,0.10706647596139145,2.5931530876346602E-5,0.8898762403478402,8.390830488242375E-13,5.250447713613064E-13,1.0421983140072127E-12,1.1111968910531307E-12,
0.0021947893577578025,6.258466900194267E-4,1.2176361464252008E-5,0.997167186971268,1.6675313380864374E-10,2.4139475584141007E-11,2.1785124814583088E-10,2.1074695278025313E-10,
0.04672161308662447,0.006611041371841728,0.0012413010037743417,0.9446510253638858,1.8518799811618276E-4,1.9488594136596985E-4,1.808818787504508E-4,2.1406335564065146E-4,
0.0010011791543119671,0.0793130165835058,6.021891079440043E-5,0.9196255634726662,8.174241324645284E-9,3.5381957127669772E-9,5.192088281616593E-9,4.9741963466314154E-9,
9.906962934841457E-4,0.0017992880195216868,1.0853245958504633E-4,0.996944077818413,2.741695374117494E-5,5.3158849353042896E-5,4.94818274048471E-5,2.7347778496917997E-5,
8.47535299983835E-4,0.0180340715964217,5.674173591176139E-6,0.9811127189259237,1.078159142374337E-12,5.446253668844883E-13,1.8842052028441827E-12,5.726138328475688E-13,
4.954491438002155E-4,0.05095971329220295,2.925050906536533E-5,0.9485154758396575,2.649711556079686E-8,3.052822613371006E-8,2.487517244001375E-8,2.931476009838688E-8,
0.016448395480181954,0.011053453214349893,9.518546454653432E-4,0.9701782733621788,4.8780797493339675E-4,2.9459102980248044E-4,2.7944409011668994E-4,3.0618020297188536E-4,
6.660258163299243E-4,0.009104606029818094,7.198269934123132E-5,0.990157384015503,3.0619929590119617E-10,5.650634161891128E-10,3.1748758702161293E-10,2.502580924908763E-10,
0.0012532765751480399,0.12196559281516098,4.5936052544069724E-5,0.8767351940944147,7.84302240555929E-11,7.32185147159753E-11,2.012161524343133E-10,1.0986757849355052E-10,
0.04279487061213786,0.005743235090431037,0.0010689011231390809,0.9489660334749261,2.7158302336522256E-4,1.8171283904365045E-4,4.540776300450061E-4,5.195862069121729E-4,
0.0013379568636123081,0.10283522433950552,4.010318909744511E-6,0.8958228081605011,5.731189932403136E-11,9.531721696669615E-11,6.720688906710098E-11,9.763560312642681E-11,
7.124869231075958E-4,3.18595336975567E-5,2.868632744744622E-5,0.999226966912065,1.1202056459242887E-11,1.021835240020878E-10,1.6012629600178896E-10,3.017117114857091E-11,
5.576830778787476E-4,0.006768112598966401,2.058478509321112E-5,0.9926536192160673,6.001813561683713E-11,9.989970899957617E-11,3.918024540287213E-11,1.2289670200558275E-10,
0.0011499087837570188,0.11461740928703366,6.788788459174994E-6,0.8842258925015863,1.6314059762498491E-10,5.28086102716883E-11,1.9892252620589013E-10,2.242915979758298E-10,
3.797757722719224E-4,0.03409607916702817,1.4673475877103062E-5,0.9655094713567658,5.5666417507284653E-11,5.398239864791688E-11,5.912354852280559E-11,5.928478552748761E-11,
6.864349096489617E-4,0.03287209307015473,2.2425803185936854E-5,0.9664162429581362,7.867741693292521E-7,8.643496731264009E-7,5.715779746747383E-7,5.805570574384043E-7,
2.526378583555088E-4,0.005850715354183822,6.595639363409839E-7,0.9938959872235222,1.689058809874847E-16,1.162764161701244E-15,1.1615299037552502E-15,3.1672301276288454E-16,
7.78380586471838E-4,0.13109019542346728,1.2836135898379764E-5,0.8681185842277597,7.486081592026575E-10,1.0877171281507534E-9,1.2058763693352983E-9,5.842011480813554E-10,
2.0841795007767267E-4,0.07625097620656025,1.628692495124433E-5,0.9235243188233845,1.3384662222513748E-11,3.041912393263731E-11,2.361431393586704E-11,2.7606875971319614E-11,
4.1690826256189704E-4,0.058513214828264555,1.0475690514395277E-5,0.941059401010035,4.7359353726596794E-11,5.659873719836173E-11,4.406671404142164E-11,6.059965003128077E-11,
4.6443211692950414E-4,0.0518681236727335,1.789365789367789E-5,0.9476494883432542,1.6126038814240858E-8,1.4922848702131466E-8,1.1673966873451718E-8,1.9486334825355446E-8,
6.854798388989434E-4,0.011730533922443455,1.0404345843515058E-5,0.9875735811422808,2.371326142374965E-10,1.6216691995148415E-10,2.391148830252031E-10,1.1211907940818233E-10,
7.445724856830532E-5,0.1236613264824016,4.465249276128992E-8,0.8762641716119147,1.870584996362074E-12,9.616099966735864E-13,9.955115144328108E-13,7.949257381978061E-13,
7.193639864742976E-4,0.034955867703531956,1.0754777290669406E-5,0.9643140134665668,1.558193837976003E-11,7.663967187837437E-12,2.9384378809248274E-11,1.3505728312480926E-11,
4.1430513753061587E-4,0.06561616779933323,1.219095710876566E-5,0.9339516573724955,1.953510523941329E-6,1.1381785445365603E-6,1.2685278289623096E-6,1.3185166350604153E-6,
8.515774537256475E-4,0.0019354249897483497,2.2848936071108242E-5,0.9971872457154397,1.128390487848851E-6,4.259872038723671E-7,7.327055157939055E-7,6.15821807823678E-7,
5.296485753692651E-4,0.1135932228672299,1.3298218141422517E-5,0.8858638266896018,6.563214501666795E-10,9.482602889024666E-10,1.2153682495397484E-9,8.297081688354136E-10,
5.376783214747404E-4,0.038509044886679694,3.370242307468507E-6,0.9609499065240102,3.9826458954014496E-12,1.7390942477289113E-12,1.0446737178075457E-11,9.359528886786449E-12,
4.041771162355129E-4,0.04939534050172209,3.0235237395802622E-6,0.9501974585533975,3.0631235078084186E-11,6.569996121208532E-11,1.2330629003507106E-10,8.526785606023207E-11,
6.102438169863751E-4,0.029618163460200592,4.502627725839066E-6,0.9697670900592376,9.739993756294658E-12,5.588729939418328E-12,1.0044678876718087E-11,1.047652074112393E-11,
5.048513841335421E-4,0.05320229780663824,2.338648782171532E-5,0.9462570916891132,3.5660400148504667E-6,2.888102842901089E-6,3.00442908654304E-6,2.9140603485882067E-6,
8.422571298268819E-5,0.003051167609491598,1.5948785590631568E-7,0.9968644468054357,1.2093132978874823E-10,1.0448921954296082E-10,8.851346740656314E-11,7.030078154314954E-11,
5.266706746266501E-4,0.05452822529166454,1.2721512633999748E-5,0.9449323817686907,2.1246519156436536E-10,1.8140669082172788E-10,1.0013260791881867E-10,2.5837940355036466E-10,
8.384209954284722E-5,0.018242918479297567,2.6718300000429813E-7,0.9816729534105894,5.2834213426353095E-9,3.747528695860783E-9,5.327915849804227E-9,4.468703321343114E-9,
6.029214994995342E-4,0.20156915832544106,1.1688215721431795E-5,0.7978162316306974,9.439132853956662E-11,7.308139538975868E-11,7.368150058961603E-11,8.74859564407487E-11,
7.459100264291465E-5,0.02318440855717683,8.531056080274773E-8,0.9767409151251749,1.327834001471066E-12,8.746665580539882E-13,1.280565849159892E-12,9.615139464101374E-13,
5.49438027904446E-4,0.10919989631591753,5.975086521963539E-6,0.8902446905553003,2.3512805685316043E-12,3.39722379038474E-12,5.430085567107025E-12,3.177446841025505E-12,
3.5927443944416056E-4,0.0012175286977253112,2.66039370518504E-6,0.9984205363883103,1.2070818996886414E-11,1.96409915723315E-11,2.4197270591166486E-11,2.490630753049692E-11,
5.121865082713589E-4,0.009569834824464416,5.36795359836746E-6,0.9899126087010102,4.1531989403455053E-10,6.087839806154002E-10,6.784984164214456E-10,3.1005249352255263E-10,
2.569262427268846E-4,0.039511292715897955,8.674145182700616E-6,0.9602231059652383,1.7299459108560441E-10,1.5360576146626897E-10,4.5923938790962296E-10,1.4511414269840868E-10,
4.26004525534085E-4,0.0031051113433521764,4.119755821537972E-6,0.9964647643508947,1.289685002475655E-11,3.0069163137038573E-12,2.300605263573165E-12,6.19265539761524E-12,
5.499742795242696E-4,0.01370423106201233,4.837713878332879E-6,0.985740956785,4.6257558600519905E-11,4.660426820154988E-11,5.888146190348478E-11,7.841412826948095E-12,
4.961202809210153E-4,0.05720829120022804,4.997398629658436E-6,0.9422905910687869,1.2849559949085506E-11,1.3149478243361716E-11,1.1840446441479946E-11,1.3595175332698245E-11,
6.727111977752905E-4,0.0472349338627883,5.85927917728092E-6,0.9520864952621351,1.0523753586544839E-10,9.923291565993617E-11,8.52332772287286E-11,1.0842015461609636E-10,
7.082533931213718E-4,0.23398335451077093,1.4633048055689895E-5,0.7652937590356942,4.248999665145261E-12,2.113580053706011E-12,1.9757926472825395E-12,4.0195068667355496E-12,
4.533813514197488E-4,0.04074265688154751,2.2875764692198135E-6,0.9588016741547822,7.706334553300047E-12,7.1004005474131754E-12,1.091110848226646E-11,1.0062855020159373E-11,
5.408711654236102E-4,0.0947682171536848,6.933025102439418E-6,0.9046839770667527,5.681910871726576E-10,2.5294478522010007E-10,3.9317085659114274E-10,3.747295358174813E-10,
3.745072322690595E-4,0.024109486493858575,5.357462952983494E-6,0.9755106487961637,6.440312963211856E-12,1.3528970168109432E-12,5.9116005879191705E-12,1.0509337530249783E-12,
4.805648168526253E-4,0.0029445337736826766,4.553523513987404E-6,0.9965703478721528,3.4931756531010926E-12,7.393661025019022E-13,7.198208414599459E-12,2.3675496464258016E-12,
3.671341800122297E-4,0.11683748906082966,7.020253957507334E-6,0.8827883564987733,1.6509822824412419E-12,7.991414498608106E-13,2.2638113130740046E-12,1.712945407221848E-12,
5.991200124595655E-4,0.17780218369395373,3.312428503752761E-6,0.8215953838596971,7.482833244133642E-13,1.1214156915711871E-12,2.5040514989185256E-12,1.0124247041065746E-12,
5.757946376328622E-4,0.0654889019819698,3.034495695014886E-6,0.9339322688588512,5.590815469662569E-12,6.889027856775047E-12,5.2027557210399705E-12,8.168383769300798E-12,
3.33908819332591E-4,0.1054948490977106,6.320571228634271E-6,0.8941649213653439,3.739038605738575E-11,2.9452702856084495E-11,3.743426431228571E-11,4.210804447995543E-11,
4.67441896112311E-4,0.01348279633187075,3.349066501653317E-6,0.9860464126993748,1.9008632755105642E-12,7.740435171172864E-13,8.443207895358846E-13,2.6215971654993044E-12,
4.195432925567076E-4,0.012127488850898304,2.0773302336265772E-6,0.9874508905188205,2.004961030652294E-12,1.3470479636171307E-12,1.632691173636311E-12,2.50660334865578E-12,
2.73781518906753E-4,0.027963546095812968,4.09480892338742E-6,0.9717585775706344,2.7480173259557994E-12,1.6296673522540146E-12,4.3479419190620306E-13,9.089975985782054E-13,
3.4084944149331207E-4,0.06990330379111674,3.644180428411829E-6,0.929752201808864,1.9912231112456764E-10,7.287292578846781E-11,2.402669960271941E-10,2.6583587928184446E-10,
7.281944613346121E-5,0.003183941415296994,8.114865719976528E-8,0.9967431579899121,1.7891403380481035E-17,4.316343336642704E-17,3.83175498073898E-17,4.2317521427898185E-17,
1.9555891792361367E-4,0.02345689571631967,7.404455425681677E-7,0.9763468049131203,7.998125973613818E-13,2.4364919587326E-12,2.3377685579438626E-12,1.5207087836787426E-12,
6.431675849513584E-4,0.0567927061125129,1.3956567930893363E-6,0.9425627306420225,6.765982379787052E-13,1.6247781050266544E-12,5.182205956352457E-13,9.006390420804241E-13,
2.971636524807944E-4,0.13948908807547453,3.5096993597460496E-6,0.8602102385659041,2.0969562035142423E-12,1.5610165864883476E-12,1.117035564814637E-12,2.0054648517920074E-12,
1.9202545491385606E-4,0.007630908829940134,1.9238640631701686E-6,0.992175141840857,1.8361685099977437E-12,2.2815522040946274E-12,3.4530683220529556E-12,2.6547200694947094E-12,
3.136679336234674E-4,0.030840901435156966,1.3854336260072522E-6,0.9688440451926678,8.671821590370616E-13,1.6933473813141212E-12,1.3248417894765275E-12,1.0407064333306336E-12,
5.222539401513937E-4,0.06236969757337217,4.910303914859392E-6,0.9371031381752143,1.3033562156059865E-12,2.557909343526716E-12,2.0050644625174646E-12,1.4809691209405277E-12,
3.2251172014805533E-4,0.09041656080053082,4.455341626445093E-6,0.9092564721277163,2.1650344909409295E-12,2.761468977163031E-12,3.5349503321664943E-12,1.5176917853162686E-12,
5.556070109308055E-4,0.002089940099180339,2.6451506404122706E-6,0.9973518077242237,1.2600211238397097E-12,4.607680024091841E-12,6.80524697427005E-12,2.3518087659402284E-12,
2.9104058104457536E-4,0.08859300029795399,3.5122036023290775E-6,0.9111124469091145,2.2908012306938567E-12,1.7076166214642205E-12,2.438698003674562E-12,1.847493087409268E-12,
2.2261982888360565E-4,0.019685846491385224,2.0242229580665222E-6,0.9800895065506157,8.194496886814446E-10,7.579358928178522E-10,6.022797372984204E-10,7.264918416075719E-10,
2.4312234055452606E-4,0.04379937587881352,2.288800095470374E-6,0.9559552127822015,6.065388834274871E-11,5.280831195334116E-11,5.01060652092779E-11,3.476576924562092E-11,
6.305347648414101E-4,0.11392281311725208,5.046827294220912E-6,0.8854416003235225,1.1206420163622514E-9,8.336992828933975E-10,1.8968812664669162E-9,1.1158669371391642E-9,
4.2227168298783236E-4,0.10124559610337237,2.6581475310486288E-6,0.8983294740619719,1.032079140399114E-12,5.310556499299681E-13,1.4033990598742898E-12,1.1700929991512657E-12,
3.932000688464646E-4,0.1315572987468153,3.9682682155416346E-6,0.8680455329115851,8.391459965911154E-13,9.398015333840139E-13,1.6048228041294603E-12,1.1535416223520594E-12,
2.911074067184458E-4,0.010486096591996138,2.7472265580049836E-6,0.9892200487325102,1.0953157507565758E-11,1.008010832722743E-11,8.898823185589212E-12,1.2284186816723046E-11,
1.9275680808375454E-4,0.04679392233244203,3.459965730520318E-6,0.9530098608801639,2.6842826818288985E-12,3.5090345451449052E-12,3.6612848579184226E-12,3.7234527022759275E-12,
4.4643311608346265E-4,0.005222468562919418,2.3888182805882916E-6,0.9943287094992757,5.110090100167758E-13,7.882027288376836E-13,9.906574123074027E-13,1.1514444198667089E-12,
2.9047975444846687E-4,0.04219442052605022,2.123197317326337E-6,0.9575129765202474,5.950904245846774E-13,4.2060990941194066E-13,4.811604019884221E-13,4.392775720844358E-13,
1.752882379458583E-4,0.011236164520186033,1.0615544375354567E-6,0.9885874856627197,7.75128311206155E-12,5.44512782174113E-12,8.152241784991447E-12,3.361701090306697E-12,
1.9408492256056114E-4,0.002507356246578429,1.763652969047784E-6,0.9972967951763714,2.721270080091732E-13,7.469922246168618E-14,4.037673899987314E-13,7.698868590169467E-13,
1.9631759380838297E-4,0.010340918373975695,8.49207462010904E-7,0.9894619148234366,3.91115894521856E-13,1.0022560866847873E-13,6.822360603553752E-13,1.4439905163245907E-13,
6.662613141455721E-4,0.06799233259307678,8.18893684321409E-6,0.9313332171372032,2.588508154586206E-12,4.564983851526036E-12,6.61896454117453E-12,4.95863396892709E-12,
2.2073949131652435E-4,0.10422608973030822,2.6481618297305255E-6,0.8955505226144077,3.76658563723382E-13,9.813626208473326E-14,1.0646809063003809E-12,5.978218374687305E-13,
5.375250625276449E-4,0.21542754144788454,2.3932307628852598E-6,0.7840325402562603,4.1979244185206955E-13,8.701776376578512E-13,1.1183550152402218E-12,1.5629507842733362E-13,
8.904660197186577E-4,0.06945858978537935,5.344400455391968E-6,0.9296455997728927,7.968516122257903E-12,2.240009348497318E-12,8.334927666631865E-12,3.009962533444002E-12,
4.344098447855022E-4,0.1273902870407103,4.663525695924484E-6,0.8721706389842449,1.0283619346919518E-10,1.8967375724800474E-10,1.2293835316843749E-10,1.891154784657768E-10,
3.459573670773347E-4,0.006484538221381024,3.1076506089198417E-6,0.9931663961567848,2.008697249685473E-10,1.4607122850684084E-10,1.749466552808874E-10,8.225918684691702E-11,
2.957419474192429E-5,0.003686750110957523,1.0500985196479982E-8,0.9962836651933146,8.094612132820858E-17,1.0048123817344368E-16,7.389748683591538E-17,1.3951061646160916E-16,
3.176598018560812E-4,0.09938027577028459,1.4615852589097617E-6,0.9003006028391346,5.345557522548274E-13,1.023550921121856E-12,9.839244367420698E-13,9.231590094424362E-13,
2.0032380706563833E-4,0.13635605029258163,3.073978157288118E-6,0.863440551920161,3.442751089736871E-13,6.169498843717454E-13,5.735343549580672E-13,4.988782724528915E-13,
2.989400505287784E-4,0.08732887053764206,2.1586304848742392E-6,0.9123700307786687,4.076531850400708E-13,7.965890876490356E-13,1.0026492168275922E-12,4.678473420850425E-13,
5.708461162022246E-4,0.12009305045396107,7.402069959270446E-7,0.879335363220898,2.127470175300563E-13,3.8263089425725495E-13,8.974109595328572E-13,4.4986058146860206E-13,
1.0587140061510621E-4,0.010654770832505583,9.432388339055622E-7,0.9892384145213394,1.4986825092228902E-12,2.0194725199050334E-12,1.0010971317265075E-12,2.1868457216634362E-12,
1.5395568726649892E-4,0.04311603981207481,6.690677796188696E-7,0.9567293354304404,4.821458521188547E-13,6.628002031205515E-13,5.03586284214003E-13,7.896210532574288E-13,
3.5963223814017634E-4,0.0855007428979067,1.1084759361726192E-6,0.9141385163741709,2.763126473865887E-12,3.849545605442423E-12,4.576408065229011E-12,2.657430073877296E-12,
2.289644125335518E-4,0.06688660184639526,9.760538659991502E-7,0.9328834576780606,2.5099819852798324E-12,1.1384396233050352E-12,4.153590810919746E-12,1.3430497681274144E-12,
1.8046789124975094E-4,0.023207048651863738,5.434136417528492E-7,0.9766119400102782,5.619578968432906E-12,5.133002156545299E-12,1.3624228582495918E-11,8.589818943076117E-12,
2.583866863219019E-4,0.021301263812318408,8.903560155369448E-7,0.9784394565959148,7.141419419126022E-10,5.88826353257815E-10,6.938830338732472E-10,5.52578903465911E-10,
1.8477525439242068E-4,0.20170204461362537,1.266264661646834E-6,0.7981119138559462,2.3827294452276198E-12,3.2302621171764143E-12,3.714167574152333E-12,2.0475679410801297E-12,
1.1469742072501254E-4,0.04454205285159059,5.758042174583596E-7,0.9553426739216334,5.050611314009519E-13,4.238885569595594E-13,5.411773494676739E-13,3.6368327449176016E-13,
1.661438109423285E-4,0.19890603031113482,1.6684051767318419E-6,0.8009261574720856,6.851208774133275E-14,4.108535593764066E-14,3.4056611851377815E-13,2.1080974119781817E-13,
6.235426799593638E-5,0.0015587986685435123,9.152798485909524E-7,0.9983779317830459,1.424660447947789E-13,1.351029389064111E-13,1.9196209731670435E-13,9.744972895903219E-14,
4.911476928634726E-5,0.03162908367813086,8.496849412452381E-7,0.9683209518672361,1.3083153125850751E-13,1.4963591690551842E-13,7.420690756550594E-14,5.013614803266635E-14,
2.3599010145338936E-4,0.06601277976638589,1.3173052360620469E-6,0.9337499128256704,2.2118741995701268E-13,2.1716406549460117E-13,4.837987989466181E-13,3.3172632909211807E-13,
2.2195838848277518E-4,0.0175256333227375,1.2140159734548276E-6,0.9822511942711836,2.4309327647698975E-13,3.1088281706533495E-13,7.096001786455691E-13,3.606387070453388E-13,
4.4790628583743866E-4,0.10498059137131374,1.5323030680744996E-6,0.8945699700378285,5.218275735832526E-13,1.8869972831272508E-13,8.262800801299854E-13,4.15444000210346E-13,
3.8401569805487847E-4,0.16375968277262576,9.154435766487902E-7,0.835855386082968,5.335598243660675E-13,8.303774719780975E-13,1.0136295700685553E-12,3.9724892732187016E-13,
3.1872995896403835E-4,0.025631525658525212,7.344309942965875E-7,0.9740490099506954,1.9011597270199303E-13,5.560268375711704E-14,3.4870115327700305E-13,2.2662550061285644E-13,
3.040272312973464E-4,0.021098974762524546,1.05149351765402E-6,0.9785959465102044,3.968058866250573E-13,6.987289181995007E-13,8.206252303668438E-13,5.394232808759653E-13,
1.4671079911657568E-4,0.060046771054593474,5.713529884209298E-7,0.9398059467927046,1.2976864093936477E-13,1.2188693550089886E-13,2.4368641219060355E-13,1.0250029228909676E-13,
1.138928645423145E-4,0.02754880103138954,2.7684589930988885E-7,0.9723370292520593,9.4805143989134E-13,2.3274107982721955E-12,2.0077837279112697E-12,8.25482454963206E-13,
1.8156468479449048E-4,0.12433277717742687,1.4878751779766561E-6,0.8754841702572871,1.897293303917683E-12,6.58562909225876E-13,2.158359160509379E-12,5.982857196322499E-13,
2.177175382042372E-4,0.11580800033719588,5.410288863499982E-7,0.8839737410950447,1.5402707890761086E-13,1.102332228966846E-13,2.4889578726386187E-13,1.5678486706088585E-13,
1.1062003412663805E-4,0.0012375682332749353,2.526555384166989E-7,0.9986515590765472,1.5012305818320007E-13,8.514937535664742E-14,1.2734561680983942E-13,1.495970421700201E-13,
1.267853235777117E-4,0.0260186214585519,4.4178875765260334E-7,0.9738541514262563,8.365369877228011E-13,2.0837764606286865E-13,1.3101992700280235E-12,5.010490772708582E-13,
1.6604739299146904E-4,0.06514063735990233,5.63099181869086E-7,0.934692752147505,1.159489904526523E-13,8.400784393446967E-14,1.4171228646096615E-13,7.790735535498774E-14,
1.6701699341332448E-4,0.10576161475390936,7.327978164225766E-7,0.8940706354540465,1.629670186606148E-13,1.1217244019253837E-13,3.8232729801464087E-13,1.5843324003387925E-13,
1.4472453001268903E-4,0.0022910768778002574,6.307981180360993E-7,0.9975635677935554,4.706229608030313E-14,1.5967666426579208E-13,2.4537792302486614E-13,6.01554346059162E-14,
2.432248079185276E-4,0.13177305930296535,5.529277992553057E-7,0.8679831629411822,4.3446973543258205E-12,4.183457584376282E-12,6.889636525550738E-12,4.71777345040329E-12,
6.708526570928621E-5,0.057218357252470715,8.985616796939973E-7,0.9427136589198317,1.0163047053243601E-13,6.517126550415829E-14,4.8698790544985724E-14,9.339244012170084E-14,
4.7153449676082605E-5,0.007814092074001898,9.368059341267508E-8,0.9921386607954842,6.536771665675529E-14,3.181554338292024E-14,5.907377263011143E-14,8.827914551594053E-14,
6.521191020101884E-5,0.15659547740224586,5.871220787021292E-7,0.8433387235651105,7.892522372962639E-14,8.085357449503078E-14,1.1676176384512935E-13,8.827841536956493E-14,
1.1647828730976739E-4,3.450068721160034E-4,4.950870243311703E-7,0.9995380197528324,6.406499559068198E-14,2.173901779198361E-13,3.5679288067213733E-13,8.075763872801482E-14,
2.2205578490927448E-5,0.06853496171465844,4.3969398776346404E-9,0.9314428283099101,6.0252216526449446E-18,3.1717531363150768E-18,8.223149571465554E-18,4.077910481322736E-18,
1.0862232238234169E-4,0.10631032648534204,2.7013451683507895E-7,0.893580781057545,5.213836005913737E-14,3.82197808372737E-14,8.435965503305809E-14,3.833350741054539E-14,
1.7686959726602077E-5,0.02962217298121263,1.616671799231952E-7,0.9703599783916185,2.7533951624352324E-14,3.810573402324068E-14,1.5766862477394353E-13,3.8453036355980355E-14,
9.05342110688427E-5,0.04000432340399915,9.735253638403985E-8,0.9599050450322059,3.094311879874705E-14,6.430385104651699E-14,5.266238933587007E-14,4.1552016384969953E-14,
1.0629179396579326E-4,0.017038986746542518,7.089553512163247E-7,0.9828540125035037,9.590587010086444E-14,6.462462090546618E-14,3.346061391133787E-13,1.430445614615754E-13,
5.7205226370140676E-5,3.466390436998629E-4,1.5216584421801938E-7,0.9995960035637451,8.271167796583042E-14,4.150274841201003E-14,1.4930770520070484E-13,6.641902252829487E-14,
8.570262955489456E-5,0.07257634848745972,3.6845584018169873E-7,0.9273375804268394,6.258352858107115E-14,8.588895445609022E-14,9.661993048935558E-14,6.086024325525121E-14,
8.557839143983659E-5,0.0611283064204557,1.5443567969649123E-7,0.9387859607522425,4.642899398125456E-14,5.198591198153103E-14,5.557569449379865E-14,2.7827378608381005E-14,
6.848616542643669E-5,0.03237893359289437,9.831009698624921E-8,0.9675524819313643,5.503131986281149E-14,4.926849771694067E-14,7.289833033040164E-14,3.996096988471591E-14,
1.0452357095062658E-4,0.07389776902677996,4.069636741876422E-7,0.9259973004382531,7.408360509423665E-14,7.591017687650754E-14,1.2915067731685469E-13,6.276260787267357E-14,
7.197765108059855E-5,0.005611611705916903,1.3480229054770944E-7,0.9943162758405427,2.599547753024576E-14,3.34657817916412E-14,5.60110385587863E-14,5.4808267280151744E-14,
2.6859186354081975E-5,0.02327271144439839,1.9746004254029327E-7,0.9767002319091349,2.3403061346978713E-14,1.5201751879757155E-14,7.860758562466627E-15,2.408617845218937E-14,
2.606651035667132E-5,2.1192378823590584E-4,1.6530235765963364E-7,0.9997618443988364,5.3547806636185214E-14,4.025794119155506E-14,8.755420813172194E-14,3.152435650267343E-14,
6.835010943920315E-5,0.008577608157621515,1.7596958462077455E-7,0.9913538657632638,3.595490321293147E-15,1.002454600702804E-14,4.281459896911176E-14,3.493175488738991E-14,
1.384419671902335E-4,0.08256784692529381,2.6890978996318517E-7,0.9172934421974974,1.829809059557752E-14,5.910672708233689E-14,1.2953006132599972E-13,2.2824257262665818E-14,
1.061001908325139E-4,0.11309874512668684,5.025288223756996E-7,0.886794652153172,6.198376478805501E-14,5.143427029154705E-14,2.639209164395452E-13,1.1021455756804297E-13,
5.597188411627638E-5,0.06207840524057704,1.9219701511889075E-7,0.9378654306781574,2.7032580340874082E-14,2.5974390389391604E-14,5.5114222894880026E-14,2.6009039131063446E-14,
1.0676633873963709E-4,0.0028320307005231934,2.1444940078510606E-8,0.9970611815155742,1.799631661176138E-14,3.881914736936449E-14,1.292810510917763E-13,3.580788653452863E-14,
4.0212203784911906E-5,0.0324723637452362,5.026714773274823E-8,0.9674873737837292,1.6888080847529696E-14,2.259232525763679E-14,5.312187072193973E-14,9.929464246930643E-15,
1.3842625501554834E-4,0.07134666780061748,2.094531205964523E-7,0.9285146964910608,1.1552063468416977E-14,1.9131518082149814E-14,9.853244804128767E-14,5.576944963575141E-14,
4.906388098883355E-5,0.10347942579823521,1.906762143711379E-7,0.8964713196443097,4.319469010288372E-14,5.031366057338335E-14,1.0007859277395117E-13,5.816722501827804E-14,
2.3750665555493453E-5,0.011402944781435179,2.9080668554958186E-7,0.9885730137456252,5.2012900775424136E-14,1.1663007760805998E-13,3.6314416155415823E-13,1.6765623483158707E-13,
4.057936149306488E-5,0.02423530256211975,1.1866476712949628E-7,0.9757239994114683,1.574885759904636E-14,1.0148575200791124E-14,1.1408088828409314E-13,1.1315572069905813E-14,
4.494611260763144E-5,0.04389543846258975,1.0150495316015455E-7,0.9560595139195991,3.120265185508667E-14,4.265630264925227E-14,1.558303367460352E-13,2.0443588292368386E-14,
5.319235529974139E-5,0.019319949606086767,2.339110509871827E-7,0.980626624127017,1.0243604740838346E-13,1.669736278862374E-13,1.7339458454866254E-13,1.0322953501254914E-13,
4.784254747439035E-5,0.0862644942889002,2.735475069150333E-7,0.9136873896158125,4.958661945055144E-14,5.1514484792441185E-14,1.5944282075312384E-13,4.650890185002582E-14,
4.819598483399536E-5,0.04017338757019378,1.8376732707275396E-7,0.959778232655376,3.0617942925399073E-12,4.6969022461451194E-12,1.0211149768505306E-11,4.2986157502898885E-12,
1.1710957851205619E-5,0.012105770071019026,8.720883611421434E-8,0.987882431762033,1.696508958635609E-14,5.711897472262852E-14,1.4895875599237466E-13,3.7887726350971874E-14,
3.053170386950692E-5,0.10994434168517726,2.6808247444138143E-7,0.8900248585282214,5.0041909410220315E-14,4.884723838475944E-14,1.36036330108568E-13,2.1737185394489102E-14,
7.356775767992642E-5,0.001025389394428119,2.1421790759766907E-7,0.9989008286286795,9.925765497941334E-14,1.1989618911831987E-13,8.62499479678795E-13,2.2352065852528456E-13,
6.274695547247311E-5,0.013227233121205531,1.5105194969479545E-7,0.9867098688707988,4.308887640628749E-14,7.912101818049762E-14,3.274239097769822E-13,1.2322975715952444E-13,
2.758471966094802E-5,0.00970326295542081,2.1327887885663859E-7,0.9902689388807704,6.365517599019658E-11,3.915795302832175E-11,4.612866179310771E-11,1.6325981686988168E-11,
8.370961287227315E-5,0.0909935933062282,1.0571695067901148E-7,0.9089225913632729,3.395963636118076E-14,1.3367798893828835E-13,4.753059490502364E-13,3.312114414714528E-14,
6.230209939615713E-5,0.08011634138732487,1.414772458304519E-7,0.9198212150336817,5.291654943766391E-13,5.18422375838399E-13,7.88256055548507E-13,5.160466169052047E-13,
1.9401824735943282E-5,0.08299650977294665,1.1561772090214568E-7,0.9169839727841322,6.8507069523064E-14,6.492384724790202E-14,2.2659640865200316E-13,1.040385704084542E-13,
2.4217260994573076E-5,0.0549272235962122,6.026215085822268E-8,0.945048498879089,9.057427225311553E-14,3.0826689265435135E-13,6.028156927306265E-13,5.516117489520357E-13,
8.032641363687328E-5,0.05749679859399429,3.407116856627336E-7,0.9424225342804904,3.033665804111749E-14,3.161145452796153E-14,1.1314854301492905E-13,1.679387098872547E-14,
2.5351502683321362E-5,0.005139185159440537,7.216647956602458E-8,0.9948353911713292,5.584504478227384E-15,5.133077293164244E-15,4.5741049485195416E-14,9.215517741425366E-15,
2.0043084524390174E-5,0.04655152251641937,1.0932870764448333E-7,0.9534283250340759,3.259457748750525E-12,9.157668634390732E-12,1.925539289899396E-11,4.600935546122085E-12,
2.5624547054103806E-5,0.005050014049590887,4.540635942137568E-8,0.9949243159958868,2.4501770806727793E-13,2.728204423314661E-13,2.5978061091279296E-13,3.305310306372006E-13,
6.910358623703415E-7,0.001877362461577301,1.285768731492547E-10,0.9981219463739831,2.5165420872469015E-19,1.7497896792147295E-19,5.562020956916736E-19,1.3131722713917437E-19,
2.0580345732919557E-5,0.010683321295372028,3.174108175228195E-8,0.9892960666141473,6.087631023292522E-13,7.423443964887971E-13,1.6033470746336207E-12,7.114051427401686E-13,
3.138121087095465E-5,0.06818530368657401,9.37148101655191E-8,0.9317832213877091,2.2933645629346042E-15,7.088121826863853E-15,2.1264650983972982E-14,5.361663864601752E-15,
1.0654189268090619E-5,0.03272650823371975,2.759182550838783E-8,0.9672628099836018,2.804809804309872E-13,1.7439100610769616E-13,8.724638220906392E-13,2.5730139431489627E-13,
1.8311567292227653E-5,0.04949318283486978,4.033751277482794E-8,0.9504884652555443,1.3415008029882313E-12,9.581289153998422E-13,1.1467824892696595E-12,1.3343221570936444E-12,
7.169225376337916E-5,0.008486998185511588,2.7791403448029855E-7,0.9914410316459414,5.320844580848283E-14,1.1781148092315408E-13,5.060689754255419E-13,7.286205056060766E-14,
3.150709130167563E-5,0.021583051442270622,4.231280448045072E-8,0.9783853991534538,2.813994848924795E-14,2.7855154343576388E-14,9.871695252432944E-14,1.544456157107094E-14,
3.9556198276085226E-5,0.09293002484641603,5.913781478892833E-8,0.9070303598173359,2.445433386622318E-14,1.6040555491220036E-14,1.0180810301562362E-13,1.609534443491827E-14,
2.4247677355790388E-5,0.08461812637689278,4.716056762948448E-8,0.9153575787849821,2.95213807109805E-14,5.015189178997331E-14,9.534703718901649E-14,2.540417569817786E-14,
1.3736335424844921E-5,0.015253585668550179,4.670489976094075E-8,0.9847326312871958,8.876050916206217E-13,4.64070458823364E-13,1.6504662584100467E-12,9.265878451000866E-13,
1.2342040180268887E-5,9.222718424769928E-4,4.01676331493542E-8,0.9990653459496466,1.0557281394028563E-14,1.2713864949615907E-14,3.556355035662327E-14,5.2553006457366674E-15,
1.4312180191736362E-5,0.08569318931474698,1.1262026570354806E-7,0.9142923858846516,3.0137650643152034E-14,1.56997981330745E-14,8.479351784530364E-14,1.4215987780272442E-14,
1.7723006343582563E-5,0.007313241541612152,2.0324211108376947E-8,0.9926690151277631,7.562595412986191E-15,8.718644938497274E-15,4.947763238758756E-14,3.765599794943523E-15,
1.3880135910176042E-5,0.02043407869621925,3.293075362249628E-8,0.979552008236451,1.4773239539484573E-13,1.1049860666471568E-13,2.685370431888592E-13,1.3969677169441546E-13,
1.3026722713950876E-5,0.033310477018094184,2.7274824413541626E-8,0.9666764689843389,2.2266178798969312E-15,3.4615584567343833E-15,1.6484288359957046E-14,6.9992458705827326E-15,
6.7057127620810275E-6,0.09526616338826627,4.483738094161828E-8,0.9047270860606295,2.3740368724855354E-13,1.6735943979801047E-13,3.180895151109765E-13,2.3848351539629554E-13,
5.0803855606493395E-6,0.030717317433419798,1.185929030876478E-8,0.9692775903210215,1.9100835531243629E-13,1.2513125123618203E-13,2.832970918353405E-13,1.0918233647512681E-13,
2.5998648637584342E-5,0.09070475810479528,4.3755936555796277E-8,0.9092691994905724,3.9181374450296334E-15,1.0661764006340261E-14,3.246949167316658E-14,1.1304088390081449E-14,
3.342564881557693E-6,0.013880773202609038,1.2407735978147726E-8,0.986115871792231,5.8469057050471775E-12,4.6055345100042404E-12,1.8900784861600917E-11,3.1902864234938375E-12,
1.1525468235916754E-5,0.06558869901517607,2.124823873546491E-8,0.9343997542683363,9.054412625184678E-16,1.2893185766261084E-15,9.406143007295318E-15,9.267566692628914E-16,
1.8377434108859947E-7,0.12063798458300133,1.3676377315807382E-11,0.8793618316289803,3.7229991988983466E-16,3.210257969815104E-16,9.8281239998164E-16,2.3407202479094906E-16,
8.406169967339847E-6,0.04974128951622397,3.623242642540937E-8,0.9502502680811661,2.9043128625661355E-14,5.4009972891401E-14,1.0265943360653883E-13,3.1231855108974044E-14,
3.7434343736667374E-6,0.02511728175213938,1.2683632323014282E-8,0.9748789621183807,1.1939980789349936E-12,2.948252394518823E-12,4.950264083963757E-12,2.3823121823492677E-12,
1.1194458428993029E-5,0.002946404300505898,1.118815839078938E-8,0.9970423900523219,3.901904630571898E-14,8.35632280621212E-14,3.828447504134588E-13,8.023479666453353E-14,
9.739950471559267E-7,0.003958790565393939,3.539398190953909E-9,0.996040231899797,4.221307232371642E-14,8.497423641909771E-14,1.818840796351781E-13,5.3771618453138314E-14,
3.854455095645958E-6,0.004973921798083275,5.343462334655097E-9,0.9950222184033544,1.4928325565797775E-16,2.0621108507962824E-16,2.9610777901092134E-15,2.1548435512155867E-16,
9.85494406200517E-7,0.0014919192723022968,1.7555225397661094E-9,0.9985070934776222,3.078497304384852E-14,1.3003594207099177E-14,7.908386459834472E-14,2.4428809156641967E-14,
2.3760373867548593E-6,0.0017152904684392145,5.5363136489340006E-9,0.9982823279578487,1.6034199683479106E-15,5.134062923742195E-16,6.865377800990791E-15,1.7571093044931496E-15,
1.4809608099714648E-6,0.0046453835806910355,1.9515608090506795E-9,0.9953531335069306,1.2104564111483344E-15,1.0866689555596623E-15,4.9202978411689005E-15,4.666823584523418E-16,
2.804527390210041E-6,0.003219250657029387,7.310253122552714E-9,0.996777937504865,7.482906288063914E-14,5.42506453542686E-14,2.6036814891174164E-13,7.163516733816041E-14,
1.0901735409153258E-5,0.13008920550401573,3.4267905748026633E-8,0.869899858492215,4.091887216620395E-14,3.948519710372121E-14,3.3874668547615127E-13,3.433597921562733E-14,
1.5156586031108957E-6,0.016493607627412324,4.052991706630379E-9,0.9835048726609594,2.916338298191057E-15,6.496622666735279E-15,2.3120739942956256E-14,1.5486482099843565E-15,
8.33553114441196E-7,0.005049584791453641,3.910201559778503E-9,0.9949495777451964,1.882267757033624E-15,6.2194050855161934E-15,1.9022641128215224E-14,5.6725929440866636E-15,
1.4465064942882767E-6,8.24192284885319E-4,1.2010598071912264E-10,0.9991743610885094,6.744239182735102E-16,1.8327225509625064E-15,8.428525172722984E-16,6.311495667896213E-16,
2.317185727020584E-6,0.06095646546687796,6.430152675551962E-9,0.9390412109104593,1.4389522080217095E-12,1.004328599259591E-12,3.2271695556948094E-12,1.1112703511500098E-12,
2.440806415508922E-6,0.051869108603253236,7.3947627870858485E-9,0.9481284431955609,1.9557157400702637E-16,4.1817101260458675E-16,5.914715663812822E-15,9.19147484739648E-16,
1.3945288553097836E-6,4.087402242954837E-5,1.655797911579408E-10,0.9999577312831172,4.357031323436012E-16,8.725861461083801E-16,1.3765233035926388E-14,1.7513191851254397E-15,
1.4237435729959448E-6,0.008558610083824138,2.48373063486356E-9,0.9914399636888677,4.3289778923241625E-16,6.570259962931928E-17,3.6459962772056854E-15,4.823616102024017E-16,
7.584279614036513E-6,6.601269589953372E-4,1.6437373905718748E-8,0.9993322723239827,3.657557203654377E-15,6.166663953769482E-15,2.0447035017804762E-14,3.5189375817669597E-15,
3.3268764032294777E-6,0.0014698495172543828,2.1716969924197584E-9,0.9985268214346369,2.3239598723016556E-16,1.926596885582043E-15,3.717835824729843E-15,2.2451026038505946E-15,
5.122043622495627E-6,0.004694857582984989,6.6345848825967126E-9,0.9953000137323887,8.079629538401887E-13,1.1822589570025084E-12,3.3306947144750134E-12,1.0982893126669347E-12,
3.3703333733763524E-6,0.012425573951228093,1.7320475595821128E-8,0.9875710383949036,1.882075000000754E-15,8.834188601062763E-16,1.453863478060771E-14,2.2362045197951177E-15,
5.849766370817603E-6,0.01931407316480982,1.3336775150414451E-8,0.9806800637320306,7.340341707442603E-16,7.487043381510795E-16,1.0278119024442501E-14,5.458354380912632E-16,
2.6125347101567107E-6,0.016737669546515056,7.278845589871798E-9,0.9832597106398733,1.1917488992955554E-15,5.019399402245677E-15,4.3422579512290086E-14,5.945453378098212E-15,
1.1156893167111419E-5,0.06071065502434155,4.0695068254883566E-8,0.9392781473873262,1.7769599999172752E-14,2.1495390164818993E-14,2.973212288652298E-14,2.8562734673154814E-14,
7.269033313798015E-6,0.043263212119360864,1.1752404265837096E-8,0.9567295070948688,5.33908475771781E-15,1.4968022205088107E-15,3.945920045898025E-14,5.822526002835607E-15,
7.78014122053895E-6,0.004646196884365652,1.892442439005909E-8,0.9953460040499227,7.203194838764162E-15,8.702103737295035E-15,4.4795414090762216E-14,6.06660156471617E-15,
1.0620579009162192E-5,0.007805536097389835,2.2271151488964052E-8,0.9921838210524027,9.901506496848424E-15,5.680601633505856E-15,2.5226534430130854E-14,6.279631946857919E-15,
1.4993251304707221E-5,0.03488858437189391,5.907033692079992E-8,0.9650963633064268,3.5120672537499414E-15,3.572093461744369E-15,2.731327091241606E-14,3.3929978847295967E-15,
8.151143128887513E-6,0.012131983541275027,3.108831130475022E-8,0.987859834226413,7.482007789893262E-14,9.92607403491843E-14,6.528062127321344E-13,4.53297855742561E-14,
3.890043083574008E-6,5.948802045297486E-4,6.252162953580258E-9,0.9994012234825391,1.9903230099591286E-12,1.1735249214400455E-12,1.3289867510398594E-11,1.231738755007966E-12,
4.992467667282064E-6,0.0010214295797737296,3.218538937942592E-9,0.9989735747339279,3.267802812439266E-15,9.800047259206227E-15,7.341955193787845E-14,4.938003276175132E-15,
7.559744979393932E-6,0.003487076271916234,8.0588244730603E-9,0.9965053559242243,5.482755882053597E-15,4.318967995109522E-15,3.835088675209552E-14,6.453618138884867E-15,
1.986350049905705E-6,0.01831305092867535,7.90136734333523E-9,0.9816849548198026,5.789302711138046E-15,2.036277011848706E-14,6.134944505812E-14,1.7655853816710225E-14,
6.499132326950098E-6,0.014984168888296104,1.258512307524991E-8,0.9850093193942381,2.314345402897606E-15,1.6398852085093818E-15,1.0371032800486446E-14,9.683412027332151E-16,
